EUROPEAN CLIMATE ASSESSMENT & DATASET (ECA&D), file created on 12-05-2021
THESE DATA CAN BE USED FREELY PROVIDED THAT THE FOLLOWING SOURCE IS ACKNOWLEDGED:

Klein Tank, A.M.G. and Coauthors, 2002. Daily dataset of 20th-century surface
air temperature and precipitation series for the European Climate Assessment.
Int. J. of Climatol., 22, 1441-1453.
Data and metadata available at http://www.ecad.eu

FILE FORMAT (MISSING VALUE CODE IS -9999):

01-06 SOUID: Source identifier
08-15 DATE : Date YYYYMMDD
17-21 TG   : mean temperature in 0.1 &#176;C
23-27 Q_TG : Quality code for TG (0='valid'; 1='suspect'; 9='missing')

This is the blended series of station ITALY, BUDRIO_DONDINA (STAID: 17546).
Blended and updated with sources: 194472 
See file sources.txt and stations.txt for more info.

 SOUID,    DATE,   TG, Q_TG
194472,20120401,-9999,    9
194472,20120402,-9999,    9
194472,20120403,-9999,    9
194472,20120404,-9999,    9
194472,20120405,-9999,    9
194472,20120406,-9999,    9
194472,20120407,-9999,    9
194472,20120408,-9999,    9
194472,20120409,-9999,    9
194472,20120410,-9999,    9
194472,20120411,-9999,    9
194472,20120412,-9999,    9
194472,20120413,-9999,    9
194472,20120414,-9999,    9
194472,20120415,-9999,    9
194472,20120416,-9999,    9
194472,20120417,-9999,    9
194472,20120418,-9999,    9
194472,20120419,-9999,    9
194472,20120420,-9999,    9
194472,20120421,-9999,    9
194472,20120422,-9999,    9
194472,20120423,-9999,    9
194472,20120424,-9999,    9
194472,20120425,-9999,    9
194472,20120426,-9999,    9
194472,20120427,-9999,    9
194472,20120428,-9999,    9
194472,20120429,-9999,    9
194472,20120430,  245,    0
194472,20120501,  237,    0
194472,20120502,  211,    0
194472,20120503,  170,    0
194472,20120504,  176,    0
194472,20120505,  171,    0
194472,20120506,  161,    0
194472,20120507,  162,    0
194472,20120508,  163,    0
194472,20120509,  181,    0
194472,20120510,  204,    0
194472,20120511,  220,    0
194472,20120512,  238,    0
194472,20120513,  131,    0
194472,20120514,  129,    0
194472,20120515,  149,    0
194472,20120516,  118,    0
194472,20120517,  138,    0
194472,20120518,  130,    0
194472,20120519,  148,    0
194472,20120520,  146,    0
194472,20120521,  141,    0
194472,20120522,  156,    0
194472,20120523,  189,    0
194472,20120524,  212,    0
194472,20120525,  193,    0
194472,20120526,  171,    0
194472,20120527,  177,    0
194472,20120528,  187,    0
194472,20120529,  208,    0
194472,20120530,  222,    0
194472,20120531,  202,    0
194472,20120601,  225,    0
194472,20120602,  224,    0
194472,20120603,  233,    0
194472,20120604,  188,    0
194472,20120605,  194,    0
194472,20120606,  206,    0
194472,20120607,  213,    0
194472,20120608,  222,    0
194472,20120609,  222,    0
194472,20120610,  206,    0
194472,20120611,  212,    0
194472,20120612,  208,    0
194472,20120613,  199,    0
194472,20120614,  189,    0
194472,20120615,  204,    0
194472,20120616,  217,    0
194472,20120617,  235,    0
194472,20120618,  248,    0
194472,20120619,  262,    0
194472,20120620,  272,    0
194472,20120621,  272,    0
194472,20120622,  266,    0
194472,20120623,  241,    0
194472,20120624,  252,    0
194472,20120625,  270,    0
194472,20120626,  241,    0
194472,20120627,  230,    0
194472,20120628,  246,    0
194472,20120629,  271,    0
194472,20120630,  272,    0
194472,20120701,  276,    0
194472,20120702,  287,    0
194472,20120703,  261,    0
194472,20120704,  258,    0
194472,20120705,  258,    0
194472,20120706,  237,    0
194472,20120707,  243,    0
194472,20120708,  261,    0
194472,20120709,  253,    0
194472,20120710,  270,    0
194472,20120711,  266,    0
194472,20120712,  243,    0
194472,20120713,  247,    0
194472,20120714,  271,    0
194472,20120715,  254,    0
194472,20120716,  217,    0
194472,20120717,  218,    0
194472,20120718,  237,    0
194472,20120719,  251,    0
194472,20120720,  270,    0
194472,20120721,  233,    0
194472,20120722,  226,    0
194472,20120723,  217,    0
194472,20120724,  223,    0
194472,20120725,  243,    0
194472,20120726,  252,    0
194472,20120727,  267,    0
194472,20120728,  287,    0
194472,20120729,  264,    0
194472,20120730,  235,    0
194472,20120731,  248,    0
194472,20120801,  247,    0
194472,20120802,  248,    0
194472,20120803,  263,    0
194472,20120804,  262,    0
194472,20120805,  265,    0
194472,20120806,  278,    0
194472,20120807,  256,    0
194472,20120808,  243,    0
194472,20120809,  249,    0
194472,20120810,  233,    0
194472,20120811,  240,    0
194472,20120812,  231,    0
194472,20120813,  235,    0
194472,20120814,  252,    0
194472,20120815,  264,    0
194472,20120816,  271,    0
194472,20120817,  259,    0
194472,20120818,  254,    0
194472,20120819,  249,    0
194472,20120820,  260,    0
194472,20120821,  269,    0
194472,20120822,  270,    0
194472,20120823,  278,    0
194472,20120824,  287,    0
194472,20120825,  290,    0
194472,20120826,  257,    0
194472,20120827,  208,    0
194472,20120828,  208,    0
194472,20120829,  232,    0
194472,20120830,  250,    0
194472,20120831,  225,    0
194472,20120901,  178,    0
194472,20120902,  194,    0
194472,20120903,  187,    0
194472,20120904,  192,    0
194472,20120905,  205,    0
194472,20120906,  217,    0
194472,20120907,  207,    0
194472,20120908,  204,    0
194472,20120909,  213,    0
194472,20120910,  220,    0
194472,20120911,  233,    0
194472,20120912,  228,    0
194472,20120913,  162,    0
194472,20120914,  183,    0
194472,20120915,  175,    0
194472,20120916,  179,    0
194472,20120917,  189,    0
194472,20120918,  192,    0
194472,20120919,  184,    0
194472,20120920,  155,    0
194472,20120921,  142,    0
194472,20120922,  176,    0
194472,20120923,  207,    0
194472,20120924,  213,    0
194472,20120925,  206,    0
194472,20120926,  241,    0
194472,20120927,  228,    0
194472,20120928,  193,    0
194472,20120929,  187,    0
194472,20120930,  190,    0
194472,20121001,  184,    0
194472,20121002,  189,    0
194472,20121003,  188,    0
194472,20121004,  190,    0
194472,20121005,  188,    0
194472,20121006,  189,    0
194472,20121007,  200,    0
194472,20121008,  176,    0
194472,20121009,  161,    0
194472,20121010,  174,    0
194472,20121011,  168,    0
194472,20121012,  149,    0
194472,20121013,  158,    0
194472,20121014,  151,    0
194472,20121015,  158,    0
194472,20121016,  130,    0
194472,20121017,  141,    0
194472,20121018,  154,    0
194472,20121019,  149,    0
194472,20121020,  138,    0
194472,20121021,  146,    0
194472,20121022,  147,    0
194472,20121023,  134,    0
194472,20121024,  126,    0
194472,20121025,  124,    0
194472,20121026,  124,    0
194472,20121027,  137,    0
194472,20121028,   91,    0
194472,20121029,   65,    0
194472,20121030,   61,    0
194472,20121031,   91,    0
194472,20121101,  102,    0
194472,20121102,   90,    0
194472,20121103,  111,    0
194472,20121104,  122,    0
194472,20121105,  153,    0
194472,20121106,  119,    0
194472,20121107,   89,    0
194472,20121108,   72,    0
194472,20121109,   89,    0
194472,20121110,  104,    0
194472,20121111,  127,    0
194472,20121112,  111,    0
194472,20121113,  121,    0
194472,20121114,  111,    0
194472,20121115,   80,    0
194472,20121116,   79,    0
194472,20121117,   89,    0
194472,20121118,   88,    0
194472,20121119,   90,    0
194472,20121120,  103,    0
194472,20121121,   80,    0
194472,20121122,   85,    0
194472,20121123,   97,    0
194472,20121124,   90,    0
194472,20121125,  100,    0
194472,20121126,  107,    0
194472,20121127,  116,    0
194472,20121128,  110,    0
194472,20121129,   94,    0
194472,20121130,   80,    0
194472,20121201,   63,    0
194472,20121202,   59,    0
194472,20121203,   41,    0
194472,20121204,   11,    0
194472,20121205,   13,    0
194472,20121206,    9,    0
194472,20121207,    1,    0
194472,20121208,   -3,    0
194472,20121209,   -9,    0
194472,20121210,  -11,    0
194472,20121211,   17,    0
194472,20121212,   -7,    0
194472,20121213,  -15,    0
194472,20121214,   -2,    0
194472,20121215,   12,    0
194472,20121216,   10,    0
194472,20121217,   19,    0
194472,20121218,   21,    0
194472,20121219,   -3,    0
194472,20121220,   -1,    0
194472,20121221,    5,    0
194472,20121222,   20,    0
194472,20121223,    5,    0
194472,20121224,   20,    0
194472,20121225,   37,    0
194472,20121226,   51,    0
194472,20121227,   45,    0
194472,20121228,   54,    0
194472,20121229,   22,    0
194472,20121230,   14,    0
194472,20121231,    6,    0
194472,20130101,   10,    0
194472,20130102,   32,    0
194472,20130103,   55,    0
194472,20130104,   32,    0
194472,20130105,   42,    0
194472,20130106,   26,    0
194472,20130107,   24,    0
194472,20130108,   45,    0
194472,20130109,   50,    0
194472,20130110,   41,    0
194472,20130111,   31,    0
194472,20130112,   37,    0
194472,20130113,   33,    0
194472,20130114,   20,    0
194472,20130115,   14,    0
194472,20130116,   15,    0
194472,20130117,    8,    0
194472,20130118,   19,    0
194472,20130119,    3,    0
194472,20130120,   20,    0
194472,20130121,   27,    0
194472,20130122,   22,    0
194472,20130123,   21,    0
194472,20130124,   49,    0
194472,20130125,   40,    0
194472,20130126,   15,    0
194472,20130127,    4,    0
194472,20130128,   11,    0
194472,20130129,   15,    0
194472,20130130,   15,    0
194472,20130131,   28,    0
194472,20130201,   16,    0
194472,20130202,   29,    0
194472,20130203,   42,    0
194472,20130204,   49,    0
194472,20130205,   29,    0
194472,20130206,   40,    0
194472,20130207,   33,    0
194472,20130208,   21,    0
194472,20130209,   15,    0
194472,20130210,    4,    0
194472,20130211,    0,    0
194472,20130212,   15,    0
194472,20130213,   17,    0
194472,20130214,   30,    0
194472,20130215,   21,    0
194472,20130216,   32,    0
194472,20130217,   38,    0
194472,20130218,   31,    0
194472,20130219,   24,    0
194472,20130220,   21,    0
194472,20130221,   18,    0
194472,20130222,   -1,    0
194472,20130223,    2,    0
194472,20130224,   19,    0
194472,20130225,   10,    0
194472,20130226,   30,    0
194472,20130227,   30,    0
194472,20130228,   50,    0
194472,20130301,   48,    0
194472,20130302,   44,    0
194472,20130303,   49,    0
194472,20130304,   52,    0
194472,20130305,   45,    0
194472,20130306,   77,    0
194472,20130307,   90,    0
194472,20130308,   98,    0
194472,20130309,  117,    0
194472,20130310,  108,    0
194472,20130311,   90,    0
194472,20130312,   89,    0
194472,20130313,   89,    0
194472,20130314,   65,    0
194472,20130315,   35,    0
194472,20130316,   30,    0
194472,20130317,   54,    0
194472,20130318,   38,    0
194472,20130319,   74,    0
194472,20130320,   76,    0
194472,20130321,   93,    0
194472,20130322,   90,    0
194472,20130323,   96,    0
194472,20130324,   76,    0
194472,20130325,   31,    0
194472,20130326,   39,    0
194472,20130327,   57,    0
194472,20130328,   62,    0
194472,20130329,   75,    0
194472,20130330,   83,    0
194472,20130331,   98,    0
194472,20130401,   91,    0
194472,20130402,   79,    0
194472,20130403,   81,    0
194472,20130404,   83,    0
194472,20130405,   87,    0
194472,20130406,   92,    0
194472,20130407,   99,    0
194472,20130408,   86,    0
194472,20130409,   95,    0
194472,20130410,  108,    0
194472,20130411,  119,    0
194472,20130412,  158,    0
194472,20130413,  145,    0
194472,20130414,  139,    0
194472,20130415,  145,    0
194472,20130416,  144,    0
194472,20130417,  152,    0
194472,20130418,  168,    0
194472,20130419,  171,    0
194472,20130420,  154,    0
194472,20130421,  140,    0
194472,20130422,  118,    0
194472,20130423,  121,    0
194472,20130424,  133,    0
194472,20130425,  153,    0
194472,20130426,  160,    0
194472,20130427,  157,    0
194472,20130428,  174,    0
194472,20130429,  166,    0
194472,20130430,  168,    0
194472,20130501,  186,    0
194472,20130502,  170,    0
194472,20130503,  176,    0
194472,20130504,  182,    0
194472,20130505,  165,    0
194472,20130506,  169,    0
194472,20130507,  171,    0
194472,20130508,  174,    0
194472,20130509,  190,    0
194472,20130510,  178,    0
194472,20130511,  176,    0
194472,20130512,  160,    0
194472,20130513,  150,    0
194472,20130514,  158,    0
194472,20130515,  171,    0
194472,20130516,  165,    0
194472,20130517,  164,    0
194472,20130518,  166,    0
194472,20130519,  162,    0
194472,20130520,  149,    0
194472,20130521,  151,    0
194472,20130522,  160,    0
194472,20130523,  169,    0
194472,20130524,  110,    0
194472,20130525,   94,    0
194472,20130526,  143,    0
194472,20130527,  159,    0
194472,20130528,  159,    0
194472,20130529,  165,    0
194472,20130530,  135,    0
194472,20130531,  156,    0
194472,20130601,  172,    0
194472,20130602,  187,    0
194472,20130603,  168,    0
194472,20130604,  181,    0
194472,20130605,  189,    0
194472,20130606,  185,    0
194472,20130607,  199,    0
194472,20130608,  206,    0
194472,20130609,  183,    0
194472,20130610,  182,    0
194472,20130611,  203,    0
194472,20130612,  205,    0
194472,20130613,  209,    0
194472,20130614,  217,    0
194472,20130615,  244,    0
194472,20130616,  253,    0
194472,20130617,  259,    0
194472,20130618,  268,    0
194472,20130619,  263,    0
194472,20130620,  269,    0
194472,20130621,  250,    0
194472,20130622,  234,    0
194472,20130623,  241,    0
194472,20130624,  199,    0
194472,20130625,  204,    0
194472,20130626,  176,    0
194472,20130627,  180,    0
194472,20130628,  151,    0
194472,20130629,  180,    0
194472,20130630,  206,    0
194472,20130701,  211,    0
194472,20130702,  222,    0
194472,20130703,  237,    0
194472,20130704,  237,    0
194472,20130705,  251,    0
194472,20130706,  254,    0
194472,20130707,  241,    0
194472,20130708,  241,    0
194472,20130709,  246,    0
194472,20130710,  250,    0
194472,20130711,  250,    0
194472,20130712,  241,    0
194472,20130713,  230,    0
194472,20130714,  230,    0
194472,20130715,  240,    0
194472,20130716,  238,    0
194472,20130717,  231,    0
194472,20130718,  234,    0
194472,20130719,  248,    0
194472,20130720,  252,    0
194472,20130721,  246,    0
194472,20130722,  253,    0
194472,20130723,  262,    0
194472,20130724,  266,    0
194472,20130725,  269,    0
194472,20130726,  279,    0
194472,20130727,  288,    0
194472,20130728,  308,    0
194472,20130729,  249,    0
194472,20130730,  241,    0
194472,20130731,  244,    0
194472,20130801,  256,    0
194472,20130802,  274,    0
194472,20130803,  290,    0
194472,20130804,  301,    0
194472,20130805,  293,    0
194472,20130806,  288,    0
194472,20130807,  294,    0
194472,20130808,  275,    0
194472,20130809,  262,    0
194472,20130810,  248,    0
194472,20130811,  242,    0
194472,20130812,  251,    0
194472,20130813,  273,    0
194472,20130814,  213,    0
194472,20130815,  219,    0
194472,20130816,  226,    0
194472,20130817,  241,    0
194472,20130818,  251,    0
194472,20130819,  264,    0
194472,20130820,  195,    0
194472,20130821,  209,    0
194472,20130822,  218,    0
194472,20130823,  233,    0
194472,20130824,  242,    0
194472,20130825,  222,    0
194472,20130826,  211,    0
194472,20130827,  201,    0
194472,20130828,  208,    0
194472,20130829,  202,    0
194472,20130830,  199,    0
194472,20130831,  205,    0
194472,20130901,  211,    0
194472,20130902,  216,    0
194472,20130903,  232,    0
194472,20130904,  224,    0
194472,20130905,  230,    0
194472,20130906,  233,    0
194472,20130907,  238,    0
194472,20130908,  244,    0
194472,20130909,  249,    0
194472,20130910,  216,    0
194472,20130911,  183,    0
194472,20130912,  171,    0
194472,20130913,  187,    0
194472,20130914,  196,    0
194472,20130915,  190,    0
194472,20130916,  198,    0
194472,20130917,  175,    0
194472,20130918,  160,    0
194472,20130919,  182,    0
194472,20130920,  185,    0
194472,20130921,  184,    0
194472,20130922,  178,    0
194472,20130923,  184,    0
194472,20130924,  206,    0
194472,20130925,  208,    0
194472,20130926,  211,    0
194472,20130927,  217,    0
194472,20130928,  224,    0
194472,20130929,  176,    0
194472,20130930,  142,    0
194472,20131001,  165,    0
194472,20131002,  159,    0
194472,20131003,  128,    0
194472,20131004,  137,    0
194472,20131005,  112,    0
194472,20131006,  132,    0
194472,20131007,  148,    0
194472,20131008,  135,    0
194472,20131009,  150,    0
194472,20131010,  169,    0
194472,20131011,  125,    0
194472,20131012,  139,    0
194472,20131013,  127,    0
194472,20131014,  125,    0
194472,20131015,  137,    0
194472,20131016,  148,    0
194472,20131017,  126,    0
194472,20131018,  127,    0
194472,20131019,  149,    0
194472,20131020,  161,    0
194472,20131021,  156,    0
194472,20131022,  153,    0
194472,20131023,  182,    0
194472,20131024,  177,    0
194472,20131025,  168,    0
194472,20131026,  171,    0
194472,20131027,  174,    0
194472,20131028,  171,    0
194472,20131029,  196,    0
194472,20131030,  164,    0
194472,20131031,  144,    0
194472,20131101,  121,    0
194472,20131102,  128,    0
194472,20131103,  153,    0
194472,20131104,  137,    0
194472,20131105,  121,    0
194472,20131106,  118,    0
194472,20131107,  118,    0
194472,20131108,  146,    0
194472,20131109,  132,    0
194472,20131110,  126,    0
194472,20131111,  118,    0
194472,20131112,  111,    0
194472,20131113,  124,    0
194472,20131114,  111,    0
194472,20131115,  104,    0
194472,20131116,  103,    0
194472,20131117,  100,    0
194472,20131118,  104,    0
194472,20131119,  117,    0
194472,20131120,  103,    0
194472,20131121,   80,    0
194472,20131122,   69,    0
194472,20131123,   63,    0
194472,20131124,   78,    0
194472,20131125,   58,    0
194472,20131126,   22,    0
194472,20131127,   24,    0
194472,20131128,   26,    0
194472,20131129,    5,    0
194472,20131130,   22,    0
194472,20131201,   54,    0
194472,20131202,   59,    0
194472,20131203,   33,    0
194472,20131204,   22,    0
194472,20131205,    9,    0
194472,20131206,   27,    0
194472,20131207,   13,    0
194472,20131208,   10,    0
194472,20131209,    7,    0
194472,20131210,    6,    0
194472,20131211,   11,    0
194472,20131212,   14,    0
194472,20131213,   16,    0
194472,20131214,   24,    0
194472,20131215,   22,    0
194472,20131216,   19,    0
194472,20131217,   15,    0
194472,20131218,   -1,    0
194472,20131219,    0,    0
194472,20131220,   47,    0
194472,20131221,   61,    0
194472,20131222,   59,    0
194472,20131223,   68,    0
194472,20131224,   44,    0
194472,20131225,  114,    0
194472,20131226,  106,    0
194472,20131227,   79,    0
194472,20131228,   55,    0
194472,20131229,   80,    0
194472,20131230,   69,    0
194472,20131231,   37,    0
194472,20140101,   21,    0
194472,20140102,   32,    0
194472,20140103,   50,    0
194472,20140104,   62,    0
194472,20140105,   67,    0
194472,20140106,   79,    0
194472,20140107,   53,    0
194472,20140108,   54,    0
194472,20140109,   46,    0
194472,20140110,   57,    0
194472,20140111,   82,    0
194472,20140112,   77,    0
194472,20140113,   73,    0
194472,20140114,   70,    0
194472,20140115,   35,    0
194472,20140116,   42,    0
194472,20140117,   70,    0
194472,20140118,   56,    0
194472,20140119,   66,    0
194472,20140120,   80,    0
194472,20140121,   88,    0
194472,20140122,   68,    0
194472,20140123,   68,    0
194472,20140124,   63,    0
194472,20140125,   41,    0
194472,20140126,   24,    0
194472,20140127,   34,    0
194472,20140128,   14,    0
194472,20140129,   30,    0
194472,20140130,   44,    0
194472,20140131,   45,    0
194472,20140201,   71,    0
194472,20140202,   71,    0
194472,20140203,   74,    0
194472,20140204,   60,    0
194472,20140205,   72,    0
194472,20140206,   69,    0
194472,20140207,   82,    0
194472,20140208,   86,    0
194472,20140209,   83,    0
194472,20140210,   73,    0
194472,20140211,   72,    0
194472,20140212,   75,    0
194472,20140213,   71,    0
194472,20140214,   78,    0
194472,20140215,   75,    0
194472,20140216,   74,    0
194472,20140217,   85,    0
194472,20140218,   88,    0
194472,20140219,   91,    0
194472,20140220,   84,    0
194472,20140221,  102,    0
194472,20140222,   77,    0
194472,20140223,   61,    0
194472,20140224,   63,    0
194472,20140225,   69,    0
194472,20140226,   82,    0
194472,20140227,   65,    0
194472,20140228,   74,    0
194472,20140301,   77,    0
194472,20140302,   73,    0
194472,20140303,   89,    0
194472,20140304,   78,    0
194472,20140305,   99,    0
194472,20140306,   98,    0
194472,20140307,   97,    0
194472,20140308,   87,    0
194472,20140309,   89,    0
194472,20140310,   83,    0
194472,20140311,   78,    0
194472,20140312,   92,    0
194472,20140313,   94,    0
194472,20140314,   97,    0
194472,20140315,  107,    0
194472,20140316,  106,    0
194472,20140317,  107,    0
194472,20140318,  109,    0
194472,20140319,  128,    0
194472,20140320,  122,    0
194472,20140321,  123,    0
194472,20140322,  143,    0
194472,20140323,  126,    0
194472,20140324,   72,    0
194472,20140325,   64,    0
194472,20140326,   82,    0
194472,20140327,  111,    0
194472,20140328,  120,    0
194472,20140329,  115,    0
194472,20140330,  123,    0
194472,20140331,  142,    0
194472,20140401,  142,    0
194472,20140402,  132,    0
194472,20140403,  135,    0
194472,20140404,  130,    0
194472,20140405,  131,    0
194472,20140406,  155,    0
194472,20140407,  157,    0
194472,20140408,  169,    0
194472,20140409,  139,    0
194472,20140410,  135,    0
194472,20140411,  133,    0
194472,20140412,  138,    0
194472,20140413,  123,    0
194472,20140414,  157,    0
194472,20140415,  127,    0
194472,20140416,  108,    0
194472,20140417,  105,    0
194472,20140418,  132,    0
194472,20140419,  121,    0
194472,20140420,  140,    0
194472,20140421,  142,    0
194472,20140422,  139,    0
194472,20140423,  155,    0
194472,20140424,  172,    0
194472,20140425,  167,    0
194472,20140426,  174,    0
194472,20140427,  146,    0
194472,20140428,  122,    0
194472,20140429,  141,    0
194472,20140430,  145,    0
194472,20140501,  161,    0
194472,20140502,  133,    0
194472,20140503,  145,    0
194472,20140504,  142,    0
194472,20140505,  128,    0
194472,20140506,  152,    0
194472,20140507,  163,    0
194472,20140508,  161,    0
194472,20140509,  175,    0
194472,20140510,  203,    0
194472,20140511,  201,    0
194472,20140512,  165,    0
194472,20140513,  127,    0
194472,20140514,  158,    0
194472,20140515,  155,    0
194472,20140516,  173,    0
194472,20140517,  158,    0
194472,20140518,  180,    0
194472,20140519,  166,    0
194472,20140520,  181,    0
194472,20140521,  191,    0
194472,20140522,  206,    0
194472,20140523,  207,    0
194472,20140524,  187,    0
194472,20140525,  186,    0
194472,20140526,  177,    0
194472,20140527,  176,    0
194472,20140528,  177,    0
194472,20140529,  184,    0
194472,20140530,  176,    0
194472,20140531,  164,    0
194472,20140601,  169,    0
194472,20140602,  172,    0
194472,20140603,  185,    0
194472,20140604,  187,    0
194472,20140605,  204,    0
194472,20140606,  210,    0
194472,20140607,  230,    0
194472,20140608,  243,    0
194472,20140609,  237,    0
194472,20140610,  243,    0
194472,20140611,  260,    0
194472,20140612,  262,    0
194472,20140613,  257,    0
194472,20140614,  220,    0
194472,20140615,  194,    0
194472,20140616,  177,    0
194472,20140617,  183,    0
194472,20140618,  185,    0
194472,20140619,  208,    0
194472,20140620,  231,    0
194472,20140621,  221,    0
194472,20140622,  236,    0
194472,20140623,  249,    0
194472,20140624,  238,    0
194472,20140625,  207,    0
194472,20140626,  194,    0
194472,20140627,  217,    0
194472,20140628,  232,    0
194472,20140629,  221,    0
194472,20140630,  211,    0
194472,20140701,  209,    0
194472,20140702,  215,    0
194472,20140703,  219,    0
194472,20140704,  214,    0
194472,20140705,  234,    0
194472,20140706,  250,    0
194472,20140707,  254,    0
194472,20140708,  215,    0
194472,20140709,  197,    0
194472,20140710,  170,    0
194472,20140711,  205,    0
194472,20140712,  213,    0
194472,20140713,  214,    0
194472,20140714,  204,    0
194472,20140715,  228,    0
194472,20140716,  248,    0
194472,20140717,  260,    0
194472,20140718,  258,    0
194472,20140719,  261,    0
194472,20140720,  268,    0
194472,20140721,  214,    0
194472,20140722,  225,    0
194472,20140723,  244,    0
194472,20140724,  211,    0
194472,20140725,  232,    0
194472,20140726,  202,    0
194472,20140727,  216,    0
194472,20140728,  245,    0
194472,20140729,  227,    0
194472,20140730,  191,    0
194472,20140731,  222,    0
194472,20140801,  234,    0
194472,20140802,  246,    0
194472,20140803,  229,    0
194472,20140804,  236,    0
194472,20140805,  227,    0
194472,20140806,  236,    0
194472,20140807,  240,    0
194472,20140808,  245,    0
194472,20140809,  260,    0
194472,20140810,  264,    0
194472,20140811,  271,    0
194472,20140812,  276,    0
194472,20140813,  255,    0
194472,20140814,-9999,    9
194472,20140815,-9999,    9
194472,20140816,-9999,    9
194472,20140817,-9999,    9
194472,20140818,-9999,    9
194472,20140819,-9999,    9
194472,20140820,-9999,    9
194472,20140821,-9999,    9
194472,20140822,-9999,    9
194472,20140823,-9999,    9
194472,20140824,-9999,    9
194472,20140825,-9999,    9
194472,20140826,-9999,    9
194472,20140827,-9999,    9
194472,20140828,-9999,    9
194472,20140829,-9999,    9
194472,20140830,-9999,    9
194472,20140831,-9999,    9
194472,20140901,-9999,    9
194472,20140902,-9999,    9
194472,20140903,-9999,    9
194472,20140904,  206,    0
194472,20140905,  205,    0
194472,20140906,  214,    0
194472,20140907,  212,    0
194472,20140908,  219,    0
194472,20140909,  228,    0
194472,20140910,  201,    0
194472,20140911,  183,    0
194472,20140912,  165,    0
194472,20140913,  172,    0
194472,20140914,  189,    0
194472,20140915,  189,    0
194472,20140916,  190,    0
194472,20140917,  185,    0
194472,20140918,  176,    0
194472,20140919,  189,    0
194472,20140920,  195,    0
194472,20140921,  203,    0
194472,20140922,  201,    0
194472,20140923,  155,    0
194472,20140924,  144,    0
194472,20140925,  159,    0
194472,20140926,  162,    0
194472,20140927,  172,    0
194472,20140928,  175,    0
194472,20140929,  175,    0
194472,20140930,  185,    0
194472,20141001,  181,    0
194472,20141002,  175,    0
194472,20141003,  163,    0
194472,20141004,  158,    0
194472,20141005,  153,    0
194472,20141006,  147,    0
194472,20141007,  166,    0
194472,20141008,  194,    0
194472,20141009,  172,    0
194472,20141010,  198,    0
194472,20141011,  201,    0
194472,20141012,  186,    0
194472,20141013,  203,    0
194472,20141014,  173,    0
194472,20141015,  178,    0
194472,20141016,  186,    0
194472,20141017,  199,    0
194472,20141018,  198,    0
194472,20141019,  188,    0
194472,20141020,  188,    0
194472,20141021,  196,    0
194472,20141022,  154,    0
194472,20141023,  137,    0
194472,20141024,  158,    0
194472,20141025,  110,    0
194472,20141026,  110,    0
194472,20141027,  106,    0
194472,20141028,   95,    0
194472,20141029,   82,    0
194472,20141030,   85,    0
194472,20141031,   88,    0
194472,20141101,  101,    0
194472,20141102,  110,    0
194472,20141103,  117,    0
194472,20141104,  160,    0
194472,20141105,  165,    0
194472,20141106,  143,    0
194472,20141107,  130,    0
194472,20141108,  136,    0
194472,20141109,  139,    0
194472,20141110,  136,    0
194472,20141111,  139,    0
194472,20141112,  139,    0
194472,20141113,  140,    0
194472,20141114,  127,    0
194472,20141115,  125,    0
194472,20141116,  134,    0
194472,20141117,   97,    0
194472,20141118,   96,    0
194472,20141119,   91,    0
194472,20141120,   61,    0
194472,20141121,   63,    0
194472,20141122,  100,    0
194472,20141123,  105,    0
194472,20141124,   92,    0
194472,20141125,   89,    0
194472,20141126,   81,    0
194472,20141127,   74,    0
194472,20141128,   86,    0
194472,20141129,  113,    0
194472,20141130,  118,    0
194472,20141201,  124,    0
194472,20141202,  102,    0
194472,20141203,   80,    0
194472,20141204,   90,    0
194472,20141205,   91,    0
194472,20141206,  101,    0
194472,20141207,   89,    0
194472,20141208,   74,    0
194472,20141209,   67,    0
194472,20141210,   48,    0
194472,20141211,   30,    0
194472,20141212,   29,    0
194472,20141213,   45,    0
194472,20141214,   63,    0
194472,20141215,   72,    0
194472,20141216,   77,    0
194472,20141217,   91,    0
194472,20141218,   67,    0
194472,20141219,   50,    0
194472,20141220,   51,    0
194472,20141221,   57,    0
194472,20141222,   39,    0
194472,20141223,   25,    0
194472,20141224,   27,    0
194472,20141225,   53,    0
194472,20141226,   39,    0
194472,20141227,    0,    0
194472,20141228,   13,    0
194472,20141229,   12,    0
194472,20141230,   -7,    0
194472,20141231,  -10,    0
194472,20150101,   -2,    0
194472,20150102,   21,    0
194472,20150103,   19,    0
194472,20150104,   39,    0
194472,20150105,   39,    0
194472,20150106,   17,    0
194472,20150107,   30,    0
194472,20150108,   43,    0
194472,20150109,   19,    0
194472,20150110,   20,    0
194472,20150111,   24,    0
194472,20150112,   49,    0
194472,20150113,   23,    0
194472,20150114,   32,    0
194472,20150115,   18,    0
194472,20150116,   66,    0
194472,20150117,  121,    0
194472,20150118,   43,    0
194472,20150119,   28,    0
194472,20150120,   40,    0
194472,20150121,   56,    0
194472,20150122,   55,    0
194472,20150123,   63,    0
194472,20150124,   66,    0
194472,20150125,   54,    0
194472,20150126,   36,    0
194472,20150127,    9,    0
194472,20150128,    9,    0
194472,20150129,   10,    0
194472,20150130,   18,    0
194472,20150131,   14,    0
194472,20150201,   27,    0
194472,20150202,   10,    0
194472,20150203,   28,    0
194472,20150204,   50,    0
194472,20150205,   42,    0
194472,20150206,   31,    0
194472,20150207,   16,    0
194472,20150208,   18,    0
194472,20150209,   12,    0
194472,20150210,   19,    0
194472,20150211,   23,    0
194472,20150212,   34,    0
194472,20150213,   45,    0
194472,20150214,   61,    0
194472,20150215,   57,    0
194472,20150216,   69,    0
194472,20150217,   69,    0
194472,20150218,   36,    0
194472,20150219,   32,    0
194472,20150220,   32,    0
194472,20150221,   71,    0
194472,20150222,   71,    0
194472,20150223,   86,    0
194472,20150224,   65,    0
194472,20150225,   72,    0
194472,20150226,   75,    0
194472,20150227,   80,    0
194472,20150228,   65,    0
194472,20150301,   71,    0
194472,20150302,   86,    0
194472,20150303,   60,    0
194472,20150304,   81,    0
194472,20150305,   74,    0
194472,20150306,   52,    0
194472,20150307,   51,    0
194472,20150308,   54,    0
194472,20150309,   46,    0
194472,20150310,   67,    0
194472,20150311,   87,    0
194472,20150312,   70,    0
194472,20150313,   61,    0
194472,20150314,   67,    0
194472,20150315,   90,    0
194472,20150316,   92,    0
194472,20150317,   97,    0
194472,20150318,   92,    0
194472,20150319,   83,    0
194472,20150320,   79,    0
194472,20150321,   97,    0
194472,20150322,  104,    0
194472,20150323,  105,    0
194472,20150324,  104,    0
194472,20150325,  112,    0
194472,20150326,  114,    0
194472,20150327,  106,    0
194472,20150328,   96,    0
194472,20150329,  114,    0
194472,20150330,  139,    0
194472,20150331,  141,    0
194472,20150401,  131,    0
194472,20150402,  116,    0
194472,20150403,  106,    0
194472,20150404,   75,    0
194472,20150405,   85,    0
194472,20150406,   71,    0
194472,20150407,   69,    0
194472,20150408,   93,    0
194472,20150409,   98,    0
194472,20150410,  111,    0
194472,20150411,  112,    0
194472,20150412,  102,    0
194472,20150413,  150,    0
194472,20150414,  133,    0
194472,20150415,  136,    0
194472,20150416,  178,    0
194472,20150417,  169,    0
194472,20150418,  103,    0
194472,20150419,   85,    0
194472,20150420,  111,    0
194472,20150421,  118,    0
194472,20150422,  112,    0
194472,20150423,  155,    0
194472,20150424,  141,    0
194472,20150425,  135,    0
194472,20150426,  150,    0
194472,20150427,  143,    0
194472,20150428,  141,    0
194472,20150429,  144,    0
194472,20150430,  161,    0
194472,20150501,  177,    0
194472,20150502,  146,    0
194472,20150503,  178,    0
194472,20150504,  178,    0
194472,20150505,  163,    0
194472,20150506,  160,    0
194472,20150507,  202,    0
194472,20150508,  179,    0
194472,20150509,  191,    0
194472,20150510,  160,    0
194472,20150511,  158,    0
194472,20150512,  191,    0
194472,20150513,  165,    0
194472,20150514,  211,    0
194472,20150515,  189,    0
194472,20150516,  147,    0
194472,20150517,  206,    0
194472,20150518,  180,    0
194472,20150519,  193,    0
194472,20150520,  182,    0
194472,20150521,  129,    0
194472,20150522,  132,    0
194472,20150523,  136,    0
194472,20150524,  137,    0
194472,20150525,  134,    0
194472,20150526,  143,    0
194472,20150527,  135,    0
194472,20150528,  137,    0
194472,20150529,  136,    0
194472,20150530,  156,    0
194472,20150531,  164,    0
194472,20150601,  184,    0
194472,20150602,  208,    0
194472,20150603,  232,    0
194472,20150604,  212,    0
194472,20150605,  221,    0
194472,20150606,  243,    0
194472,20150607,  216,    0
194472,20150608,  209,    0
194472,20150609,  203,    0
194472,20150610,  195,    0
194472,20150611,  205,    0
194472,20150612,  239,    0
194472,20150613,  250,    0
194472,20150614,  195,    0
194472,20150615,  189,    0
194472,20150616,  204,    0
194472,20150617,  172,    0
194472,20150618,  182,    0
194472,20150619,  214,    0
194472,20150620,  168,    0
194472,20150621,  178,    0
194472,20150622,  164,    0
194472,20150623,  228,    0
194472,20150624,  179,    0
194472,20150625,  165,    0
194472,20150626,  190,    0
194472,20150627,  195,    0
194472,20150628,  222,    0
194472,20150629,  189,    0
194472,20150630,  247,    0
194472,20150701,  238,    0
194472,20150702,  263,    0
194472,20150703,  250,    0
194472,20150704,  225,    0
194472,20150705,  253,    0
194472,20150706,  270,    0
194472,20150707,  277,    0
194472,20150708,  276,    0
194472,20150709,  249,    0
194472,20150710,  207,    0
194472,20150711,  240,    0
194472,20150712,  225,    0
194472,20150713,  261,    0
194472,20150714,  247,    0
194472,20150715,  269,    0
194472,20150716,  253,    0
194472,20150717,  256,    0
194472,20150718,  277,    0
194472,20150719,  295,    0
194472,20150720,  277,    0
194472,20150721,  269,    0
194472,20150722,  289,    0
194472,20150723,  270,    0
194472,20150724,  277,    0
194472,20150725,  262,    0
194472,20150726,  248,    0
194472,20150727,  238,    0
194472,20150728,  284,    0
194472,20150729,  252,    0
194472,20150730,  244,    0
194472,20150731,  213,    0
194472,20150801,  229,    0
194472,20150802,  213,    0
194472,20150803,  246,    0
194472,20150804,  251,    0
194472,20150805,  262,    0
194472,20150806,  268,    0
194472,20150807,  287,    0
194472,20150808,  255,    0
194472,20150809,  258,    0
194472,20150810,  224,    0
194472,20150811,  226,    0
194472,20150812,  245,    0
194472,20150813,  269,    0
194472,20150814,  248,    0
194472,20150815,  243,    0
194472,20150816,  212,    0
194472,20150817,  220,    0
194472,20150818,  237,    0
194472,20150819,  195,    0
194472,20150820,  196,    0
194472,20150821,  202,    0
194472,20150822,  192,    0
194472,20150823,  179,    0
194472,20150824,  219,    0
194472,20150825,  226,    0
194472,20150826,  217,    0
194472,20150827,  255,    0
194472,20150828,  218,    0
194472,20150829,  268,    0
194472,20150830,  246,    0
194472,20150831,  235,    0
194472,20150901,  261,    0
194472,20150902,  259,    0
194472,20150903,  236,    0
194472,20150904,  220,    0
194472,20150905,  197,    0
194472,20150906,  177,    0
194472,20150907,  176,    0
194472,20150908,  184,    0
194472,20150909,  164,    0
194472,20150910,  156,    0
194472,20150911,  176,    0
194472,20150912,  215,    0
194472,20150913,  186,    0
194472,20150914,  228,    0
194472,20150915,  214,    0
194472,20150916,  217,    0
194472,20150917,  272,    0
194472,20150918,  250,    0
194472,20150919,  176,    0
194472,20150920,  173,    0
194472,20150921,  155,    0
194472,20150922,  178,    0
194472,20150923,  189,    0
194472,20150924,  144,    0
194472,20150925,  167,    0
194472,20150926,  167,    0
194472,20150927,  160,    0
194472,20150928,  164,    0
194472,20150929,  156,    0
194472,20150930,  141,    0
194472,20151001,  124,    0
194472,20151002,  123,    0
194472,20151003,  141,    0
194472,20151004,  173,    0
194472,20151005,  178,    0
194472,20151006,  165,    0
194472,20151007,  178,    0
194472,20151008,  176,    0
194472,20151009,  144,    0
194472,20151010,  148,    0
194472,20151011,  150,    0
194472,20151012,  158,    0
194472,20151013,  155,    0
194472,20151014,  153,    0
194472,20151015,  141,    0
194472,20151016,  115,    0
194472,20151017,   96,    0
194472,20151018,  109,    0
194472,20151019,  122,    0
194472,20151020,  105,    0
194472,20151021,  128,    0
194472,20151022,   95,    0
194472,20151023,  109,    0
194472,20151024,  100,    0
194472,20151025,  110,    0
194472,20151026,  117,    0
194472,20151027,  108,    0
194472,20151028,  121,    0
194472,20151029,  126,    0
194472,20151030,  135,    0
194472,20151031,  114,    0
194472,20151101,  102,    0
194472,20151102,   90,    0
194472,20151103,   99,    0
194472,20151104,  111,    0
194472,20151105,  117,    0
194472,20151106,  128,    0
194472,20151107,  129,    0
194472,20151108,  126,    0
194472,20151109,  130,    0
194472,20151110,  133,    0
194472,20151111,  110,    0
194472,20151112,  107,    0
194472,20151113,   94,    0
194472,20151114,  104,    0
194472,20151115,   99,    0
194472,20151116,  102,    0
194472,20151117,  102,    0
194472,20151118,  100,    0
194472,20151119,  101,    0
194472,20151120,   91,    0
194472,20151121,   83,    0
194472,20151122,   53,    0
194472,20151123,   42,    0
194472,20151124,   47,    0
194472,20151125,   27,    0
194472,20151126,   43,    0
194472,20151127,   52,    0
194472,20151128,   29,    0
194472,20151129,   22,    0
194472,20151130,   35,    0
194472,20151201,   34,    0
194472,20151202,   35,    0
194472,20151203,   32,    0
194472,20151204,   36,    0
194472,20151205,   57,    0
194472,20151206,   48,    0
194472,20151207,   61,    0
194472,20151208,   69,    0
194472,20151209,   37,    0
194472,20151210,   43,    0
194472,20151211,   21,    0
194472,20151212,   14,    0
194472,20151213,   25,    0
194472,20151214,   53,    0
194472,20151215,   58,    0
194472,20151216,   48,    0
194472,20151217,   48,    0
194472,20151218,   47,    0
194472,20151219,   49,    0
194472,20151220,   50,    0
194472,20151221,   54,    0
194472,20151222,   64,    0
194472,20151223,   57,    0
194472,20151224,   66,    0
194472,20151225,   80,    0
194472,20151226,   64,    0
194472,20151227,   39,    0
194472,20151228,   30,    0
194472,20151229,   30,    0
194472,20151230,   23,    0
194472,20151231,   37,    0
194472,20160101,   14,    0
194472,20160102,   12,    0
194472,20160103,   20,    0
194472,20160104,   19,    0
194472,20160105,   30,    0
194472,20160106,   35,    0
194472,20160107,   30,    0
194472,20160108,   44,    0
194472,20160109,   50,    0
194472,20160110,   60,    0
194472,20160111,  125,    0
194472,20160112,   91,    0
194472,20160113,   75,    0
194472,20160114,   26,    0
194472,20160115,   36,    0
194472,20160116,   24,    0
194472,20160117,   18,    0
194472,20160118,    3,    0
194472,20160119,  -17,    0
194472,20160120,  -12,    0
194472,20160121,   -9,    0
194472,20160122,   15,    0
194472,20160123,   11,    0
194472,20160124,    5,    0
194472,20160125,   26,    0
194472,20160126,   52,    0
194472,20160127,   62,    0
194472,20160128,   72,    0
194472,20160129,   67,    0
194472,20160130,   74,    0
194472,20160131,   53,    0
194472,20160201,   56,    0
194472,20160202,   67,    0
194472,20160203,   65,    0
194472,20160204,   55,    0
194472,20160205,   38,    0
194472,20160206,   52,    0
194472,20160207,   89,    0
194472,20160208,   72,    0
194472,20160209,   90,    0
194472,20160210,   84,    0
194472,20160211,   44,    0
194472,20160212,   56,    0
194472,20160213,   54,    0
194472,20160214,   56,    0
194472,20160215,   64,    0
194472,20160216,   69,    0
194472,20160217,   69,    0
194472,20160218,   79,    0
194472,20160219,   77,    0
194472,20160220,   70,    0
194472,20160221,   73,    0
194472,20160222,   77,    0
194472,20160223,   90,    0
194472,20160224,   76,    0
194472,20160225,   72,    0
194472,20160226,   72,    0
194472,20160227,   74,    0
194472,20160228,  100,    0
194472,20160229,   96,    0
194472,20160301,   86,    0
194472,20160302,   94,    0
194472,20160303,   47,    0
194472,20160304,   79,    0
194472,20160305,   92,    0
194472,20160306,   47,    0
194472,20160307,   54,    0
194472,20160308,   47,    0
194472,20160309,   57,    0
194472,20160310,   83,    0
194472,20160311,   91,    0
194472,20160312,  100,    0
194472,20160313,   95,    0
194472,20160314,   84,    0
194472,20160315,   77,    0
194472,20160316,   75,    0
194472,20160317,   80,    0
194472,20160318,   90,    0
194472,20160319,  104,    0
194472,20160320,  127,    0
194472,20160321,  117,    0
194472,20160322,  110,    0
194472,20160323,   91,    0
194472,20160324,   81,    0
194472,20160325,   97,    0
194472,20160326,   99,    0
194472,20160327,  116,    0
194472,20160328,  131,    0
194472,20160329,  124,    0
194472,20160330,  187,    0
194472,20160331,  132,    0
194472,20160401,  149,    0
194472,20160402,  117,    0
194472,20160403,  114,    0
194472,20160404,  126,    0
194472,20160405,  144,    0
194472,20160406,  127,    0
194472,20160407,  114,    0
194472,20160408,  131,    0
194472,20160409,  107,    0
194472,20160410,  121,    0
194472,20160411,  147,    0
194472,20160412,  163,    0
194472,20160413,  162,    0
194472,20160414,  146,    0
194472,20160415,  157,    0
194472,20160416,  157,    0
194472,20160417,  188,    0
194472,20160418,  179,    0
194472,20160419,  119,    0
194472,20160420,  134,    0
194472,20160421,  109,    0
194472,20160422,  170,    0
194472,20160423,  130,    0
194472,20160424,  110,    0
194472,20160425,   86,    0
194472,20160426,  135,    0
194472,20160427,  123,    0
194472,20160428,   82,    0
194472,20160429,  119,    0
194472,20160430,  104,    0
194472,20160501,  127,    0
194472,20160502,  122,    0
194472,20160503,  139,    0
194472,20160504,  128,    0
194472,20160505,  107,    0
194472,20160506,-9999,    9
194472,20160507,-9999,    9
194472,20160508,-9999,    9
194472,20160509,-9999,    9
194472,20160510,-9999,    9
194472,20160511,-9999,    9
194472,20160512,-9999,    9
194472,20160513,-9999,    9
194472,20160514,-9999,    9
194472,20160515,-9999,    9
194472,20160516,-9999,    9
194472,20160517,-9999,    9
194472,20160518,-9999,    9
194472,20160519,-9999,    9
194472,20160520,-9999,    9
194472,20160521,-9999,    9
194472,20160522,-9999,    9
194472,20160523,-9999,    9
194472,20160524,-9999,    9
194472,20160525,-9999,    9
194472,20160526,-9999,    9
194472,20160527,-9999,    9
194472,20160528,-9999,    9
194472,20160529,-9999,    9
194472,20160530,-9999,    9
194472,20160531,-9999,    9
194472,20160601,-9999,    9
194472,20160602,-9999,    9
194472,20160603,-9999,    9
194472,20160604,-9999,    9
194472,20160605,-9999,    9
194472,20160606,-9999,    9
194472,20160607,-9999,    9
194472,20160608,-9999,    9
194472,20160609,-9999,    9
194472,20160610,-9999,    9
194472,20160611,-9999,    9
194472,20160612,-9999,    9
194472,20160613,-9999,    9
194472,20160614,-9999,    9
194472,20160615,-9999,    9
194472,20160616,-9999,    9
194472,20160617,-9999,    9
194472,20160618,-9999,    9
194472,20160619,-9999,    9
194472,20160620,-9999,    9
194472,20160621,-9999,    9
194472,20160622,-9999,    9
194472,20160623,-9999,    9
194472,20160624,-9999,    9
194472,20160625,-9999,    9
194472,20160626,-9999,    9
194472,20160627,-9999,    9
194472,20160628,-9999,    9
194472,20160629,-9999,    9
194472,20160630,-9999,    9
194472,20160701,-9999,    9
194472,20160702,-9999,    9
194472,20160703,-9999,    9
194472,20160704,-9999,    9
194472,20160705,-9999,    9
194472,20160706,-9999,    9
194472,20160707,-9999,    9
194472,20160708,-9999,    9
194472,20160709,-9999,    9
194472,20160710,-9999,    9
194472,20160711,-9999,    9
194472,20160712,-9999,    9
194472,20160713,-9999,    9
194472,20160714,-9999,    9
194472,20160715,-9999,    9
194472,20160716,-9999,    9
194472,20160717,-9999,    9
194472,20160718,-9999,    9
194472,20160719,-9999,    9
194472,20160720,-9999,    9
194472,20160721,-9999,    9
194472,20160722,-9999,    9
194472,20160723,-9999,    9
194472,20160724,-9999,    9
194472,20160725,-9999,    9
194472,20160726,-9999,    9
194472,20160727,-9999,    9
194472,20160728,-9999,    9
194472,20160729,-9999,    9
194472,20160730,-9999,    9
194472,20160731,-9999,    9
194472,20160801,-9999,    9
194472,20160802,-9999,    9
194472,20160803,-9999,    9
194472,20160804,-9999,    9
194472,20160805,-9999,    9
194472,20160806,-9999,    9
194472,20160807,-9999,    9
194472,20160808,-9999,    9
194472,20160809,-9999,    9
194472,20160810,-9999,    9
194472,20160811,-9999,    9
194472,20160812,-9999,    9
194472,20160813,-9999,    9
194472,20160814,-9999,    9
194472,20160815,-9999,    9
194472,20160816,-9999,    9
194472,20160817,-9999,    9
194472,20160818,-9999,    9
194472,20160819,-9999,    9
194472,20160820,-9999,    9
194472,20160821,-9999,    9
194472,20160822,-9999,    9
194472,20160823,-9999,    9
194472,20160824,-9999,    9
194472,20160825,-9999,    9
194472,20160826,-9999,    9
194472,20160827,-9999,    9
194472,20160828,-9999,    9
194472,20160829,-9999,    9
194472,20160830,-9999,    9
194472,20160831,-9999,    9
194472,20160901,-9999,    9
194472,20160902,-9999,    9
194472,20160903,-9999,    9
194472,20160904,-9999,    9
194472,20160905,-9999,    9
194472,20160906,-9999,    9
194472,20160907,-9999,    9
194472,20160908,-9999,    9
194472,20160909,-9999,    9
194472,20160910,-9999,    9
194472,20160911,-9999,    9
194472,20160912,-9999,    9
194472,20160913,-9999,    9
194472,20160914,-9999,    9
194472,20160915,-9999,    9
194472,20160916,-9999,    9
194472,20160917,-9999,    9
194472,20160918,-9999,    9
194472,20160919,-9999,    9
194472,20160920,-9999,    9
194472,20160921,-9999,    9
194472,20160922,-9999,    9
194472,20160923,-9999,    9
194472,20160924,-9999,    9
194472,20160925,-9999,    9
194472,20160926,-9999,    9
194472,20160927,-9999,    9
194472,20160928,-9999,    9
194472,20160929,-9999,    9
194472,20160930,-9999,    9
194472,20161001,-9999,    9
194472,20161002,-9999,    9
194472,20161003,-9999,    9
194472,20161004,-9999,    9
194472,20161005,-9999,    9
194472,20161006,-9999,    9
194472,20161007,-9999,    9
194472,20161008,-9999,    9
194472,20161009,-9999,    9
194472,20161010,-9999,    9
194472,20161011,-9999,    9
194472,20161012,-9999,    9
194472,20161013,-9999,    9
194472,20161014,-9999,    9
194472,20161015,-9999,    9
194472,20161016,-9999,    9
194472,20161017,-9999,    9
194472,20161018,-9999,    9
194472,20161019,-9999,    9
194472,20161020,-9999,    9
194472,20161021,-9999,    9
194472,20161022,-9999,    9
194472,20161023,-9999,    9
194472,20161024,-9999,    9
194472,20161025,-9999,    9
194472,20161026,-9999,    9
194472,20161027,-9999,    9
194472,20161028,-9999,    9
194472,20161029,-9999,    9
194472,20161030,-9999,    9
194472,20161031,-9999,    9
194472,20161101,-9999,    9
194472,20161102,-9999,    9
194472,20161103,-9999,    9
194472,20161104,-9999,    9
194472,20161105,-9999,    9
194472,20161106,-9999,    9
194472,20161107,-9999,    9
194472,20161108,-9999,    9
194472,20161109,-9999,    9
194472,20161110,-9999,    9
194472,20161111,-9999,    9
194472,20161112,-9999,    9
194472,20161113,-9999,    9
194472,20161114,-9999,    9
194472,20161115,-9999,    9
194472,20161116,-9999,    9
194472,20161117,-9999,    9
194472,20161118,-9999,    9
194472,20161119,-9999,    9
194472,20161120,-9999,    9
194472,20161121,-9999,    9
194472,20161122,-9999,    9
194472,20161123,-9999,    9
194472,20161124,-9999,    9
194472,20161125,-9999,    9
194472,20161126,-9999,    9
194472,20161127,-9999,    9
194472,20161128,-9999,    9
194472,20161129,-9999,    9
194472,20161130,-9999,    9
194472,20161201,-9999,    9
194472,20161202,-9999,    9
194472,20161203,-9999,    9
194472,20161204,-9999,    9
194472,20161205,-9999,    9
194472,20161206,-9999,    9
194472,20161207,-9999,    9
194472,20161208,-9999,    9
194472,20161209,-9999,    9
194472,20161210,-9999,    9
194472,20161211,-9999,    9
194472,20161212,-9999,    9
194472,20161213,-9999,    9
194472,20161214,-9999,    9
194472,20161215,-9999,    9
194472,20161216,-9999,    9
194472,20161217,-9999,    9
194472,20161218,-9999,    9
194472,20161219,-9999,    9
194472,20161220,-9999,    9
194472,20161221,-9999,    9
194472,20161222,-9999,    9
194472,20161223,-9999,    9
194472,20161224,-9999,    9
194472,20161225,-9999,    9
194472,20161226,-9999,    9
194472,20161227,-9999,    9
194472,20161228,-9999,    9
194472,20161229,-9999,    9
194472,20161230,-9999,    9
194472,20161231,-9999,    9
194472,20170101,-9999,    9
194472,20170102,-9999,    9
194472,20170103,-9999,    9
194472,20170104,-9999,    9
194472,20170105,-9999,    9
194472,20170106,-9999,    9
194472,20170107,-9999,    9
194472,20170108,-9999,    9
194472,20170109,-9999,    9
194472,20170110,-9999,    9
194472,20170111,-9999,    9
194472,20170112,-9999,    9
194472,20170113,-9999,    9
194472,20170114,-9999,    9
194472,20170115,-9999,    9
194472,20170116,-9999,    9
194472,20170117,-9999,    9
194472,20170118,-9999,    9
194472,20170119,-9999,    9
194472,20170120,-9999,    9
194472,20170121,-9999,    9
194472,20170122,-9999,    9
194472,20170123,-9999,    9
194472,20170124,-9999,    9
194472,20170125,-9999,    9
194472,20170126,-9999,    9
194472,20170127,-9999,    9
194472,20170128,-9999,    9
194472,20170129,-9999,    9
194472,20170130,-9999,    9
194472,20170131,-9999,    9
194472,20170201,-9999,    9
194472,20170202,-9999,    9
194472,20170203,-9999,    9
194472,20170204,-9999,    9
194472,20170205,-9999,    9
194472,20170206,-9999,    9
194472,20170207,-9999,    9
194472,20170208,-9999,    9
194472,20170209,-9999,    9
194472,20170210,-9999,    9
194472,20170211,-9999,    9
194472,20170212,-9999,    9
194472,20170213,-9999,    9
194472,20170214,-9999,    9
194472,20170215,-9999,    9
194472,20170216,-9999,    9
194472,20170217,-9999,    9
194472,20170218,-9999,    9
194472,20170219,-9999,    9
194472,20170220,-9999,    9
194472,20170221,-9999,    9
194472,20170222,-9999,    9
194472,20170223,-9999,    9
194472,20170224,-9999,    9
194472,20170225,-9999,    9
194472,20170226,-9999,    9
194472,20170227,-9999,    9
194472,20170228,-9999,    9
194472,20170301,-9999,    9
194472,20170302,-9999,    9
194472,20170303,-9999,    9
194472,20170304,-9999,    9
194472,20170305,-9999,    9
194472,20170306,-9999,    9
194472,20170307,-9999,    9
194472,20170308,-9999,    9
194472,20170309,-9999,    9
194472,20170310,-9999,    9
194472,20170311,-9999,    9
194472,20170312,-9999,    9
194472,20170313,-9999,    9
194472,20170314,-9999,    9
194472,20170315,-9999,    9
194472,20170316,-9999,    9
194472,20170317,-9999,    9
194472,20170318,-9999,    9
194472,20170319,-9999,    9
194472,20170320,-9999,    9
194472,20170321,-9999,    9
194472,20170322,-9999,    9
194472,20170323,-9999,    9
194472,20170324,-9999,    9
194472,20170325,-9999,    9
194472,20170326,-9999,    9
194472,20170327,-9999,    9
194472,20170328,-9999,    9
194472,20170329,-9999,    9
194472,20170330,-9999,    9
194472,20170331,-9999,    9
194472,20170401,-9999,    9
194472,20170402,-9999,    9
194472,20170403,-9999,    9
194472,20170404,-9999,    9
194472,20170405,-9999,    9
194472,20170406,-9999,    9
194472,20170407,-9999,    9
194472,20170408,-9999,    9
194472,20170409,-9999,    9
194472,20170410,-9999,    9
194472,20170411,-9999,    9
194472,20170412,-9999,    9
194472,20170413,-9999,    9
194472,20170414,-9999,    9
194472,20170415,-9999,    9
194472,20170416,-9999,    9
194472,20170417,-9999,    9
194472,20170418,-9999,    9
194472,20170419,-9999,    9
194472,20170420,-9999,    9
194472,20170421,-9999,    9
194472,20170422,-9999,    9
194472,20170423,-9999,    9
194472,20170424,-9999,    9
194472,20170425,-9999,    9
194472,20170426,-9999,    9
194472,20170427,-9999,    9
194472,20170428,-9999,    9
194472,20170429,-9999,    9
194472,20170430,-9999,    9
194472,20170501,-9999,    9
194472,20170502,-9999,    9
194472,20170503,-9999,    9
194472,20170504,-9999,    9
194472,20170505,-9999,    9
194472,20170506,-9999,    9
194472,20170507,-9999,    9
194472,20170508,-9999,    9
194472,20170509,-9999,    9
194472,20170510,-9999,    9
194472,20170511,-9999,    9
194472,20170512,-9999,    9
194472,20170513,-9999,    9
194472,20170514,-9999,    9
194472,20170515,-9999,    9
194472,20170516,-9999,    9
194472,20170517,-9999,    9
194472,20170518,-9999,    9
194472,20170519,-9999,    9
194472,20170520,-9999,    9
194472,20170521,-9999,    9
194472,20170522,-9999,    9
194472,20170523,-9999,    9
194472,20170524,-9999,    9
194472,20170525,-9999,    9
194472,20170526,-9999,    9
194472,20170527,-9999,    9
194472,20170528,-9999,    9
194472,20170529,-9999,    9
194472,20170530,-9999,    9
194472,20170531,-9999,    9
194472,20170601,-9999,    9
194472,20170602,-9999,    9
194472,20170603,-9999,    9
194472,20170604,-9999,    9
194472,20170605,-9999,    9
194472,20170606,-9999,    9
194472,20170607,-9999,    9
194472,20170608,-9999,    9
194472,20170609,-9999,    9
194472,20170610,-9999,    9
194472,20170611,-9999,    9
194472,20170612,-9999,    9
194472,20170613,-9999,    9
194472,20170614,-9999,    9
194472,20170615,-9999,    9
194472,20170616,-9999,    9
194472,20170617,-9999,    9
194472,20170618,-9999,    9
194472,20170619,-9999,    9
194472,20170620,-9999,    9
194472,20170621,-9999,    9
194472,20170622,-9999,    9
194472,20170623,-9999,    9
194472,20170624,-9999,    9
194472,20170625,-9999,    9
194472,20170626,-9999,    9
194472,20170627,-9999,    9
194472,20170628,-9999,    9
194472,20170629,-9999,    9
194472,20170630,-9999,    9
194472,20170701,-9999,    9
194472,20170702,-9999,    9
194472,20170703,-9999,    9
194472,20170704,-9999,    9
194472,20170705,-9999,    9
194472,20170706,-9999,    9
194472,20170707,-9999,    9
194472,20170708,-9999,    9
194472,20170709,-9999,    9
194472,20170710,-9999,    9
194472,20170711,-9999,    9
194472,20170712,-9999,    9
194472,20170713,-9999,    9
194472,20170714,-9999,    9
194472,20170715,-9999,    9
194472,20170716,-9999,    9
194472,20170717,-9999,    9
194472,20170718,-9999,    9
194472,20170719,-9999,    9
194472,20170720,-9999,    9
194472,20170721,-9999,    9
194472,20170722,-9999,    9
194472,20170723,-9999,    9
194472,20170724,-9999,    9
194472,20170725,-9999,    9
194472,20170726,-9999,    9
194472,20170727,-9999,    9
194472,20170728,-9999,    9
194472,20170729,-9999,    9
194472,20170730,-9999,    9
194472,20170731,-9999,    9
194472,20170801,-9999,    9
194472,20170802,-9999,    9
194472,20170803,-9999,    9
194472,20170804,-9999,    9
194472,20170805,-9999,    9
194472,20170806,-9999,    9
194472,20170807,-9999,    9
194472,20170808,-9999,    9
194472,20170809,-9999,    9
194472,20170810,-9999,    9
194472,20170811,-9999,    9
194472,20170812,-9999,    9
194472,20170813,-9999,    9
194472,20170814,-9999,    9
194472,20170815,-9999,    9
194472,20170816,-9999,    9
194472,20170817,-9999,    9
194472,20170818,-9999,    9
194472,20170819,-9999,    9
194472,20170820,-9999,    9
194472,20170821,-9999,    9
194472,20170822,-9999,    9
194472,20170823,-9999,    9
194472,20170824,-9999,    9
194472,20170825,-9999,    9
194472,20170826,-9999,    9
194472,20170827,-9999,    9
194472,20170828,-9999,    9
194472,20170829,-9999,    9
194472,20170830,-9999,    9
194472,20170831,-9999,    9
194472,20170901,-9999,    9
194472,20170902,-9999,    9
194472,20170903,-9999,    9
194472,20170904,-9999,    9
194472,20170905,-9999,    9
194472,20170906,-9999,    9
194472,20170907,-9999,    9
194472,20170908,-9999,    9
194472,20170909,-9999,    9
194472,20170910,-9999,    9
194472,20170911,-9999,    9
194472,20170912,-9999,    9
194472,20170913,-9999,    9
194472,20170914,-9999,    9
194472,20170915,-9999,    9
194472,20170916,-9999,    9
194472,20170917,-9999,    9
194472,20170918,-9999,    9
194472,20170919,-9999,    9
194472,20170920,-9999,    9
194472,20170921,-9999,    9
194472,20170922,-9999,    9
194472,20170923,-9999,    9
194472,20170924,-9999,    9
194472,20170925,-9999,    9
194472,20170926,-9999,    9
194472,20170927,-9999,    9
194472,20170928,-9999,    9
194472,20170929,-9999,    9
194472,20170930,-9999,    9
194472,20171001,-9999,    9
194472,20171002,-9999,    9
194472,20171003,-9999,    9
194472,20171004,-9999,    9
194472,20171005,-9999,    9
194472,20171006,-9999,    9
194472,20171007,-9999,    9
194472,20171008,-9999,    9
194472,20171009,-9999,    9
194472,20171010,-9999,    9
194472,20171011,-9999,    9
194472,20171012,-9999,    9
194472,20171013,-9999,    9
194472,20171014,-9999,    9
194472,20171015,-9999,    9
194472,20171016,-9999,    9
194472,20171017,-9999,    9
194472,20171018,-9999,    9
194472,20171019,-9999,    9
194472,20171020,-9999,    9
194472,20171021,-9999,    9
194472,20171022,-9999,    9
194472,20171023,-9999,    9
194472,20171024,-9999,    9
194472,20171025,-9999,    9
194472,20171026,-9999,    9
194472,20171027,-9999,    9
194472,20171028,-9999,    9
194472,20171029,-9999,    9
194472,20171030,-9999,    9
194472,20171031,-9999,    9
194472,20171101,-9999,    9
194472,20171102,-9999,    9
194472,20171103,-9999,    9
194472,20171104,-9999,    9
194472,20171105,-9999,    9
194472,20171106,-9999,    9
194472,20171107,-9999,    9
194472,20171108,-9999,    9
194472,20171109,-9999,    9
194472,20171110,-9999,    9
194472,20171111,-9999,    9
194472,20171112,-9999,    9
194472,20171113,-9999,    9
194472,20171114,-9999,    9
194472,20171115,-9999,    9
194472,20171116,-9999,    9
194472,20171117,-9999,    9
194472,20171118,-9999,    9
194472,20171119,-9999,    9
194472,20171120,-9999,    9
194472,20171121,-9999,    9
194472,20171122,-9999,    9
194472,20171123,-9999,    9
194472,20171124,-9999,    9
194472,20171125,-9999,    9
194472,20171126,-9999,    9
194472,20171127,-9999,    9
194472,20171128,-9999,    9
194472,20171129,-9999,    9
194472,20171130,-9999,    9
194472,20171201,-9999,    9
194472,20171202,-9999,    9
194472,20171203,-9999,    9
194472,20171204,-9999,    9
194472,20171205,-9999,    9
194472,20171206,-9999,    9
194472,20171207,-9999,    9
194472,20171208,-9999,    9
194472,20171209,-9999,    9
194472,20171210,-9999,    9
194472,20171211,-9999,    9
194472,20171212,-9999,    9
194472,20171213,-9999,    9
194472,20171214,-9999,    9
194472,20171215,-9999,    9
194472,20171216,-9999,    9
194472,20171217,-9999,    9
194472,20171218,-9999,    9
194472,20171219,-9999,    9
194472,20171220,-9999,    9
194472,20171221,-9999,    9
194472,20171222,-9999,    9
194472,20171223,-9999,    9
194472,20171224,-9999,    9
194472,20171225,-9999,    9
194472,20171226,-9999,    9
194472,20171227,-9999,    9
194472,20171228,-9999,    9
194472,20171229,-9999,    9
194472,20171230,-9999,    9
194472,20171231,-9999,    9
194472,20180101,-9999,    9
194472,20180102,-9999,    9
194472,20180103,-9999,    9
194472,20180104,-9999,    9
194472,20180105,-9999,    9
194472,20180106,-9999,    9
194472,20180107,-9999,    9
194472,20180108,-9999,    9
194472,20180109,-9999,    9
194472,20180110,-9999,    9
194472,20180111,-9999,    9
194472,20180112,-9999,    9
194472,20180113,-9999,    9
194472,20180114,-9999,    9
194472,20180115,-9999,    9
194472,20180116,-9999,    9
194472,20180117,-9999,    9
194472,20180118,-9999,    9
194472,20180119,-9999,    9
194472,20180120,-9999,    9
194472,20180121,-9999,    9
194472,20180122,-9999,    9
194472,20180123,-9999,    9
194472,20180124,-9999,    9
194472,20180125,-9999,    9
194472,20180126,-9999,    9
194472,20180127,-9999,    9
194472,20180128,-9999,    9
194472,20180129,-9999,    9
194472,20180130,-9999,    9
194472,20180131,-9999,    9
194472,20180201,-9999,    9
194472,20180202,-9999,    9
194472,20180203,-9999,    9
194472,20180204,-9999,    9
194472,20180205,-9999,    9
194472,20180206,-9999,    9
194472,20180207,-9999,    9
194472,20180208,-9999,    9
194472,20180209,-9999,    9
194472,20180210,-9999,    9
194472,20180211,-9999,    9
194472,20180212,-9999,    9
194472,20180213,-9999,    9
194472,20180214,-9999,    9
194472,20180215,-9999,    9
194472,20180216,-9999,    9
194472,20180217,-9999,    9
194472,20180218,-9999,    9
194472,20180219,-9999,    9
194472,20180220,-9999,    9
194472,20180221,-9999,    9
194472,20180222,-9999,    9
194472,20180223,-9999,    9
194472,20180224,-9999,    9
194472,20180225,-9999,    9
194472,20180226,-9999,    9
194472,20180227,-9999,    9
194472,20180228,-9999,    9
194472,20180301,-9999,    9
194472,20180302,-9999,    9
194472,20180303,-9999,    9
194472,20180304,-9999,    9
194472,20180305,-9999,    9
194472,20180306,-9999,    9
194472,20180307,-9999,    9
194472,20180308,-9999,    9
194472,20180309,-9999,    9
194472,20180310,-9999,    9
194472,20180311,-9999,    9
194472,20180312,-9999,    9
194472,20180313,-9999,    9
194472,20180314,-9999,    9
194472,20180315,-9999,    9
194472,20180316,-9999,    9
194472,20180317,-9999,    9
194472,20180318,-9999,    9
194472,20180319,-9999,    9
194472,20180320,-9999,    9
194472,20180321,-9999,    9
194472,20180322,-9999,    9
194472,20180323,-9999,    9
194472,20180324,-9999,    9
194472,20180325,-9999,    9
194472,20180326,-9999,    9
194472,20180327,-9999,    9
194472,20180328,-9999,    9
194472,20180329,-9999,    9
194472,20180330,-9999,    9
194472,20180331,-9999,    9
194472,20180401,-9999,    9
194472,20180402,-9999,    9
194472,20180403,-9999,    9
194472,20180404,-9999,    9
194472,20180405,-9999,    9
194472,20180406,-9999,    9
194472,20180407,-9999,    9
194472,20180408,-9999,    9
194472,20180409,-9999,    9
194472,20180410,-9999,    9
194472,20180411,-9999,    9
194472,20180412,-9999,    9
194472,20180413,-9999,    9
194472,20180414,-9999,    9
194472,20180415,-9999,    9
194472,20180416,-9999,    9
194472,20180417,-9999,    9
194472,20180418,-9999,    9
194472,20180419,-9999,    9
194472,20180420,-9999,    9
194472,20180421,-9999,    9
194472,20180422,-9999,    9
194472,20180423,-9999,    9
194472,20180424,-9999,    9
194472,20180425,-9999,    9
194472,20180426,-9999,    9
194472,20180427,-9999,    9
194472,20180428,-9999,    9
194472,20180429,-9999,    9
194472,20180430,-9999,    9
194472,20180501,-9999,    9
194472,20180502,-9999,    9
194472,20180503,-9999,    9
194472,20180504,-9999,    9
194472,20180505,-9999,    9
194472,20180506,-9999,    9
194472,20180507,-9999,    9
194472,20180508,-9999,    9
194472,20180509,-9999,    9
194472,20180510,-9999,    9
194472,20180511,-9999,    9
194472,20180512,-9999,    9
194472,20180513,-9999,    9
194472,20180514,-9999,    9
194472,20180515,-9999,    9
194472,20180516,-9999,    9
194472,20180517,-9999,    9
194472,20180518,-9999,    9
194472,20180519,-9999,    9
194472,20180520,-9999,    9
194472,20180521,-9999,    9
194472,20180522,-9999,    9
194472,20180523,-9999,    9
194472,20180524,-9999,    9
194472,20180525,-9999,    9
194472,20180526,-9999,    9
194472,20180527,-9999,    9
194472,20180528,-9999,    9
194472,20180529,-9999,    9
194472,20180530,-9999,    9
194472,20180531,-9999,    9
194472,20180601,-9999,    9
194472,20180602,-9999,    9
194472,20180603,-9999,    9
194472,20180604,-9999,    9
194472,20180605,-9999,    9
194472,20180606,-9999,    9
194472,20180607,-9999,    9
194472,20180608,-9999,    9
194472,20180609,-9999,    9
194472,20180610,-9999,    9
194472,20180611,-9999,    9
194472,20180612,-9999,    9
194472,20180613,-9999,    9
194472,20180614,-9999,    9
194472,20180615,-9999,    9
194472,20180616,-9999,    9
194472,20180617,-9999,    9
194472,20180618,-9999,    9
194472,20180619,-9999,    9
194472,20180620,-9999,    9
194472,20180621,-9999,    9
194472,20180622,-9999,    9
194472,20180623,-9999,    9
194472,20180624,-9999,    9
194472,20180625,-9999,    9
194472,20180626,-9999,    9
194472,20180627,-9999,    9
194472,20180628,-9999,    9
194472,20180629,-9999,    9
194472,20180630,-9999,    9
194472,20180701,-9999,    9
194472,20180702,-9999,    9
194472,20180703,-9999,    9
194472,20180704,-9999,    9
194472,20180705,-9999,    9
194472,20180706,-9999,    9
194472,20180707,-9999,    9
194472,20180708,-9999,    9
194472,20180709,-9999,    9
194472,20180710,-9999,    9
194472,20180711,-9999,    9
194472,20180712,-9999,    9
194472,20180713,-9999,    9
194472,20180714,-9999,    9
194472,20180715,-9999,    9
194472,20180716,-9999,    9
194472,20180717,-9999,    9
194472,20180718,-9999,    9
194472,20180719,-9999,    9
194472,20180720,-9999,    9
194472,20180721,-9999,    9
194472,20180722,-9999,    9
194472,20180723,-9999,    9
194472,20180724,-9999,    9
194472,20180725,-9999,    9
194472,20180726,-9999,    9
194472,20180727,-9999,    9
194472,20180728,-9999,    9
194472,20180729,-9999,    9
194472,20180730,-9999,    9
194472,20180731,-9999,    9
194472,20180801,-9999,    9
194472,20180802,-9999,    9
194472,20180803,-9999,    9
194472,20180804,-9999,    9
194472,20180805,-9999,    9
194472,20180806,-9999,    9
194472,20180807,-9999,    9
194472,20180808,-9999,    9
194472,20180809,-9999,    9
194472,20180810,-9999,    9
194472,20180811,-9999,    9
194472,20180812,-9999,    9
194472,20180813,-9999,    9
194472,20180814,-9999,    9
194472,20180815,-9999,    9
194472,20180816,-9999,    9
194472,20180817,-9999,    9
194472,20180818,-9999,    9
194472,20180819,-9999,    9
194472,20180820,-9999,    9
194472,20180821,-9999,    9
194472,20180822,-9999,    9
194472,20180823,-9999,    9
194472,20180824,-9999,    9
194472,20180825,-9999,    9
194472,20180826,-9999,    9
194472,20180827,-9999,    9
194472,20180828,-9999,    9
194472,20180829,-9999,    9
194472,20180830,-9999,    9
194472,20180831,-9999,    9
194472,20180901,-9999,    9
194472,20180902,-9999,    9
194472,20180903,-9999,    9
194472,20180904,-9999,    9
194472,20180905,-9999,    9
194472,20180906,-9999,    9
194472,20180907,-9999,    9
194472,20180908,-9999,    9
194472,20180909,-9999,    9
194472,20180910,-9999,    9
194472,20180911,-9999,    9
194472,20180912,-9999,    9
194472,20180913,-9999,    9
194472,20180914,-9999,    9
194472,20180915,-9999,    9
194472,20180916,-9999,    9
194472,20180917,-9999,    9
194472,20180918,-9999,    9
194472,20180919,-9999,    9
194472,20180920,-9999,    9
194472,20180921,-9999,    9
194472,20180922,-9999,    9
194472,20180923,-9999,    9
194472,20180924,-9999,    9
194472,20180925,-9999,    9
194472,20180926,-9999,    9
194472,20180927,-9999,    9
194472,20180928,-9999,    9
194472,20180929,-9999,    9
194472,20180930,-9999,    9
194472,20181001,-9999,    9
194472,20181002,-9999,    9
194472,20181003,-9999,    9
194472,20181004,-9999,    9
194472,20181005,-9999,    9
194472,20181006,-9999,    9
194472,20181007,-9999,    9
194472,20181008,-9999,    9
194472,20181009,-9999,    9
194472,20181010,-9999,    9
194472,20181011,-9999,    9
194472,20181012,-9999,    9
194472,20181013,-9999,    9
194472,20181014,-9999,    9
194472,20181015,-9999,    9
194472,20181016,-9999,    9
194472,20181017,-9999,    9
194472,20181018,-9999,    9
194472,20181019,-9999,    9
194472,20181020,-9999,    9
194472,20181021,-9999,    9
194472,20181022,-9999,    9
194472,20181023,-9999,    9
194472,20181024,-9999,    9
194472,20181025,-9999,    9
194472,20181026,-9999,    9
194472,20181027,-9999,    9
194472,20181028,-9999,    9
194472,20181029,-9999,    9
194472,20181030,-9999,    9
194472,20181031,-9999,    9
194472,20181101,-9999,    9
194472,20181102,-9999,    9
194472,20181103,-9999,    9
194472,20181104,-9999,    9
194472,20181105,-9999,    9
194472,20181106,-9999,    9
194472,20181107,-9999,    9
194472,20181108,-9999,    9
194472,20181109,-9999,    9
194472,20181110,-9999,    9
194472,20181111,-9999,    9
194472,20181112,-9999,    9
194472,20181113,-9999,    9
194472,20181114,-9999,    9
194472,20181115,-9999,    9
194472,20181116,-9999,    9
194472,20181117,-9999,    9
194472,20181118,-9999,    9
194472,20181119,-9999,    9
194472,20181120,-9999,    9
194472,20181121,-9999,    9
194472,20181122,-9999,    9
194472,20181123,-9999,    9
194472,20181124,-9999,    9
194472,20181125,-9999,    9
194472,20181126,-9999,    9
194472,20181127,-9999,    9
194472,20181128,-9999,    9
194472,20181129,-9999,    9
194472,20181130,-9999,    9
194472,20181201,-9999,    9
194472,20181202,-9999,    9
194472,20181203,-9999,    9
194472,20181204,-9999,    9
194472,20181205,-9999,    9
194472,20181206,-9999,    9
194472,20181207,-9999,    9
194472,20181208,-9999,    9
194472,20181209,-9999,    9
194472,20181210,-9999,    9
194472,20181211,-9999,    9
194472,20181212,-9999,    9
194472,20181213,-9999,    9
194472,20181214,-9999,    9
194472,20181215,-9999,    9
194472,20181216,-9999,    9
194472,20181217,-9999,    9
194472,20181218,-9999,    9
194472,20181219,-9999,    9
194472,20181220,-9999,    9
194472,20181221,-9999,    9
194472,20181222,-9999,    9
194472,20181223,-9999,    9
194472,20181224,-9999,    9
194472,20181225,-9999,    9
194472,20181226,-9999,    9
194472,20181227,-9999,    9
194472,20181228,-9999,    9
194472,20181229,-9999,    9
194472,20181230,-9999,    9
194472,20181231,-9999,    9
194472,20190101,-9999,    9
194472,20190102,-9999,    9
194472,20190103,-9999,    9
194472,20190104,-9999,    9
194472,20190105,-9999,    9
194472,20190106,-9999,    9
194472,20190107,-9999,    9
194472,20190108,-9999,    9
194472,20190109,-9999,    9
194472,20190110,-9999,    9
194472,20190111,-9999,    9
194472,20190112,-9999,    9
194472,20190113,-9999,    9
194472,20190114,-9999,    9
194472,20190115,-9999,    9
194472,20190116,-9999,    9
194472,20190117,-9999,    9
194472,20190118,-9999,    9
194472,20190119,-9999,    9
194472,20190120,-9999,    9
194472,20190121,-9999,    9
194472,20190122,-9999,    9
194472,20190123,-9999,    9
194472,20190124,-9999,    9
194472,20190125,-9999,    9
194472,20190126,-9999,    9
194472,20190127,-9999,    9
194472,20190128,-9999,    9
194472,20190129,-9999,    9
194472,20190130,-9999,    9
194472,20190131,-9999,    9
194472,20190201,-9999,    9
194472,20190202,-9999,    9
194472,20190203,-9999,    9
194472,20190204,-9999,    9
194472,20190205,-9999,    9
194472,20190206,-9999,    9
194472,20190207,-9999,    9
194472,20190208,-9999,    9
194472,20190209,-9999,    9
194472,20190210,-9999,    9
194472,20190211,-9999,    9
194472,20190212,-9999,    9
194472,20190213,-9999,    9
194472,20190214,-9999,    9
194472,20190215,-9999,    9
194472,20190216,-9999,    9
194472,20190217,-9999,    9
194472,20190218,-9999,    9
194472,20190219,-9999,    9
194472,20190220,-9999,    9
194472,20190221,-9999,    9
194472,20190222,-9999,    9
194472,20190223,-9999,    9
194472,20190224,-9999,    9
194472,20190225,-9999,    9
194472,20190226,-9999,    9
194472,20190227,-9999,    9
194472,20190228,-9999,    9
194472,20190301,-9999,    9
194472,20190302,-9999,    9
194472,20190303,-9999,    9
194472,20190304,-9999,    9
194472,20190305,-9999,    9
194472,20190306,-9999,    9
194472,20190307,-9999,    9
194472,20190308,-9999,    9
194472,20190309,-9999,    9
194472,20190310,-9999,    9
194472,20190311,-9999,    9
194472,20190312,-9999,    9
194472,20190313,-9999,    9
194472,20190314,-9999,    9
194472,20190315,-9999,    9
194472,20190316,-9999,    9
194472,20190317,-9999,    9
194472,20190318,-9999,    9
194472,20190319,-9999,    9
194472,20190320,-9999,    9
194472,20190321,-9999,    9
194472,20190322,-9999,    9
194472,20190323,-9999,    9
194472,20190324,-9999,    9
194472,20190325,-9999,    9
194472,20190326,-9999,    9
194472,20190327,-9999,    9
194472,20190328,-9999,    9
194472,20190329,-9999,    9
194472,20190330,-9999,    9
194472,20190331,-9999,    9
194472,20190401,-9999,    9
194472,20190402,-9999,    9
194472,20190403,-9999,    9
194472,20190404,-9999,    9
194472,20190405,-9999,    9
194472,20190406,-9999,    9
194472,20190407,-9999,    9
194472,20190408,-9999,    9
194472,20190409,-9999,    9
194472,20190410,-9999,    9
194472,20190411,-9999,    9
194472,20190412,-9999,    9
194472,20190413,-9999,    9
194472,20190414,-9999,    9
194472,20190415,-9999,    9
194472,20190416,-9999,    9
194472,20190417,-9999,    9
194472,20190418,-9999,    9
194472,20190419,-9999,    9
194472,20190420,-9999,    9
194472,20190421,-9999,    9
194472,20190422,-9999,    9
194472,20190423,-9999,    9
194472,20190424,-9999,    9
194472,20190425,-9999,    9
194472,20190426,-9999,    9
194472,20190427,-9999,    9
194472,20190428,-9999,    9
194472,20190429,-9999,    9
194472,20190430,-9999,    9
194472,20190501,-9999,    9
194472,20190502,-9999,    9
194472,20190503,-9999,    9
194472,20190504,-9999,    9
194472,20190505,-9999,    9
194472,20190506,-9999,    9
194472,20190507,-9999,    9
194472,20190508,-9999,    9
194472,20190509,-9999,    9
194472,20190510,-9999,    9
194472,20190511,-9999,    9
194472,20190512,-9999,    9
194472,20190513,-9999,    9
194472,20190514,-9999,    9
194472,20190515,-9999,    9
194472,20190516,-9999,    9
194472,20190517,-9999,    9
194472,20190518,-9999,    9
194472,20190519,-9999,    9
194472,20190520,-9999,    9
194472,20190521,-9999,    9
194472,20190522,-9999,    9
194472,20190523,-9999,    9
194472,20190524,-9999,    9
194472,20190525,-9999,    9
194472,20190526,-9999,    9
194472,20190527,-9999,    9
194472,20190528,-9999,    9
194472,20190529,-9999,    9
194472,20190530,-9999,    9
194472,20190531,-9999,    9
194472,20190601,-9999,    9
194472,20190602,-9999,    9
194472,20190603,-9999,    9
194472,20190604,-9999,    9
194472,20190605,-9999,    9
194472,20190606,-9999,    9
194472,20190607,-9999,    9
194472,20190608,-9999,    9
194472,20190609,-9999,    9
194472,20190610,-9999,    9
194472,20190611,-9999,    9
194472,20190612,-9999,    9
194472,20190613,-9999,    9
194472,20190614,-9999,    9
194472,20190615,-9999,    9
194472,20190616,-9999,    9
194472,20190617,-9999,    9
194472,20190618,-9999,    9
194472,20190619,-9999,    9
194472,20190620,-9999,    9
194472,20190621,-9999,    9
194472,20190622,-9999,    9
194472,20190623,-9999,    9
194472,20190624,-9999,    9
194472,20190625,-9999,    9
194472,20190626,-9999,    9
194472,20190627,-9999,    9
194472,20190628,-9999,    9
194472,20190629,-9999,    9
194472,20190630,-9999,    9
194472,20190701,-9999,    9
194472,20190702,-9999,    9
194472,20190703,-9999,    9
194472,20190704,-9999,    9
194472,20190705,-9999,    9
194472,20190706,-9999,    9
194472,20190707,-9999,    9
194472,20190708,-9999,    9
194472,20190709,-9999,    9
194472,20190710,-9999,    9
194472,20190711,-9999,    9
194472,20190712,-9999,    9
194472,20190713,-9999,    9
194472,20190714,-9999,    9
194472,20190715,-9999,    9
194472,20190716,-9999,    9
194472,20190717,-9999,    9
194472,20190718,-9999,    9
194472,20190719,-9999,    9
194472,20190720,-9999,    9
194472,20190721,-9999,    9
194472,20190722,-9999,    9
194472,20190723,-9999,    9
194472,20190724,-9999,    9
194472,20190725,-9999,    9
194472,20190726,-9999,    9
194472,20190727,-9999,    9
194472,20190728,-9999,    9
194472,20190729,-9999,    9
194472,20190730,-9999,    9
194472,20190731,-9999,    9
194472,20190801,-9999,    9
194472,20190802,-9999,    9
194472,20190803,-9999,    9
194472,20190804,-9999,    9
194472,20190805,-9999,    9
194472,20190806,-9999,    9
194472,20190807,-9999,    9
194472,20190808,-9999,    9
194472,20190809,-9999,    9
194472,20190810,-9999,    9
194472,20190811,-9999,    9
194472,20190812,-9999,    9
194472,20190813,-9999,    9
194472,20190814,-9999,    9
194472,20190815,-9999,    9
194472,20190816,-9999,    9
194472,20190817,-9999,    9
194472,20190818,-9999,    9
194472,20190819,-9999,    9
194472,20190820,-9999,    9
194472,20190821,-9999,    9
194472,20190822,-9999,    9
194472,20190823,-9999,    9
194472,20190824,-9999,    9
194472,20190825,-9999,    9
194472,20190826,-9999,    9
194472,20190827,-9999,    9
194472,20190828,-9999,    9
194472,20190829,-9999,    9
194472,20190830,-9999,    9
194472,20190831,-9999,    9
194472,20190901,-9999,    9
194472,20190902,-9999,    9
194472,20190903,-9999,    9
194472,20190904,-9999,    9
194472,20190905,-9999,    9
194472,20190906,-9999,    9
194472,20190907,-9999,    9
194472,20190908,-9999,    9
194472,20190909,-9999,    9
194472,20190910,-9999,    9
194472,20190911,-9999,    9
194472,20190912,-9999,    9
194472,20190913,-9999,    9
194472,20190914,-9999,    9
194472,20190915,-9999,    9
194472,20190916,-9999,    9
194472,20190917,-9999,    9
194472,20190918,-9999,    9
194472,20190919,-9999,    9
194472,20190920,-9999,    9
194472,20190921,-9999,    9
194472,20190922,-9999,    9
194472,20190923,-9999,    9
194472,20190924,-9999,    9
194472,20190925,-9999,    9
194472,20190926,-9999,    9
194472,20190927,-9999,    9
194472,20190928,-9999,    9
194472,20190929,-9999,    9
194472,20190930,-9999,    9
194472,20191001,-9999,    9
194472,20191002,-9999,    9
194472,20191003,-9999,    9
194472,20191004,-9999,    9
194472,20191005,-9999,    9
194472,20191006,-9999,    9
194472,20191007,-9999,    9
194472,20191008,-9999,    9
194472,20191009,-9999,    9
194472,20191010,-9999,    9
194472,20191011,-9999,    9
194472,20191012,-9999,    9
194472,20191013,-9999,    9
194472,20191014,-9999,    9
194472,20191015,-9999,    9
194472,20191016,-9999,    9
194472,20191017,-9999,    9
194472,20191018,-9999,    9
194472,20191019,-9999,    9
194472,20191020,-9999,    9
194472,20191021,-9999,    9
194472,20191022,-9999,    9
194472,20191023,-9999,    9
194472,20191024,-9999,    9
194472,20191025,-9999,    9
194472,20191026,-9999,    9
194472,20191027,-9999,    9
194472,20191028,-9999,    9
194472,20191029,-9999,    9
194472,20191030,-9999,    9
194472,20191031,-9999,    9
194472,20191101,-9999,    9
194472,20191102,-9999,    9
194472,20191103,-9999,    9
194472,20191104,-9999,    9
194472,20191105,-9999,    9
194472,20191106,-9999,    9
194472,20191107,-9999,    9
194472,20191108,-9999,    9
194472,20191109,-9999,    9
194472,20191110,-9999,    9
194472,20191111,-9999,    9
194472,20191112,-9999,    9
194472,20191113,-9999,    9
194472,20191114,-9999,    9
194472,20191115,-9999,    9
194472,20191116,-9999,    9
194472,20191117,-9999,    9
194472,20191118,-9999,    9
194472,20191119,-9999,    9
194472,20191120,-9999,    9
194472,20191121,-9999,    9
194472,20191122,-9999,    9
194472,20191123,-9999,    9
194472,20191124,-9999,    9
194472,20191125,-9999,    9
194472,20191126,-9999,    9
194472,20191127,-9999,    9
194472,20191128,-9999,    9
194472,20191129,-9999,    9
194472,20191130,-9999,    9
194472,20191201,-9999,    9
194472,20191202,-9999,    9
194472,20191203,-9999,    9
194472,20191204,-9999,    9
194472,20191205,-9999,    9
194472,20191206,-9999,    9
194472,20191207,-9999,    9
194472,20191208,-9999,    9
194472,20191209,-9999,    9
194472,20191210,-9999,    9
194472,20191211,-9999,    9
194472,20191212,-9999,    9
194472,20191213,-9999,    9
194472,20191214,-9999,    9
194472,20191215,-9999,    9
194472,20191216,-9999,    9
194472,20191217,-9999,    9
194472,20191218,-9999,    9
194472,20191219,-9999,    9
194472,20191220,-9999,    9
194472,20191221,-9999,    9
194472,20191222,-9999,    9
194472,20191223,-9999,    9
194472,20191224,-9999,    9
194472,20191225,-9999,    9
194472,20191226,-9999,    9
194472,20191227,-9999,    9
194472,20191228,-9999,    9
194472,20191229,-9999,    9
194472,20191230,-9999,    9
194472,20191231,-9999,    9
194472,20200101,-9999,    9
194472,20200102,-9999,    9
194472,20200103,-9999,    9
194472,20200104,-9999,    9
194472,20200105,-9999,    9
194472,20200106,-9999,    9
194472,20200107,-9999,    9
194472,20200108,-9999,    9
194472,20200109,-9999,    9
194472,20200110,-9999,    9
194472,20200111,-9999,    9
194472,20200112,-9999,    9
194472,20200113,-9999,    9
194472,20200114,-9999,    9
194472,20200115,-9999,    9
194472,20200116,-9999,    9
194472,20200117,-9999,    9
194472,20200118,-9999,    9
194472,20200119,-9999,    9
194472,20200120,-9999,    9
194472,20200121,-9999,    9
194472,20200122,-9999,    9
194472,20200123,-9999,    9
194472,20200124,-9999,    9
194472,20200125,-9999,    9
194472,20200126,-9999,    9
194472,20200127,-9999,    9
194472,20200128,-9999,    9
194472,20200129,-9999,    9
194472,20200130,-9999,    9
194472,20200131,-9999,    9
194472,20200201,-9999,    9
194472,20200202,-9999,    9
194472,20200203,-9999,    9
194472,20200204,-9999,    9
194472,20200205,-9999,    9
194472,20200206,-9999,    9
194472,20200207,-9999,    9
194472,20200208,-9999,    9
194472,20200209,-9999,    9
194472,20200210,-9999,    9
194472,20200211,-9999,    9
194472,20200212,-9999,    9
194472,20200213,-9999,    9
194472,20200214,-9999,    9
194472,20200215,-9999,    9
194472,20200216,-9999,    9
194472,20200217,-9999,    9
194472,20200218,-9999,    9
194472,20200219,-9999,    9
194472,20200220,-9999,    9
194472,20200221,-9999,    9
194472,20200222,-9999,    9
194472,20200223,-9999,    9
194472,20200224,-9999,    9
194472,20200225,-9999,    9
194472,20200226,-9999,    9
194472,20200227,-9999,    9
194472,20200228,-9999,    9
194472,20200229,-9999,    9
194472,20200301,-9999,    9
194472,20200302,-9999,    9
194472,20200303,-9999,    9
194472,20200304,-9999,    9
194472,20200305,-9999,    9
194472,20200306,-9999,    9
194472,20200307,-9999,    9
194472,20200308,-9999,    9
194472,20200309,-9999,    9
194472,20200310,-9999,    9
194472,20200311,-9999,    9
194472,20200312,-9999,    9
194472,20200313,-9999,    9
194472,20200314,-9999,    9
194472,20200315,-9999,    9
194472,20200316,-9999,    9
194472,20200317,-9999,    9
194472,20200318,-9999,    9
194472,20200319,-9999,    9
194472,20200320,-9999,    9
194472,20200321,-9999,    9
194472,20200322,-9999,    9
194472,20200323,-9999,    9
194472,20200324,-9999,    9
194472,20200325,-9999,    9
194472,20200326,-9999,    9
194472,20200327,-9999,    9
194472,20200328,-9999,    9
194472,20200329,-9999,    9
194472,20200330,-9999,    9
194472,20200331,-9999,    9
194472,20200401,-9999,    9
194472,20200402,-9999,    9
194472,20200403,-9999,    9
194472,20200404,-9999,    9
194472,20200405,-9999,    9
194472,20200406,-9999,    9
194472,20200407,-9999,    9
194472,20200408,-9999,    9
194472,20200409,-9999,    9
194472,20200410,-9999,    9
194472,20200411,-9999,    9
194472,20200412,-9999,    9
194472,20200413,-9999,    9
194472,20200414,-9999,    9
194472,20200415,-9999,    9
194472,20200416,-9999,    9
194472,20200417,-9999,    9
194472,20200418,-9999,    9
194472,20200419,-9999,    9
194472,20200420,-9999,    9
194472,20200421,-9999,    9
194472,20200422,-9999,    9
194472,20200423,-9999,    9
194472,20200424,-9999,    9
194472,20200425,-9999,    9
194472,20200426,-9999,    9
194472,20200427,-9999,    9
194472,20200428,-9999,    9
194472,20200429,-9999,    9
194472,20200430,-9999,    9
194472,20200501,-9999,    9
194472,20200502,-9999,    9
194472,20200503,-9999,    9
194472,20200504,-9999,    9
194472,20200505,-9999,    9
194472,20200506,-9999,    9
194472,20200507,-9999,    9
194472,20200508,-9999,    9
194472,20200509,-9999,    9
194472,20200510,-9999,    9
194472,20200511,-9999,    9
194472,20200512,-9999,    9
194472,20200513,-9999,    9
194472,20200514,-9999,    9
194472,20200515,-9999,    9
194472,20200516,-9999,    9
194472,20200517,-9999,    9
194472,20200518,-9999,    9
194472,20200519,-9999,    9
194472,20200520,-9999,    9
194472,20200521,-9999,    9
194472,20200522,-9999,    9
194472,20200523,-9999,    9
194472,20200524,-9999,    9
194472,20200525,-9999,    9
194472,20200526,-9999,    9
194472,20200527,-9999,    9
194472,20200528,-9999,    9
194472,20200529,-9999,    9
194472,20200530,-9999,    9
194472,20200531,-9999,    9
194472,20200601,-9999,    9
194472,20200602,-9999,    9
194472,20200603,-9999,    9
194472,20200604,-9999,    9
194472,20200605,-9999,    9
194472,20200606,-9999,    9
194472,20200607,-9999,    9
194472,20200608,-9999,    9
194472,20200609,-9999,    9
194472,20200610,-9999,    9
194472,20200611,-9999,    9
194472,20200612,-9999,    9
194472,20200613,-9999,    9
194472,20200614,-9999,    9
194472,20200615,-9999,    9
194472,20200616,-9999,    9
194472,20200617,-9999,    9
194472,20200618,-9999,    9
194472,20200619,-9999,    9
194472,20200620,-9999,    9
194472,20200621,-9999,    9
194472,20200622,-9999,    9
194472,20200623,-9999,    9
194472,20200624,-9999,    9
194472,20200625,-9999,    9
194472,20200626,-9999,    9
194472,20200627,-9999,    9
194472,20200628,-9999,    9
194472,20200629,-9999,    9
194472,20200630,-9999,    9
194472,20200701,-9999,    9
194472,20200702,-9999,    9
194472,20200703,-9999,    9
194472,20200704,-9999,    9
194472,20200705,-9999,    9
194472,20200706,-9999,    9
194472,20200707,-9999,    9
194472,20200708,-9999,    9
194472,20200709,-9999,    9
194472,20200710,-9999,    9
194472,20200711,-9999,    9
194472,20200712,-9999,    9
194472,20200713,-9999,    9
194472,20200714,-9999,    9
194472,20200715,-9999,    9
194472,20200716,-9999,    9
194472,20200717,-9999,    9
194472,20200718,-9999,    9
194472,20200719,-9999,    9
194472,20200720,-9999,    9
194472,20200721,-9999,    9
194472,20200722,-9999,    9
194472,20200723,-9999,    9
194472,20200724,-9999,    9
194472,20200725,-9999,    9
194472,20200726,-9999,    9
194472,20200727,-9999,    9
194472,20200728,-9999,    9
194472,20200729,-9999,    9
194472,20200730,-9999,    9
194472,20200731,-9999,    9
194472,20200801,-9999,    9
194472,20200802,-9999,    9
194472,20200803,-9999,    9
194472,20200804,-9999,    9
194472,20200805,-9999,    9
194472,20200806,-9999,    9
194472,20200807,-9999,    9
194472,20200808,-9999,    9
194472,20200809,-9999,    9
194472,20200810,-9999,    9
194472,20200811,-9999,    9
194472,20200812,-9999,    9
194472,20200813,-9999,    9
194472,20200814,-9999,    9
194472,20200815,-9999,    9
194472,20200816,-9999,    9
194472,20200817,-9999,    9
194472,20200818,-9999,    9
194472,20200819,-9999,    9
194472,20200820,-9999,    9
194472,20200821,-9999,    9
194472,20200822,-9999,    9
194472,20200823,-9999,    9
194472,20200824,-9999,    9
194472,20200825,-9999,    9
194472,20200826,-9999,    9
194472,20200827,-9999,    9
194472,20200828,-9999,    9
194472,20200829,-9999,    9
194472,20200830,-9999,    9
194472,20200831,-9999,    9
194472,20200901,-9999,    9
194472,20200902,-9999,    9
194472,20200903,-9999,    9
194472,20200904,-9999,    9
194472,20200905,-9999,    9
194472,20200906,-9999,    9
194472,20200907,-9999,    9
194472,20200908,-9999,    9
194472,20200909,-9999,    9
194472,20200910,-9999,    9
194472,20200911,-9999,    9
194472,20200912,-9999,    9
194472,20200913,-9999,    9
194472,20200914,-9999,    9
194472,20200915,-9999,    9
194472,20200916,-9999,    9
194472,20200917,-9999,    9
194472,20200918,-9999,    9
194472,20200919,-9999,    9
194472,20200920,-9999,    9
194472,20200921,-9999,    9
194472,20200922,-9999,    9
194472,20200923,-9999,    9
194472,20200924,-9999,    9
194472,20200925,-9999,    9
194472,20200926,-9999,    9
194472,20200927,-9999,    9
194472,20200928,-9999,    9
194472,20200929,-9999,    9
194472,20200930,-9999,    9
194472,20201001,-9999,    9
194472,20201002,-9999,    9
194472,20201003,-9999,    9
194472,20201004,-9999,    9
194472,20201005,-9999,    9
194472,20201006,-9999,    9
194472,20201007,-9999,    9
194472,20201008,-9999,    9
194472,20201009,-9999,    9
194472,20201010,-9999,    9
194472,20201011,-9999,    9
194472,20201012,-9999,    9
194472,20201013,-9999,    9
194472,20201014,-9999,    9
194472,20201015,-9999,    9
194472,20201016,-9999,    9
194472,20201017,-9999,    9
194472,20201018,-9999,    9
194472,20201019,-9999,    9
194472,20201020,-9999,    9
194472,20201021,-9999,    9
194472,20201022,-9999,    9
194472,20201023,-9999,    9
194472,20201024,-9999,    9
194472,20201025,-9999,    9
194472,20201026,-9999,    9
194472,20201027,-9999,    9
194472,20201028,-9999,    9
194472,20201029,-9999,    9
194472,20201030,-9999,    9
194472,20201031,-9999,    9
194472,20201101,-9999,    9
194472,20201102,-9999,    9
194472,20201103,-9999,    9
194472,20201104,-9999,    9
194472,20201105,-9999,    9
194472,20201106,-9999,    9
194472,20201107,-9999,    9
194472,20201108,-9999,    9
194472,20201109,-9999,    9
194472,20201110,-9999,    9
194472,20201111,-9999,    9
194472,20201112,-9999,    9
194472,20201113,-9999,    9
194472,20201114,-9999,    9
194472,20201115,-9999,    9
194472,20201116,-9999,    9
194472,20201117,-9999,    9
194472,20201118,-9999,    9
194472,20201119,-9999,    9
194472,20201120,-9999,    9
194472,20201121,-9999,    9
194472,20201122,-9999,    9
194472,20201123,-9999,    9
194472,20201124,-9999,    9
194472,20201125,-9999,    9
194472,20201126,-9999,    9
194472,20201127,-9999,    9
194472,20201128,-9999,    9
194472,20201129,-9999,    9
194472,20201130,-9999,    9
194472,20201201,-9999,    9
194472,20201202,-9999,    9
194472,20201203,-9999,    9
194472,20201204,-9999,    9
194472,20201205,-9999,    9
194472,20201206,-9999,    9
194472,20201207,-9999,    9
194472,20201208,-9999,    9
194472,20201209,-9999,    9
194472,20201210,-9999,    9
194472,20201211,-9999,    9
194472,20201212,-9999,    9
194472,20201213,-9999,    9
194472,20201214,-9999,    9
194472,20201215,-9999,    9
194472,20201216,-9999,    9
194472,20201217,-9999,    9
194472,20201218,-9999,    9
194472,20201219,-9999,    9
194472,20201220,-9999,    9
194472,20201221,-9999,    9
194472,20201222,-9999,    9
194472,20201223,-9999,    9
194472,20201224,-9999,    9
194472,20201225,-9999,    9
194472,20201226,-9999,    9
194472,20201227,-9999,    9
194472,20201228,-9999,    9
194472,20201229,-9999,    9
194472,20201230,-9999,    9
194472,20201231,-9999,    9
194472,20210101,-9999,    9
194472,20210102,-9999,    9
194472,20210103,-9999,    9
194472,20210104,-9999,    9
194472,20210105,-9999,    9
194472,20210106,-9999,    9
194472,20210107,-9999,    9
194472,20210108,-9999,    9
194472,20210109,-9999,    9
194472,20210110,-9999,    9
194472,20210111,-9999,    9
194472,20210112,-9999,    9
194472,20210113,-9999,    9
194472,20210114,-9999,    9
194472,20210115,-9999,    9
194472,20210116,-9999,    9
194472,20210117,-9999,    9
194472,20210118,-9999,    9
194472,20210119,-9999,    9
194472,20210120,-9999,    9
194472,20210121,-9999,    9
194472,20210122,-9999,    9
194472,20210123,-9999,    9
194472,20210124,-9999,    9
194472,20210125,-9999,    9
194472,20210126,-9999,    9
194472,20210127,-9999,    9
194472,20210128,-9999,    9
194472,20210129,-9999,    9
194472,20210130,-9999,    9
194472,20210131,-9999,    9
194472,20210201,-9999,    9
194472,20210202,-9999,    9
194472,20210203,-9999,    9
194472,20210204,-9999,    9
194472,20210205,-9999,    9
194472,20210206,-9999,    9
194472,20210207,-9999,    9
194472,20210208,-9999,    9
194472,20210209,-9999,    9
194472,20210210,-9999,    9
194472,20210211,-9999,    9
194472,20210212,-9999,    9
194472,20210213,-9999,    9
194472,20210214,-9999,    9
194472,20210215,-9999,    9
194472,20210216,-9999,    9
194472,20210217,-9999,    9
194472,20210218,-9999,    9
194472,20210219,-9999,    9
194472,20210220,-9999,    9
194472,20210221,-9999,    9
194472,20210222,-9999,    9
194472,20210223,-9999,    9
194472,20210224,-9999,    9
194472,20210225,-9999,    9
194472,20210226,-9999,    9
194472,20210227,-9999,    9
194472,20210228,-9999,    9
194472,20210301,-9999,    9
194472,20210302,-9999,    9
194472,20210303,-9999,    9
194472,20210304,-9999,    9
194472,20210305,-9999,    9
194472,20210306,-9999,    9
194472,20210307,-9999,    9
194472,20210308,-9999,    9
194472,20210309,-9999,    9
194472,20210310,-9999,    9
194472,20210311,-9999,    9
194472,20210312,-9999,    9
194472,20210313,-9999,    9
194472,20210314,-9999,    9
194472,20210315,-9999,    9
194472,20210316,-9999,    9
194472,20210317,-9999,    9
194472,20210318,-9999,    9
194472,20210319,-9999,    9
194472,20210320,-9999,    9
194472,20210321,-9999,    9
194472,20210322,-9999,    9
194472,20210323,-9999,    9
194472,20210324,-9999,    9
194472,20210325,-9999,    9
194472,20210326,-9999,    9
194472,20210327,-9999,    9
194472,20210328,-9999,    9
194472,20210329,-9999,    9
194472,20210330,-9999,    9
194472,20210331,-9999,    9
