EUROPEAN CLIMATE ASSESSMENT & DATASET (ECA&D), file created on 12-05-2021
THESE DATA CAN BE USED FREELY PROVIDED THAT THE FOLLOWING SOURCE IS ACKNOWLEDGED:

Klein Tank, A.M.G. and Coauthors, 2002. Daily dataset of 20th-century surface
air temperature and precipitation series for the European Climate Assessment.
Int. J. of Climatol., 22, 1441-1453.
Data and metadata available at http://www.ecad.eu

FILE FORMAT (MISSING VALUE CODE IS -9999):

01-06 SOUID: Source identifier
08-15 DATE : Date YYYYMMDD
17-21 TG   : mean temperature in 0.1 &#176;C
23-27 Q_TG : Quality code for TG (0='valid'; 1='suspect'; 9='missing')

This is the blended series of station ITALY, PADERNO (STAID: 17710).
Blended and updated with sources: 196344 
See file sources.txt and stations.txt for more info.

 SOUID,    DATE,   TG, Q_TG
196344,20140201,-9999,    9
196344,20140202,-9999,    9
196344,20140203,-9999,    9
196344,20140204,-9999,    9
196344,20140205,-9999,    9
196344,20140206,   73,    0
196344,20140207,   92,    0
196344,20140208,   85,    0
196344,20140209,   88,    0
196344,20140210,   73,    0
196344,20140211,   59,    0
196344,20140212,   80,    0
196344,20140213,   97,    0
196344,20140214,   84,    0
196344,20140215,   79,    0
196344,20140216,   72,    0
196344,20140217,   97,    0
196344,20140218,   83,    0
196344,20140219,   83,    0
196344,20140220,   76,    0
196344,20140221,   96,    0
196344,20140222,   72,    0
196344,20140223,   67,    0
196344,20140224,   63,    0
196344,20140225,   79,    0
196344,20140226,   96,    0
196344,20140227,   74,    0
196344,20140228,   91,    0
196344,20140301,   74,    0
196344,20140302,   60,    0
196344,20140303,   84,    0
196344,20140304,   65,    0
196344,20140305,   87,    0
196344,20140306,   98,    0
196344,20140307,  105,    0
196344,20140308,   88,    0
196344,20140309,   96,    0
196344,20140310,   87,    0
196344,20140311,   79,    0
196344,20140312,   91,    0
196344,20140313,  104,    0
196344,20140314,  105,    0
196344,20140315,  123,    0
196344,20140316,  127,    0
196344,20140317,  159,    0
196344,20140318,  120,    0
196344,20140319,  144,    0
196344,20140320,  120,    0
196344,20140321,  137,    0
196344,20140322,  148,    0
196344,20140323,  115,    0
196344,20140324,   64,    0
196344,20140325,   74,    0
196344,20140326,   70,    0
196344,20140327,   91,    0
196344,20140328,  119,    0
196344,20140329,  122,    0
196344,20140330,  130,    0
196344,20140331,  145,    0
196344,20140401,  144,    0
196344,20140402,  149,    0
196344,20140403,  135,    0
196344,20140404,  115,    0
196344,20140405,  121,    0
196344,20140406,  153,    0
196344,20140407,  163,    0
196344,20140408,  178,    0
196344,20140409,  140,    0
196344,20140410,  147,    0
196344,20140411,  146,    0
196344,20140412,  133,    0
196344,20140413,  130,    0
196344,20140414,  159,    0
196344,20140415,  121,    0
196344,20140416,   99,    0
196344,20140417,  105,    0
196344,20140418,  127,    0
196344,20140419,  111,    0
196344,20140420,  134,    0
196344,20140421,  131,    0
196344,20140422,  136,    0
196344,20140423,  151,    0
196344,20140424,  172,    0
196344,20140425,  173,    0
196344,20140426,  169,    0
196344,20140427,  141,    0
196344,20140428,  109,    0
196344,20140429,  136,    0
196344,20140430,  145,    0
196344,20140501,  157,    0
196344,20140502,  127,    0
196344,20140503,  131,    0
196344,20140504,  141,    0
196344,20140505,  140,    0
196344,20140506,  164,    0
196344,20140507,  166,    0
196344,20140508,  160,    0
196344,20140509,  186,    0
196344,20140510,  208,    0
196344,20140511,  191,    0
196344,20140512,  161,    0
196344,20140513,  113,    0
196344,20140514,  150,    0
196344,20140515,  155,    0
196344,20140516,  170,    0
196344,20140517,  170,    0
196344,20140518,  189,    0
196344,20140519,  171,    0
196344,20140520,  186,    0
196344,20140521,  207,    0
196344,20140522,  229,    0
196344,20140523,  208,    0
196344,20140524,  205,    0
196344,20140525,  190,    0
196344,20140526,  175,    0
196344,20140527,  176,    0
196344,20140528,  185,    0
196344,20140529,  182,    0
196344,20140530,  182,    0
196344,20140531,  161,    0
196344,20140601,  174,    0
196344,20140602,  177,    0
196344,20140603,  186,    0
196344,20140604,  191,    0
196344,20140605,  216,    0
196344,20140606,  217,    0
196344,20140607,  235,    0
196344,20140608,  250,    0
196344,20140609,  250,    0
196344,20140610,  253,    0
196344,20140611,  267,    0
196344,20140612,  263,    0
196344,20140613,  258,    0
196344,20140614,  207,    0
196344,20140615,  180,    0
196344,20140616,  161,    0
196344,20140617,  181,    0
196344,20140618,  183,    0
196344,20140619,  205,    0
196344,20140620,  227,    0
196344,20140621,  218,    0
196344,20140622,  245,    0
196344,20140623,  248,    0
196344,20140624,  250,    0
196344,20140625,  204,    0
196344,20140626,  193,    0
196344,20140627,  216,    0
196344,20140628,  238,    0
196344,20140629,  226,    0
196344,20140630,  213,    0
196344,20140701,  217,    0
196344,20140702,  210,    0
196344,20140703,  222,    0
196344,20140704,  222,    0
196344,20140705,  231,    0
196344,20140706,  253,    0
196344,20140707,  253,    0
196344,20140708,  208,    0
196344,20140709,  186,    0
196344,20140710,  171,    0
196344,20140711,  213,    0
196344,20140712,  208,    0
196344,20140713,  206,    0
196344,20140714,  197,    0
196344,20140715,  222,    0
196344,20140716,  243,    0
196344,20140717,  259,    0
196344,20140718,  260,    0
196344,20140719,  268,    0
196344,20140720,  268,    0
196344,20140721,  199,    0
196344,20140722,  215,    0
196344,20140723,  234,    0
196344,20140724,  204,    0
196344,20140725,  223,    0
196344,20140726,  194,    0
196344,20140727,  208,    0
196344,20140728,  246,    0
196344,20140729,  218,    0
196344,20140730,  177,    0
196344,20140731,  229,    0
196344,20140801,  241,    0
196344,20140802,  245,    0
196344,20140803,  226,    0
196344,20140804,  232,    0
196344,20140805,  219,    0
196344,20140806,  226,    0
196344,20140807,  231,    0
196344,20140808,  240,    0
196344,20140809,  257,    0
196344,20140810,  266,    0
196344,20140811,  272,    0
196344,20140812,  271,    0
196344,20140813,  253,    0
196344,20140814,  226,    0
196344,20140815,  208,    0
196344,20140816,  168,    0
196344,20140817,  196,    0
196344,20140818,  214,    0
196344,20140819,  209,    0
196344,20140820,  213,    0
196344,20140821,  221,    0
196344,20140822,  217,    0
196344,20140823,  191,    0
196344,20140824,  203,    0
196344,20140825,  199,    0
196344,20140826,  225,    0
196344,20140827,  225,    0
196344,20140828,  210,    0
196344,20140829,  216,    0
196344,20140830,  225,    0
196344,20140831,  228,    0
196344,20140901,  167,    0
196344,20140902,  178,    0
196344,20140903,  166,    0
196344,20140904,  189,    0
196344,20140905,  199,    0
196344,20140906,  212,    0
196344,20140907,  209,    0
196344,20140908,  217,    0
196344,20140909,  228,    0
196344,20140910,  194,    0
196344,20140911,  173,    0
196344,20140912,  157,    0
196344,20140913,  174,    0
196344,20140914,  187,    0
196344,20140915,  188,    0
196344,20140916,  189,    0
196344,20140917,  183,    0
196344,20140918,  176,    0
196344,20140919,  180,    0
196344,20140920,  182,    0
196344,20140921,  205,    0
196344,20140922,  207,    0
196344,20140923,  157,    0
196344,20140924,  140,    0
196344,20140925,  157,    0
196344,20140926,  155,    0
196344,20140927,  170,    0
196344,20140928,  173,    0
196344,20140929,  172,    0
196344,20140930,  186,    0
196344,20141001,  170,    0
196344,20141002,  170,    0
196344,20141003,  161,    0
196344,20141004,  152,    0
196344,20141005,  150,    0
196344,20141006,  142,    0
196344,20141007,  166,    0
196344,20141008,  174,    0
196344,20141009,  175,    0
196344,20141010,  187,    0
196344,20141011,  183,    0
196344,20141012,  181,    0
196344,20141013,  201,    0
196344,20141014,  169,    0
196344,20141015,  166,    0
196344,20141016,  189,    0
196344,20141017,  207,    0
196344,20141018,  194,    0
196344,20141019,  193,    0
196344,20141020,  184,    0
196344,20141021,  198,    0
196344,20141022,  149,    0
196344,20141023,  144,    0
196344,20141024,  156,    0
196344,20141025,  117,    0
196344,20141026,  104,    0
196344,20141027,   97,    0
196344,20141028,   88,    0
196344,20141029,   83,    0
196344,20141030,   86,    0
196344,20141031,   86,    0
196344,20141101,  100,    0
196344,20141102,  116,    0
196344,20141103,  149,    0
196344,20141104,  177,    0
196344,20141105,  160,    0
196344,20141106,  139,    0
196344,20141107,  120,    0
196344,20141108,  132,    0
196344,20141109,  135,    0
196344,20141110,  145,    0
196344,20141111,  140,    0
196344,20141112,  137,    0
196344,20141113,  127,    0
196344,20141114,  125,    0
196344,20141115,  141,    0
196344,20141116,  138,    0
196344,20141117,  106,    0
196344,20141118,   95,    0
196344,20141119,   91,    0
196344,20141120,   71,    0
196344,20141121,   77,    0
196344,20141122,   97,    0
196344,20141123,  102,    0
196344,20141124,  104,    0
196344,20141125,   99,    0
196344,20141126,   72,    0
196344,20141127,   66,    0
196344,20141128,   78,    0
196344,20141129,  106,    0
196344,20141130,  112,    0
196344,20141201,  116,    0
196344,20141202,   94,    0
196344,20141203,   69,    0
196344,20141204,   79,    0
196344,20141205,   82,    0
196344,20141206,   89,    0
196344,20141207,   74,    0
196344,20141208,   80,    0
196344,20141209,   70,    0
196344,20141210,   58,    0
196344,20141211,   41,    0
196344,20141212,   46,    0
196344,20141213,   50,    0
196344,20141214,   60,    0
196344,20141215,   65,    0
196344,20141216,   69,    0
196344,20141217,   88,    0
196344,20141218,   71,    0
196344,20141219,   63,    0
196344,20141220,   55,    0
196344,20141221,   48,    0
196344,20141222,   27,    0
196344,20141223,   19,    0
196344,20141224,   21,    0
196344,20141225,   53,    0
196344,20141226,   39,    0
196344,20141227,   16,    0
196344,20141228,    4,    0
196344,20141229,   15,    0
196344,20141230,   -6,    0
196344,20141231,  -16,    0
196344,20150101,   -2,    0
196344,20150102,   37,    0
196344,20150103,   65,    0
196344,20150104,   79,    0
196344,20150105,   53,    0
196344,20150106,   36,    0
196344,20150107,   40,    0
196344,20150108,   48,    0
196344,20150109,   48,    0
196344,20150110,   78,    0
196344,20150111,   70,    0
196344,20150112,   83,    0
196344,20150113,   81,    0
196344,20150114,   56,    0
196344,20150115,   60,    0
196344,20150116,  122,    0
196344,20150117,  124,    0
196344,20150118,   64,    0
196344,20150119,   31,    0
196344,20150120,   35,    0
196344,20150121,   48,    0
196344,20150122,   46,    0
196344,20150123,   60,    0
196344,20150124,   69,    0
196344,20150125,   52,    0
196344,20150126,   32,    0
196344,20150127,   15,    0
196344,20150128,   24,    0
196344,20150129,   38,    0
196344,20150130,   31,    0
196344,20150131,   41,    0
196344,20150201,   28,    0
196344,20150202,   30,    0
196344,20150203,   40,    0
196344,20150204,   36,    0
196344,20150205,   18,    0
196344,20150206,    7,    0
196344,20150207,    7,    0
196344,20150208,   10,    0
196344,20150209,   16,    0
196344,20150210,   35,    0
196344,20150211,   33,    0
196344,20150212,   35,    0
196344,20150213,   33,    0
196344,20150214,   39,    0
196344,20150215,   51,    0
196344,20150216,   50,    0
196344,20150217,   62,    0
196344,20150218,   40,    0
196344,20150219,   37,    0
196344,20150220,   43,    0
196344,20150221,   80,    0
196344,20150222,   59,    0
196344,20150223,   83,    0
196344,20150224,   57,    0
196344,20150225,   62,    0
196344,20150226,   72,    0
196344,20150227,   72,    0
196344,20150228,   66,    0
196344,20150301,   78,    0
196344,20150302,  104,    0
196344,20150303,   87,    0
196344,20150304,   74,    0
196344,20150305,   67,    0
196344,20150306,   62,    0
196344,20150307,   59,    0
196344,20150308,   58,    0
196344,20150309,   54,    0
196344,20150310,   71,    0
196344,20150311,   98,    0
196344,20150312,   78,    0
196344,20150313,   84,    0
196344,20150314,   79,    0
196344,20150315,   82,    0
196344,20150316,   80,    0
196344,20150317,   82,    0
196344,20150318,   96,    0
196344,20150319,   90,    0
196344,20150320,   90,    0
196344,20150321,   94,    0
196344,20150322,   90,    0
196344,20150323,  103,    0
196344,20150324,  101,    0
196344,20150325,   99,    0
196344,20150326,  108,    0
196344,20150327,   98,    0
196344,20150328,  108,    0
196344,20150329,  127,    0
196344,20150330,  164,    0
196344,20150331,  166,    0
196344,20150401,  152,    0
196344,20150402,  125,    0
196344,20150403,  113,    0
196344,20150404,   67,    0
196344,20150405,   73,    0
196344,20150406,   68,    0
196344,20150407,   70,    0
196344,20150408,  103,    0
196344,20150409,  118,    0
196344,20150410,  137,    0
196344,20150411,  151,    0
196344,20150412,  143,    0
196344,20150413,  169,    0
196344,20150414,  171,    0
196344,20150415,  176,    0
196344,20150416,  193,    0
196344,20150417,  152,    0
196344,20150418,  127,    0
196344,20150419,   88,    0
196344,20150420,  111,    0
196344,20150421,  147,    0
196344,20150422,  178,    0
196344,20150423,  176,    0
196344,20150424,  160,    0
196344,20150425,  144,    0
196344,20150426,  156,    0
196344,20150427,  151,    0
196344,20150428,  139,    0
196344,20150429,  142,    0
196344,20150430,  148,    0
196344,20150501,  167,    0
196344,20150502,  179,    0
196344,20150503,  181,    0
196344,20150504,  182,    0
196344,20150505,  182,    0
196344,20150506,  188,    0
196344,20150507,  194,    0
196344,20150508,  195,    0
196344,20150509,  191,    0
196344,20150510,  198,    0
196344,20150511,  207,    0
196344,20150512,  200,    0
196344,20150513,  220,    0
196344,20150514,  223,    0
196344,20150515,  174,    0
196344,20150516,  153,    0
196344,20150517,  197,    0
196344,20150518,  203,    0
196344,20150519,  218,    0
196344,20150520,  187,    0
196344,20150521,  126,    0
196344,20150522,  114,    0
196344,20150523,  121,    0
196344,20150524,  149,    0
196344,20150525,  177,    0
196344,20150526,  150,    0
196344,20150527,  154,    0
196344,20150528,  170,    0
196344,20150529,  192,    0
196344,20150530,  203,    0
196344,20150531,  191,    0
196344,20150601,  193,    0
196344,20150602,  222,    0
196344,20150603,  233,    0
196344,20150604,  241,    0
196344,20150605,  246,    0
196344,20150606,  252,    0
196344,20150607,  245,    0
196344,20150608,  233,    0
196344,20150609,  231,    0
196344,20150610,  220,    0
196344,20150611,  232,    0
196344,20150612,  239,    0
196344,20150613,  253,    0
196344,20150614,  212,    0
196344,20150615,  228,    0
196344,20150616,  209,    0
196344,20150617,  178,    0
196344,20150618,  200,    0
196344,20150619,  209,    0
196344,20150620,  188,    0
196344,20150621,  189,    0
196344,20150622,  210,    0
196344,20150623,  232,    0
196344,20150624,  177,    0
196344,20150625,  190,    0
196344,20150626,  214,    0
196344,20150627,  230,    0
196344,20150628,  227,    0
196344,20150629,  234,    0
196344,20150630,  237,    0
196344,20150701,  250,    0
196344,20150702,  266,    0
196344,20150703,  275,    0
196344,20150704,  277,    0
196344,20150705,  282,    0
196344,20150706,  295,    0
196344,20150707,  295,    0
196344,20150708,  290,    0
196344,20150709,  236,    0
196344,20150710,  230,    0
196344,20150711,  246,    0
196344,20150712,  268,    0
196344,20150713,  274,    0
196344,20150714,  269,    0
196344,20150715,  275,    0
196344,20150716,  289,    0
196344,20150717,  298,    0
196344,20150718,  296,    0
196344,20150719,  298,    0
196344,20150720,  291,    0
196344,20150721,  292,    0
196344,20150722,  298,    0
196344,20150723,  298,    0
196344,20150724,  265,    0
196344,20150725,  271,    0
196344,20150726,  256,    0
196344,20150727,  271,    0
196344,20150728,  271,    0
196344,20150729,  275,    0
196344,20150730,  240,    0
196344,20150731,  207,    0
196344,20150801,  214,    0
196344,20150802,  222,    0
196344,20150803,  252,    0
196344,20150804,  271,    0
196344,20150805,  276,    0
196344,20150806,  283,    0
196344,20150807,  285,    0
196344,20150808,  284,    0
196344,20150809,  268,    0
196344,20150810,  213,    0
196344,20150811,  241,    0
196344,20150812,  266,    0
196344,20150813,  275,    0
196344,20150814,  274,    0
196344,20150815,  231,    0
196344,20150816,  205,    0
196344,20150817,  230,    0
196344,20150818,  234,    0
196344,20150819,  194,    0
196344,20150820,  221,    0
196344,20150821,  209,    0
196344,20150822,  209,    0
196344,20150823,  209,    0
196344,20150824,  220,    0
196344,20150825,  225,    0
196344,20150826,  223,    0
196344,20150827,  243,    0
196344,20150828,  257,    0
196344,20150829,  261,    0
196344,20150830,  272,    0
196344,20150831,  267,    0
196344,20150901,  261,    0
196344,20150902,  253,    0
196344,20150903,  242,    0
196344,20150904,  236,    0
196344,20150905,  210,    0
196344,20150906,  187,    0
196344,20150907,  181,    0
196344,20150908,  179,    0
196344,20150909,  164,    0
196344,20150910,  171,    0
196344,20150911,  183,    0
196344,20150912,  199,    0
196344,20150913,  185,    0
196344,20150914,  243,    0
196344,20150915,  227,    0
196344,20150916,  242,    0
196344,20150917,  267,    0
196344,20150918,  248,    0
196344,20150919,  206,    0
196344,20150920,  181,    0
196344,20150921,  187,    0
196344,20150922,  188,    0
196344,20150923,  181,    0
196344,20150924,  136,    0
196344,20150925,  175,    0
196344,20150926,  172,    0
196344,20150927,  156,    0
196344,20150928,  156,    0
196344,20150929,  146,    0
196344,20150930,  132,    0
196344,20151001,  107,    0
196344,20151002,  118,    0
196344,20151003,  156,    0
196344,20151004,  185,    0
196344,20151005,  175,    0
196344,20151006,  156,    0
196344,20151007,  168,    0
196344,20151008,  167,    0
196344,20151009,  151,    0
196344,20151010,  134,    0
196344,20151011,  155,    0
196344,20151012,  166,    0
196344,20151013,  144,    0
196344,20151014,  146,    0
196344,20151015,  144,    0
196344,20151016,  109,    0
196344,20151017,  105,    0
196344,20151018,  109,    0
196344,20151019,  113,    0
196344,20151020,  103,    0
196344,20151021,   94,    0
196344,20151022,   98,    0
196344,20151023,  102,    0
196344,20151024,  109,    0
196344,20151025,  114,    0
196344,20151026,  114,    0
196344,20151027,  114,    0
196344,20151028,  110,    0
196344,20151029,  118,    0
196344,20151030,  131,    0
196344,20151031,  110,    0
196344,20151101,   97,    0
196344,20151102,   88,    0
196344,20151103,   99,    0
196344,20151104,  117,    0
196344,20151105,  128,    0
196344,20151106,  130,    0
196344,20151107,  134,    0
196344,20151108,  138,    0
196344,20151109,  149,    0
196344,20151110,  144,    0
196344,20151111,  135,    0
196344,20151112,  125,    0
196344,20151113,  104,    0
196344,20151114,   95,    0
196344,20151115,   93,    0
196344,20151116,   90,    0
196344,20151117,   89,    0
196344,20151118,   92,    0
196344,20151119,  100,    0
196344,20151120,   95,    0
196344,20151121,   74,    0
196344,20151122,   51,    0
196344,20151123,   34,    0
196344,20151124,   37,    0
196344,20151125,   19,    0
196344,20151126,   38,    0
196344,20151127,   51,    0
196344,20151128,   27,    0
196344,20151129,   38,    0
196344,20151130,   70,    0
196344,20151201,   78,    0
196344,20151202,   68,    0
196344,20151203,   54,    0
196344,20151204,   38,    0
196344,20151205,   49,    0
196344,20151206,   42,    0
196344,20151207,   63,    0
196344,20151208,   68,    0
196344,20151209,   36,    0
196344,20151210,   36,    0
196344,20151211,   30,    0
196344,20151212,   38,    0
196344,20151213,   44,    0
196344,20151214,   53,    0
196344,20151215,   64,    0
196344,20151216,   64,    0
196344,20151217,   65,    0
196344,20151218,   71,    0
196344,20151219,   74,    0
196344,20151220,   69,    0
196344,20151221,   56,    0
196344,20151222,   67,    0
196344,20151223,   55,    0
196344,20151224,   61,    0
196344,20151225,   69,    0
196344,20151226,   45,    0
196344,20151227,   34,    0
196344,20151228,   25,    0
196344,20151229,   59,    0
196344,20151230,   36,    0
196344,20151231,   35,    0
196344,20160101,   16,    0
196344,20160102,    5,    0
196344,20160103,   17,    0
196344,20160104,   14,    0
196344,20160105,   21,    0
196344,20160106,   30,    0
196344,20160107,   35,    0
196344,20160108,   42,    0
196344,20160109,   42,    0
196344,20160110,   70,    0
196344,20160111,  137,    0
196344,20160112,  113,    0
196344,20160113,   93,    0
196344,20160114,   43,    0
196344,20160115,   45,    0
196344,20160116,   28,    0
196344,20160117,   27,    0
196344,20160118,    6,    0
196344,20160119,  -16,    0
196344,20160120,   -7,    0
196344,20160121,   -3,    0
196344,20160122,    7,    0
196344,20160123,   10,    0
196344,20160124,   29,    0
196344,20160125,   70,    0
196344,20160126,   95,    0
196344,20160127,   88,    0
196344,20160128,   81,    0
196344,20160129,  102,    0
196344,20160130,   94,    0
196344,20160131,   89,    0
196344,20160201,   77,    0
196344,20160202,   63,    0
196344,20160203,   68,    0
196344,20160204,   65,    0
196344,20160205,   54,    0
196344,20160206,   60,    0
196344,20160207,  114,    0
196344,20160208,   73,    0
196344,20160209,  108,    0
196344,20160210,   88,    0
196344,20160211,   60,    0
196344,20160212,   61,    0
196344,20160213,   47,    0
196344,20160214,   47,    0
196344,20160215,   49,    0
196344,20160216,   50,    0
196344,20160217,   55,    0
196344,20160218,   71,    0
196344,20160219,   86,    0
196344,20160220,   74,    0
196344,20160221,  101,    0
196344,20160222,   95,    0
196344,20160223,  107,    0
196344,20160224,   84,    0
196344,20160225,   61,    0
196344,20160226,   62,    0
196344,20160227,   57,    0
196344,20160228,   91,    0
196344,20160229,   86,    0
196344,20160301,   86,    0
196344,20160302,  103,    0
196344,20160303,   36,    0
196344,20160304,   78,    0
196344,20160305,   91,    0
196344,20160306,   43,    0
196344,20160307,   45,    0
196344,20160308,   41,    0
196344,20160309,   38,    0
196344,20160310,   76,    0
196344,20160311,   77,    0
196344,20160312,   92,    0
196344,20160313,   86,    0
196344,20160314,   77,    0
196344,20160315,   73,    0
196344,20160316,   58,    0
196344,20160317,   69,    0
196344,20160318,   91,    0
196344,20160319,  117,    0
196344,20160320,  132,    0
196344,20160321,  116,    0
196344,20160322,   93,    0
196344,20160323,   79,    0
196344,20160324,   92,    0
196344,20160325,  112,    0
196344,20160326,  104,    0
196344,20160327,  118,    0
196344,20160328,  127,    0
196344,20160329,  151,    0
196344,20160330,  161,    0
196344,20160331,  139,    0
196344,20160401,  136,    0
196344,20160402,  127,    0
196344,20160403,  138,    0
196344,20160404,  130,    0
196344,20160405,  142,    0
196344,20160406,  155,    0
196344,20160407,  123,    0
196344,20160408,  129,    0
196344,20160409,  122,    0
196344,20160410,  145,    0
196344,20160411,  162,    0
196344,20160412,  175,    0
196344,20160413,  170,    0
196344,20160414,  160,    0
196344,20160415,  168,    0
196344,20160416,  184,    0
196344,20160417,  187,    0
196344,20160418,  173,    0
196344,20160419,  135,    0
196344,20160420,  132,    0
196344,20160421,  135,    0
196344,20160422,  163,    0
196344,20160423,  143,    0
196344,20160424,   97,    0
196344,20160425,   95,    0
196344,20160426,  119,    0
196344,20160427,  143,    0
196344,20160428,  107,    0
196344,20160429,  125,    0
196344,20160430,  123,    0
196344,20160501,  115,    0
196344,20160502,  113,    0
196344,20160503,  163,    0
196344,20160504,  161,    0
196344,20160505,  141,    0
196344,20160506,  153,    0
196344,20160507,  157,    0
196344,20160508,  164,    0
196344,20160509,  162,    0
196344,20160510,  177,    0
196344,20160511,  162,    0
196344,20160512,  164,    0
196344,20160513,  159,    0
196344,20160514,  169,    0
196344,20160515,  145,    0
196344,20160516,  137,    0
196344,20160517,  146,    0
196344,20160518,  166,    0
196344,20160519,  136,    0
196344,20160520,  162,    0
196344,20160521,  186,    0
196344,20160522,  202,    0
196344,20160523,  167,    0
196344,20160524,  172,    0
196344,20160525,  187,    0
196344,20160526,  199,    0
196344,20160527,  203,    0
196344,20160528,  221,    0
196344,20160529,  185,    0
196344,20160530,  195,    0
196344,20160531,  192,    0
196344,20160601,  183,    0
196344,20160602,  179,    0
196344,20160603,  189,    0
196344,20160604,  187,    0
196344,20160605,  203,    0
196344,20160606,  197,    0
196344,20160607,  215,    0
196344,20160608,  210,    0
196344,20160609,  173,    0
196344,20160610,  189,    0
196344,20160611,  215,    0
196344,20160612,  184,    0
196344,20160613,  201,    0
196344,20160614,  201,    0
196344,20160615,  210,    0
196344,20160616,  230,    0
196344,20160617,  210,    0
196344,20160618,  194,    0
196344,20160619,  169,    0
196344,20160620,  204,    0
196344,20160621,  221,    0
196344,20160622,  236,    0
196344,20160623,  251,    0
196344,20160624,  272,    0
196344,20160625,  275,    0
196344,20160626,  270,    0
196344,20160627,  235,    0
196344,20160628,  237,    0
196344,20160629,  252,    0
196344,20160630,  262,    0
196344,20160701,  255,    0
196344,20160702,  262,    0
196344,20160703,  254,    0
196344,20160704,  240,    0
196344,20160705,  243,    0
196344,20160706,  256,    0
196344,20160707,  247,    0
196344,20160708,  259,    0
196344,20160709,  276,    0
196344,20160710,  277,    0
196344,20160711,  287,    0
196344,20160712,  283,    0
196344,20160713,  255,    0
196344,20160714,  222,    0
196344,20160715,  191,    0
196344,20160716,  212,    0
196344,20160717,  245,    0
196344,20160718,  269,    0
196344,20160719,  266,    0
196344,20160720,  274,    0
196344,20160721,  276,    0
196344,20160722,  270,    0
196344,20160723,  235,    0
196344,20160724,  237,    0
196344,20160725,  237,    0
196344,20160726,  256,    0
196344,20160727,  247,    0
196344,20160728,  246,    0
196344,20160729,  264,    0
196344,20160730,  278,    0
196344,20160731,  267,    0
196344,20160801,  238,    0
196344,20160802,  245,    0
196344,20160803,  258,    0
196344,20160804,  274,    0
196344,20160805,  232,    0
196344,20160806,  214,    0
196344,20160807,  229,    0
196344,20160808,  230,    0
196344,20160809,  251,    0
196344,20160810,  201,    0
196344,20160811,  189,    0
196344,20160812,  194,    0
196344,20160813,  217,    0
196344,20160814,  241,    0
196344,20160815,  257,    0
196344,20160816,  257,    0
196344,20160817,  255,    0
196344,20160818,  238,    0
196344,20160819,  242,    0
196344,20160820,  244,    0
196344,20160821,  238,    0
196344,20160822,  210,    0
196344,20160823,  212,    0
196344,20160824,  227,    0
196344,20160825,  227,    0
196344,20160826,  226,    0
196344,20160827,  235,    0
196344,20160828,  259,    0
196344,20160829,  267,    0
196344,20160830,  231,    0
196344,20160831,  234,    0
196344,20160901,  241,    0
196344,20160902,  251,    0
196344,20160903,  253,    0
196344,20160904,  260,    0
196344,20160905,  239,    0
196344,20160906,  198,    0
196344,20160907,  199,    0
196344,20160908,  217,    0
196344,20160909,  230,    0
196344,20160910,  227,    0
196344,20160911,  230,    0
196344,20160912,  232,    0
196344,20160913,  237,    0
196344,20160914,  239,    0
196344,20160915,  224,    0
196344,20160916,  175,    0
196344,20160917,  201,    0
196344,20160918,  170,    0
196344,20160919,  185,    0
196344,20160920,  199,    0
196344,20160921,  167,    0
196344,20160922,  171,    0
196344,20160923,  167,    0
196344,20160924,  172,    0
196344,20160925,  171,    0
196344,20160926,  173,    0
196344,20160927,  175,    0
196344,20160928,  176,    0
196344,20160929,  189,    0
196344,20160930,  205,    0
196344,20161001,  201,    0
196344,20161002,  184,    0
196344,20161003,  172,    0
196344,20161004,  145,    0
196344,20161005,  139,    0
196344,20161006,  117,    0
196344,20161007,  126,    0
196344,20161008,  116,    0
196344,20161009,  116,    0
196344,20161010,   95,    0
196344,20161011,   89,    0
196344,20161012,  106,    0
196344,20161013,   95,    0
196344,20161014,  115,    0
196344,20161015,  131,    0
196344,20161016,  143,    0
196344,20161017,  140,    0
196344,20161018,  145,    0
196344,20161019,  139,    0
196344,20161020,  115,    0
196344,20161021,  108,    0
196344,20161022,  101,    0
196344,20161023,  111,    0
196344,20161024,  115,    0
196344,20161025,  124,    0
196344,20161026,  134,    0
196344,20161027,  132,    0
196344,20161028,  117,    0
196344,20161029,  107,    0
196344,20161030,  111,    0
196344,20161031,  107,    0
196344,20161101,  118,    0
196344,20161102,  108,    0
196344,20161103,  107,    0
196344,20161104,  101,    0
196344,20161105,   92,    0
196344,20161106,  124,    0
196344,20161107,  111,    0
196344,20161108,   67,    0
196344,20161109,   74,    0
196344,20161110,   67,    0
196344,20161111,   57,    0
196344,20161112,   72,    0
196344,20161113,   67,    0
196344,20161114,   46,    0
196344,20161115,   40,    0
196344,20161116,   39,    0
196344,20161117,   63,    0
196344,20161118,   72,    0
196344,20161119,   82,    0
196344,20161120,   66,    0
196344,20161121,   94,    0
196344,20161122,  117,    0
196344,20161123,  122,    0
196344,20161124,  113,    0
196344,20161125,  128,    0
196344,20161126,  114,    0
196344,20161127,   85,    0
196344,20161128,   62,    0
196344,20161129,   25,    0
196344,20161130,   20,    0
196344,20161201,   50,    0
196344,20161202,   75,    0
196344,20161203,   53,    0
196344,20161204,   62,    0
196344,20161205,   62,    0
196344,20161206,   66,    0
196344,20161207,   24,    0
196344,20161208,   27,    0
196344,20161209,   26,    0
196344,20161210,   40,    0
196344,20161211,   25,    0
196344,20161212,   35,    0
196344,20161213,   -3,    0
196344,20161214,    0,    0
196344,20161215,   -2,    0
196344,20161216,   21,    0
196344,20161217,   24,    0
196344,20161218,   -7,    0
196344,20161219,   -1,    0
196344,20161220,   40,    0
196344,20161221,   59,    0
196344,20161222,   57,    0
196344,20161223,   52,    0
196344,20161224,   52,    0
196344,20161225,   63,    0
196344,20161226,   83,    0
196344,20161227,   85,    0
196344,20161228,   73,    0
196344,20161229,   44,    0
196344,20161230,   12,    0
196344,20161231,   11,    0
196344,20170101,   26,    0
196344,20170102,   35,    0
196344,20170103,   30,    0
196344,20170104,   23,    0
196344,20170105,   31,    0
196344,20170106,  -13,    0
196344,20170107,  -28,    0
196344,20170108,  -30,    0
196344,20170109,  -17,    0
196344,20170110,  -22,    0
196344,20170111,  -15,    0
196344,20170112,  -14,    0
196344,20170113,    3,    0
196344,20170114,   35,    0
196344,20170115,    3,    0
196344,20170116,    5,    0
196344,20170117,   18,    0
196344,20170118,   16,    0
196344,20170119,   16,    0
196344,20170120,    0,    0
196344,20170121,    3,    0
196344,20170122,   24,    0
196344,20170123,   36,    0
196344,20170124,   51,    0
196344,20170125,   13,    0
196344,20170126,    0,    0
196344,20170127,    8,    0
196344,20170128,    5,    0
196344,20170129,   12,    0
196344,20170130,   27,    0
196344,20170131,   30,    0
196344,20170201,   40,    0
196344,20170202,   41,    0
196344,20170203,   88,    0
196344,20170204,   69,    0
196344,20170205,   44,    0
196344,20170206,   55,    0
196344,20170207,   71,    0
196344,20170208,   51,    0
196344,20170209,   25,    0
196344,20170210,   37,    0
196344,20170211,   48,    0
196344,20170212,   61,    0
196344,20170213,   61,    0
196344,20170214,   61,    0
196344,20170215,   65,    0
196344,20170216,   89,    0
196344,20170217,   97,    0
196344,20170218,   76,    0
196344,20170219,   43,    0
196344,20170220,   53,    0
196344,20170221,   72,    0
196344,20170222,   61,    0
196344,20170223,   75,    0
196344,20170224,   91,    0
196344,20170225,   60,    0
196344,20170226,   59,    0
196344,20170227,   77,    0
196344,20170228,  122,    0
196344,20170301,  123,    0
196344,20170302,  109,    0
196344,20170303,   96,    0
196344,20170304,   94,    0
196344,20170305,  107,    0
196344,20170306,  111,    0
196344,20170307,  102,    0
196344,20170308,   98,    0
196344,20170309,  106,    0
196344,20170310,  129,    0
196344,20170311,  102,    0
196344,20170312,   80,    0
196344,20170313,   75,    0
196344,20170314,  107,    0
196344,20170315,  111,    0
196344,20170316,  115,    0
196344,20170317,  135,    0
196344,20170318,  151,    0
196344,20170319,  141,    0
196344,20170320,  120,    0
196344,20170321,  121,    0
196344,20170322,  128,    0
196344,20170323,  144,    0
196344,20170324,  144,    0
196344,20170325,  149,    0
196344,20170326,  117,    0
196344,20170327,   88,    0
196344,20170328,  104,    0
196344,20170329,  137,    0
196344,20170330,  162,    0
196344,20170331,  166,    0
196344,20170401,  158,    0
196344,20170402,  132,    0
196344,20170403,  154,    0
196344,20170404,  159,    0
196344,20170405,  119,    0
196344,20170406,  128,    0
196344,20170407,  131,    0
196344,20170408,  143,    0
196344,20170409,  156,    0
196344,20170410,  170,    0
196344,20170411,  162,    0
196344,20170412,  148,    0
196344,20170413,  181,    0
196344,20170414,  177,    0
196344,20170415,  156,    0
196344,20170416,  156,    0
196344,20170417,  124,    0
196344,20170418,   73,    0
196344,20170419,   81,    0
196344,20170420,   83,    0
196344,20170421,   92,    0
196344,20170422,  132,    0
196344,20170423,  142,    0
196344,20170424,  144,    0
196344,20170425,  163,    0
196344,20170426,  159,    0
196344,20170427,  160,    0
196344,20170428,  123,    0
196344,20170429,  105,    0
196344,20170430,  113,    0
196344,20170501,  121,    0
196344,20170502,  138,    0
196344,20170503,  137,    0
196344,20170504,  131,    0
196344,20170505,  151,    0
196344,20170506,  131,    0
196344,20170507,  117,    0
196344,20170508,  140,    0
196344,20170509,  134,    0
196344,20170510,  140,    0
196344,20170511,  155,    0
196344,20170512,  169,    0
196344,20170513,  195,    0
196344,20170514,  196,    0
196344,20170515,  182,    0
196344,20170516,  188,    0
196344,20170517,  196,    0
196344,20170518,  194,    0
196344,20170519,  205,    0
196344,20170520,  166,    0
196344,20170521,  187,    0
196344,20170522,  203,    0
196344,20170523,  225,    0
196344,20170524,  227,    0
196344,20170525,  195,    0
196344,20170526,  194,    0
196344,20170527,  209,    0
196344,20170528,  224,    0
196344,20170529,  225,    0
196344,20170530,  245,    0
196344,20170531,  248,    0
196344,20170601,  242,    0
196344,20170602,  238,    0
196344,20170603,  246,    0
196344,20170604,  241,    0
196344,20170605,  224,    0
196344,20170606,  215,    0
196344,20170607,  221,    0
196344,20170608,  196,    0
196344,20170609,  212,    0
196344,20170610,  231,    0
196344,20170611,  237,    0
196344,20170612,  250,    0
196344,20170613,  277,    0
196344,20170614,  265,    0
196344,20170615,  241,    0
196344,20170616,  267,    0
196344,20170617,  253,    0
196344,20170618,  230,    0
196344,20170619,  234,    0
196344,20170620,  265,    0
196344,20170621,  279,    0
196344,20170622,  289,    0
196344,20170623,  292,    0
196344,20170624,  290,    0
196344,20170625,  262,    0
196344,20170626,  252,    0
196344,20170627,  244,    0
196344,20170628,  226,    0
196344,20170629,  231,    0
196344,20170630,  216,    0
196344,20170701,  221,    0
196344,20170702,  217,    0
196344,20170703,  247,    0
196344,20170704,  241,    0
196344,20170705,  260,    0
196344,20170706,  283,    0
196344,20170707,  292,    0
196344,20170708,  293,    0
196344,20170709,  292,    0
196344,20170710,  283,    0
196344,20170711,  250,    0
196344,20170712,  265,    0
196344,20170713,  270,    0
196344,20170714,  234,    0
196344,20170715,  234,    0
196344,20170716,  222,    0
196344,20170717,  224,    0
196344,20170718,  244,    0
196344,20170719,  269,    0
196344,20170720,  275,    0
196344,20170721,  273,    0
196344,20170722,  279,    0
196344,20170723,  286,    0
196344,20170724,  258,    0
196344,20170725,  238,    0
196344,20170726,  238,    0
196344,20170727,  252,    0
196344,20170728,  273,    0
196344,20170729,  272,    0
196344,20170730,  265,    0
196344,20170731,  281,    0
196344,20170801,  294,    0
196344,20170802,  321,    0
196344,20170803,  322,    0
196344,20170804,  329,    0
196344,20170805,  317,    0
196344,20170806,  271,    0
196344,20170807,  241,    0
196344,20170808,  255,    0
196344,20170809,  287,    0
196344,20170810,  253,    0
196344,20170811,  222,    0
196344,20170812,  212,    0
196344,20170813,  238,    0
196344,20170814,  240,    0
196344,20170815,  261,    0
196344,20170816,  263,    0
196344,20170817,  269,    0
196344,20170818,  279,    0
196344,20170819,  279,    0
196344,20170820,  224,    0
196344,20170821,  215,    0
196344,20170822,  212,    0
196344,20170823,  232,    0
196344,20170824,  254,    0
196344,20170825,  267,    0
196344,20170826,  273,    0
196344,20170827,  290,    0
196344,20170828,  275,    0
196344,20170829,  247,    0
196344,20170830,  251,    0
196344,20170831,  275,    0
196344,20170901,  237,    0
196344,20170902,  172,    0
196344,20170903,  180,    0
196344,20170904,  197,    0
196344,20170905,  218,    0
196344,20170906,  226,    0
196344,20170907,  214,    0
196344,20170908,  195,    0
196344,20170909,  210,    0
196344,20170910,  174,    0
196344,20170911,  168,    0
196344,20170912,  178,    0
196344,20170913,  180,    0
196344,20170914,  213,    0
196344,20170915,  179,    0
196344,20170916,  156,    0
196344,20170917,  180,    0
196344,20170918,  159,    0
196344,20170919,  123,    0
196344,20170920,  151,    0
196344,20170921,  157,    0
196344,20170922,  174,    0
196344,20170923,  179,    0
196344,20170924,  154,    0
196344,20170925,  148,    0
196344,20170926,  151,    0
196344,20170927,  165,    0
196344,20170928,  167,    0
196344,20170929,  161,    0
196344,20170930,  157,    0
196344,20171001,  136,    0
196344,20171002,  155,    0
196344,20171003,  156,    0
196344,20171004,  170,    0
196344,20171005,  179,    0
196344,20171006,  158,    0
196344,20171007,  140,    0
196344,20171008,  163,    0
196344,20171009,  147,    0
196344,20171010,  154,    0
196344,20171011,  152,    0
196344,20171012,  164,    0
196344,20171013,  161,    0
196344,20171014,  161,    0
196344,20171015,  162,    0
196344,20171016,  160,    0
196344,20171017,  147,    0
196344,20171018,  138,    0
196344,20171019,  128,    0
196344,20171020,  130,    0
196344,20171021,  132,    0
196344,20171022,  130,    0
196344,20171023,  131,    0
196344,20171024,  136,    0
196344,20171025,  121,    0
196344,20171026,  134,    0
196344,20171027,  144,    0
196344,20171028,  126,    0
196344,20171029,  152,    0
196344,20171030,  111,    0
196344,20171031,   97,    0
196344,20171101,   91,    0
196344,20171102,  109,    0
196344,20171103,  128,    0
196344,20171104,  122,    0
196344,20171105,  127,    0
196344,20171106,   88,    0
196344,20171107,   84,    0
196344,20171108,   87,    0
196344,20171109,   97,    0
196344,20171110,   92,    0
196344,20171111,   79,    0
196344,20171112,   73,    0
196344,20171113,   28,    0
196344,20171114,   58,    0
196344,20171115,   66,    0
196344,20171116,   71,    0
196344,20171117,   72,    0
196344,20171118,   76,    0
196344,20171119,   66,    0
196344,20171120,   54,    0
196344,20171121,   78,    0
196344,20171122,   87,    0
196344,20171123,   78,    0
196344,20171124,   88,    0
196344,20171125,  105,    0
196344,20171126,   52,    0
196344,20171127,   28,    0
196344,20171128,   35,    0
196344,20171129,   23,    0
196344,20171130,   42,    0
196344,20171201,   15,    0
196344,20171202,   37,    0
196344,20171203,   21,    0
196344,20171204,   23,    0
196344,20171205,   37,    0
196344,20171206,   69,    0
196344,20171207,   65,    0
196344,20171208,   40,    0
196344,20171209,   34,    0
196344,20171210,   19,    0
196344,20171211,   55,    0
196344,20171212,   81,    0
196344,20171213,   50,    0
196344,20171214,   42,    0
196344,20171215,   94,    0
196344,20171216,   31,    0
196344,20171217,   23,    0
196344,20171218,    9,    0
196344,20171219,    0,    0
196344,20171220,    4,    0
196344,20171221,    2,    0
196344,20171222,   19,    0
196344,20171223,   48,    0
196344,20171224,   76,    0
196344,20171225,   76,    0
196344,20171226,   50,    0
196344,20171227,   77,    0
196344,20171228,   31,    0
196344,20171229,   40,    0
196344,20171230,   23,    0
196344,20171231,   30,    0
196344,20180101,   20,    0
196344,20180102,   60,    0
196344,20180103,   59,    0
196344,20180104,   70,    0
196344,20180105,   50,    0
196344,20180106,   58,    0
196344,20180107,   65,    0
196344,20180108,   85,    0
196344,20180109,  115,    0
196344,20180110,   91,    0
196344,20180111,   62,    0
196344,20180112,   63,    0
196344,20180113,   55,    0
196344,20180114,   35,    0
196344,20180115,   20,    0
196344,20180116,   22,    0
196344,20180117,   56,    0
196344,20180118,   76,    0
196344,20180119,   62,    0
196344,20180120,   48,    0
196344,20180121,   59,    0
196344,20180122,   43,    0
196344,20180123,   51,    0
196344,20180124,   48,    0
196344,20180125,   47,    0
196344,20180126,   57,    0
196344,20180127,   67,    0
196344,20180128,   73,    0
196344,20180129,   58,    0
196344,20180130,   35,    0
196344,20180131,   52,    0
196344,20180201,   89,    0
196344,20180202,   51,    0
196344,20180203,    8,    0
196344,20180204,   34,    0
196344,20180205,   38,    0
196344,20180206,   27,    0
196344,20180207,   28,    0
196344,20180208,   54,    0
196344,20180209,   62,    0
196344,20180210,   32,    0
196344,20180211,   47,    0
196344,20180212,   16,    0
196344,20180213,   16,    0
196344,20180214,   15,    0
196344,20180215,   22,    0
196344,20180216,   46,    0
196344,20180217,   52,    0
196344,20180218,   31,    0
196344,20180219,   19,    0
196344,20180220,   11,    0
196344,20180221,   19,    0
196344,20180222,    9,    0
196344,20180223,    1,    0
196344,20180224,   31,    0
196344,20180225,   -5,    0
196344,20180226,  -46,    0
196344,20180227,  -55,    0
196344,20180228,  -40,    0
196344,20180301,  -34,    0
196344,20180302,  -12,    0
196344,20180303,   -1,    0
196344,20180304,    2,    0
196344,20180305,   18,    0
196344,20180306,   38,    0
196344,20180307,   77,    0
196344,20180308,   93,    0
196344,20180309,  112,    0
196344,20180310,  105,    0
196344,20180311,   91,    0
196344,20180312,  103,    0
196344,20180313,  105,    0
196344,20180314,  117,    0
196344,20180315,   99,    0
196344,20180316,  103,    0
196344,20180317,   91,    0
196344,20180318,   67,    0
196344,20180319,   11,    0
196344,20180320,   39,    0
196344,20180321,   34,    0
196344,20180322,   30,    0
196344,20180323,   58,    0
196344,20180324,   74,    0
196344,20180325,   49,    0
196344,20180326,   79,    0
196344,20180327,  118,    0
196344,20180328,  118,    0
196344,20180329,  143,    0
196344,20180330,  162,    0
196344,20180331,  110,    0
196344,20180401,  123,    0
196344,20180402,  138,    0
196344,20180403,  130,    0
196344,20180404,  125,    0
196344,20180405,  118,    0
196344,20180406,  130,    0
196344,20180407,  129,    0
196344,20180408,  124,    0
196344,20180409,  111,    0
196344,20180410,  122,    0
196344,20180411,  116,    0
196344,20180412,  132,    0
196344,20180413,  137,    0
196344,20180414,  135,    0
196344,20180415,  140,    0
196344,20180416,  165,    0
196344,20180417,  163,    0
196344,20180418,  167,    0
196344,20180419,  166,    0
196344,20180420,  183,    0
196344,20180421,  185,    0
196344,20180422,  181,    0
196344,20180423,  202,    0
196344,20180424,  207,    0
196344,20180425,  214,    0
196344,20180426,  216,    0
196344,20180427,  166,    0
196344,20180428,  185,    0
196344,20180429,  186,    0
196344,20180430,  174,    0
196344,20180501,  141,    0
196344,20180502,  128,    0
196344,20180503,  145,    0
196344,20180504,  164,    0
196344,20180505,  177,    0
196344,20180506,  196,    0
196344,20180507,  192,    0
196344,20180508,  189,    0
196344,20180509,  166,    0
196344,20180510,  172,    0
196344,20180511,  188,    0
196344,20180512,  186,    0
196344,20180513,  189,    0
196344,20180514,  151,    0
196344,20180515,  134,    0
196344,20180516,  154,    0
196344,20180517,  150,    0
196344,20180518,  172,    0
196344,20180519,  177,    0
196344,20180520,  181,    0
196344,20180521,  179,    0
196344,20180522,  169,    0
196344,20180523,  179,    0
196344,20180524,  205,    0
196344,20180525,  220,    0
196344,20180526,  226,    0
196344,20180527,  223,    0
196344,20180528,  216,    0
196344,20180529,  208,    0
196344,20180530,  218,    0
196344,20180531,  219,    0
196344,20180601,  226,    0
196344,20180602,  229,    0
196344,20180603,  231,    0
196344,20180604,  228,    0
196344,20180605,  217,    0
196344,20180606,  221,    0
196344,20180607,  220,    0
196344,20180608,  192,    0
196344,20180609,  230,    0
196344,20180610,  244,    0
196344,20180611,  244,    0
196344,20180612,  238,    0
196344,20180613,  207,    0
196344,20180614,  194,    0
196344,20180615,  208,    0
196344,20180616,  216,    0
196344,20180617,  234,    0
196344,20180618,  225,    0
196344,20180619,  238,    0
196344,20180620,  240,    0
196344,20180621,  259,    0
196344,20180622,  210,    0
196344,20180623,  198,    0
196344,20180624,  201,    0
196344,20180625,  174,    0
196344,20180626,  195,    0
196344,20180627,  210,    0
196344,20180628,  215,    0
196344,20180629,  248,    0
196344,20180630,  275,    0
196344,20180701,  250,    0
196344,20180702,  247,    0
196344,20180703,  256,    0
196344,20180704,  258,    0
196344,20180705,  245,    0
196344,20180706,  221,    0
196344,20180707,  244,    0
196344,20180708,  246,    0
196344,20180709,  251,    0
196344,20180710,  255,    0
196344,20180711,  208,    0
196344,20180712,  230,    0
196344,20180713,  250,    0
196344,20180714,  249,    0
196344,20180715,  238,    0
196344,20180716,  215,    0
196344,20180717,  235,    0
196344,20180718,  265,    0
196344,20180719,  271,    0
196344,20180720,  269,    0
196344,20180721,  221,    0
196344,20180722,  235,    0
196344,20180723,  242,    0
196344,20180724,  257,    0
196344,20180725,  264,    0
196344,20180726,  249,    0
196344,20180727,  258,    0
196344,20180728,  262,    0
196344,20180729,  267,    0
196344,20180730,  280,    0
196344,20180731,  286,    0
196344,20180801,  292,    0
196344,20180802,  265,    0
196344,20180803,  265,    0
196344,20180804,  270,    0
196344,20180805,  278,    0
196344,20180806,  279,    0
196344,20180807,  257,    0
196344,20180808,  253,    0
196344,20180809,  261,    0
196344,20180810,  271,    0
196344,20180811,  274,    0
196344,20180812,  245,    0
196344,20180813,  250,    0
196344,20180814,  211,    0
196344,20180815,  220,    0
196344,20180816,  230,    0
196344,20180817,  241,    0
196344,20180818,  243,    0
196344,20180819,  249,    0
196344,20180820,  257,    0
196344,20180821,  250,    0
196344,20180822,  255,    0
196344,20180823,  253,    0
196344,20180824,  252,    0
196344,20180825,  217,    0
196344,20180826,  165,    0
196344,20180827,  181,    0
196344,20180828,  209,    0
196344,20180829,  232,    0
196344,20180830,  242,    0
196344,20180831,  229,    0
196344,20180901,  180,    0
196344,20180902,  178,    0
196344,20180903,  187,    0
196344,20180904,  212,    0
196344,20180905,  222,    0
196344,20180906,  223,    0
196344,20180907,  203,    0
196344,20180908,  212,    0
196344,20180909,  222,    0
196344,20180910,  234,    0
196344,20180911,  237,    0
196344,20180912,  240,    0
196344,20180913,  224,    0
196344,20180914,  236,    0
196344,20180915,  223,    0
196344,20180916,  226,    0
196344,20180917,  215,    0
196344,20180918,  211,    0
196344,20180919,  220,    0
196344,20180920,  221,    0
196344,20180921,  234,    0
196344,20180922,  240,    0
196344,20180923,  229,    0
196344,20180924,  201,    0
196344,20180925,  154,    0
196344,20180926,  135,    0
196344,20180927,  140,    0
196344,20180928,  166,    0
196344,20180929,  174,    0
196344,20180930,  159,    0
196344,20181001,  125,    0
196344,20181002,  125,    0
196344,20181003,  134,    0
196344,20181004,  149,    0
196344,20181005,  149,    0
196344,20181006,  143,    0
196344,20181007,  166,    0
196344,20181008,  162,    0
196344,20181009,  171,    0
196344,20181010,  171,    0
196344,20181011,  165,    0
196344,20181012,  172,    0
196344,20181013,  156,    0
196344,20181014,  150,    0
196344,20181015,  155,    0
196344,20181016,  150,    0
196344,20181017,  153,    0
196344,20181018,  169,    0
196344,20181019,  163,    0
196344,20181020,  155,    0
196344,20181021,  122,    0
196344,20181022,  113,    0
196344,20181023,  128,    0
196344,20181024,  200,    0
196344,20181025,  147,    0
196344,20181026,  148,    0
196344,20181027,  202,    0
196344,20181028,  192,    0
196344,20181029,  163,    0
196344,20181030,  131,    0
196344,20181031,  129,    0
196344,20181101,  133,    0
196344,20181102,  120,    0
196344,20181103,  133,    0
196344,20181104,  141,    0
196344,20181105,  144,    0
196344,20181106,  150,    0
196344,20181107,  143,    0
196344,20181108,  141,    0
196344,20181109,  118,    0
196344,20181110,  113,    0
196344,20181111,  134,    0
196344,20181112,  131,    0
196344,20181113,  135,    0
196344,20181114,  119,    0
196344,20181115,   97,    0
196344,20181116,   83,    0
196344,20181117,   70,    0
196344,20181118,   45,    0
196344,20181119,   43,    0
196344,20181120,   24,    0
196344,20181121,   68,    0
196344,20181122,   76,    0
196344,20181123,   73,    0
196344,20181124,   91,    0
196344,20181125,   79,    0
196344,20181126,   88,    0
196344,20181127,   84,    0
196344,20181128,   64,    0
196344,20181129,   33,    0
196344,20181130,   18,    0
196344,20181201,   37,    0
196344,20181202,   39,    0
196344,20181203,   64,    0
196344,20181204,   73,    0
196344,20181205,   62,    0
196344,20181206,   62,    0
196344,20181207,   65,    0
196344,20181208,   77,    0
196344,20181209,   97,    0
196344,20181210,  109,    0
196344,20181211,   55,    0
196344,20181212,   19,    0
196344,20181213,   15,    0
196344,20181214,   14,    0
196344,20181215,    3,    0
196344,20181216,   -1,    0
196344,20181217,    6,    0
196344,20181218,    1,    0
196344,20181219,    0,    0
196344,20181220,   10,    0
196344,20181221,   23,    0
196344,20181222,   41,    0
196344,20181223,   31,    0
196344,20181224,   39,    0
196344,20181225,   33,    0
196344,20181226,    4,    0
196344,20181227,    7,    0
196344,20181228,   54,    0
196344,20181229,   53,    0
196344,20181230,   66,    0
196344,20181231,   53,    0
196344,20190101,   29,    0
196344,20190102,   14,    0
196344,20190103,    8,    0
196344,20190104,    1,    0
196344,20190105,   15,    0
196344,20190106,   53,    0
196344,20190107,   25,    0
196344,20190108,    2,    0
196344,20190109,   19,    0
196344,20190110,   29,    0
196344,20190111,    6,    0
196344,20190112,   21,    0
196344,20190113,   52,    0
196344,20190114,   87,    0
196344,20190115,   73,    0
196344,20190116,   96,    0
196344,20190117,   87,    0
196344,20190118,   50,    0
196344,20190119,   27,    0
196344,20190120,   26,    0
196344,20190121,   21,    0
196344,20190122,    8,    0
196344,20190123,    4,    0
196344,20190124,    9,    0
196344,20190125,   16,    0
196344,20190126,   10,    0
196344,20190127,    7,    0
196344,20190128,   21,    0
196344,20190129,   40,    0
196344,20190130,   11,    0
196344,20190131,    4,    0
196344,20190201,   10,    0
196344,20190202,   24,    0
196344,20190203,   50,    0
196344,20190204,   50,    0
196344,20190205,   37,    0
196344,20190206,   49,    0
196344,20190207,   42,    0
196344,20190208,   52,    0
196344,20190209,   62,    0
196344,20190210,  110,    0
196344,20190211,   86,    0
196344,20190212,   84,    0
196344,20190213,   57,    0
196344,20190214,   58,    0
196344,20190215,   69,    0
196344,20190216,   70,    0
196344,20190217,   85,    0
196344,20190218,  102,    0
196344,20190219,   91,    0
196344,20190220,   65,    0
196344,20190221,   76,    0
196344,20190222,  106,    0
196344,20190223,   51,    0
196344,20190224,   32,    0
196344,20190225,   77,    0
196344,20190226,  108,    0
196344,20190227,  135,    0
196344,20190228,  123,    0
196344,20190301,   96,    0
196344,20190302,  105,    0
196344,20190303,  114,    0
196344,20190304,  125,    0
196344,20190305,  126,    0
196344,20190306,  125,    0
196344,20190307,  150,    0
196344,20190308,  139,    0
196344,20190309,  132,    0
196344,20190310,  139,    0
196344,20190311,  126,    0
196344,20190312,   92,    0
196344,20190313,   71,    0
196344,20190314,   89,    0
196344,20190315,  144,    0
196344,20190316,  167,    0
196344,20190317,  140,    0
196344,20190318,   86,    0
196344,20190319,   62,    0
196344,20190320,   71,    0
196344,20190321,   76,    0
196344,20190322,   98,    0
196344,20190323,  123,    0
196344,20190324,  151,    0
196344,20190325,  158,    0
196344,20190326,   70,    0
196344,20190327,   79,    0
196344,20190328,   84,    0
196344,20190329,   99,    0
196344,20190330,  111,    0
196344,20190331,  126,    0
196344,20190401,  135,    0
196344,20190402,  146,    0
196344,20190403,  138,    0
196344,20190404,  121,    0
196344,20190405,  100,    0
196344,20190406,  116,    0
196344,20190407,  112,    0
196344,20190408,  118,    0
196344,20190409,  130,    0
196344,20190410,  126,    0
196344,20190411,  106,    0
196344,20190412,  100,    0
196344,20190413,   80,    0
196344,20190414,   78,    0
196344,20190415,  105,    0
196344,20190416,  118,    0
196344,20190417,  135,    0
196344,20190418,  130,    0
196344,20190419,  131,    0
196344,20190420,  143,    0
196344,20190421,  144,    0
196344,20190422,  133,    0
196344,20190423,  139,    0
196344,20190424,  172,    0
196344,20190425,  163,    0
196344,20190426,  160,    0
196344,20190427,  153,    0
196344,20190428,  109,    0
196344,20190429,   74,    0
196344,20190430,  143,    0
196344,20190501,  164,    0
196344,20190502,  168,    0
196344,20190503,  157,    0
196344,20190504,  138,    0
196344,20190505,   73,    0
196344,20190506,   98,    0
196344,20190507,  125,    0
196344,20190508,  134,    0
196344,20190509,  143,    0
196344,20190510,  176,    0
196344,20190511,  166,    0
196344,20190512,   98,    0
196344,20190513,  105,    0
196344,20190514,  109,    0
196344,20190515,   79,    0
196344,20190516,  122,    0
196344,20190517,  137,    0
196344,20190518,  122,    0
196344,20190519,  129,    0
196344,20190520,  147,    0
196344,20190521,  176,    0
196344,20190522,  171,    0
196344,20190523,  184,    0
196344,20190524,  194,    0
196344,20190525,  186,    0
196344,20190526,  156,    0
196344,20190527,  143,    0
196344,20190528,  160,    0
196344,20190529,  124,    0
196344,20190530,  155,    0
196344,20190531,-9999,    9
196344,20190601,-9999,    9
196344,20190602,-9999,    9
196344,20190603,-9999,    9
196344,20190604,-9999,    9
196344,20190605,-9999,    9
196344,20190606,-9999,    9
196344,20190607,-9999,    9
196344,20190608,-9999,    9
196344,20190609,-9999,    9
196344,20190610,-9999,    9
196344,20190611,-9999,    9
196344,20190612,-9999,    9
196344,20190613,-9999,    9
196344,20190614,-9999,    9
196344,20190615,-9999,    9
196344,20190616,-9999,    9
196344,20190617,-9999,    9
196344,20190618,-9999,    9
196344,20190619,-9999,    9
196344,20190620,-9999,    9
196344,20190621,-9999,    9
196344,20190622,-9999,    9
196344,20190623,-9999,    9
196344,20190624,-9999,    9
196344,20190625,-9999,    9
196344,20190626,-9999,    9
196344,20190627,-9999,    9
196344,20190628,-9999,    9
196344,20190629,-9999,    9
196344,20190630,-9999,    9
196344,20190701,-9999,    9
196344,20190702,-9999,    9
196344,20190703,-9999,    9
196344,20190704,-9999,    9
196344,20190705,-9999,    9
196344,20190706,-9999,    9
196344,20190707,-9999,    9
196344,20190708,-9999,    9
196344,20190709,-9999,    9
196344,20190710,-9999,    9
196344,20190711,-9999,    9
196344,20190712,-9999,    9
196344,20190713,-9999,    9
196344,20190714,-9999,    9
196344,20190715,-9999,    9
196344,20190716,-9999,    9
196344,20190717,-9999,    9
196344,20190718,-9999,    9
196344,20190719,-9999,    9
196344,20190720,-9999,    9
196344,20190721,-9999,    9
196344,20190722,-9999,    9
196344,20190723,-9999,    9
196344,20190724,-9999,    9
196344,20190725,-9999,    9
196344,20190726,-9999,    9
196344,20190727,-9999,    9
196344,20190728,-9999,    9
196344,20190729,-9999,    9
196344,20190730,-9999,    9
196344,20190731,-9999,    9
196344,20190801,-9999,    9
196344,20190802,-9999,    9
196344,20190803,-9999,    9
196344,20190804,-9999,    9
196344,20190805,-9999,    9
196344,20190806,-9999,    9
196344,20190807,-9999,    9
196344,20190808,-9999,    9
196344,20190809,-9999,    9
196344,20190810,-9999,    9
196344,20190811,-9999,    9
196344,20190812,-9999,    9
196344,20190813,-9999,    9
196344,20190814,-9999,    9
196344,20190815,-9999,    9
196344,20190816,-9999,    9
196344,20190817,-9999,    9
196344,20190818,-9999,    9
196344,20190819,-9999,    9
196344,20190820,-9999,    9
196344,20190821,-9999,    9
196344,20190822,-9999,    9
196344,20190823,-9999,    9
196344,20190824,-9999,    9
196344,20190825,-9999,    9
196344,20190826,-9999,    9
196344,20190827,-9999,    9
196344,20190828,-9999,    9
196344,20190829,-9999,    9
196344,20190830,-9999,    9
196344,20190831,-9999,    9
196344,20190901,-9999,    9
196344,20190902,-9999,    9
196344,20190903,-9999,    9
196344,20190904,-9999,    9
196344,20190905,-9999,    9
196344,20190906,-9999,    9
196344,20190907,-9999,    9
196344,20190908,-9999,    9
196344,20190909,-9999,    9
196344,20190910,-9999,    9
196344,20190911,-9999,    9
196344,20190912,-9999,    9
196344,20190913,-9999,    9
196344,20190914,-9999,    9
196344,20190915,-9999,    9
196344,20190916,-9999,    9
196344,20190917,-9999,    9
196344,20190918,-9999,    9
196344,20190919,-9999,    9
196344,20190920,-9999,    9
196344,20190921,-9999,    9
196344,20190922,-9999,    9
196344,20190923,-9999,    9
196344,20190924,-9999,    9
196344,20190925,-9999,    9
196344,20190926,-9999,    9
196344,20190927,-9999,    9
196344,20190928,-9999,    9
196344,20190929,-9999,    9
196344,20190930,-9999,    9
196344,20191001,-9999,    9
196344,20191002,-9999,    9
196344,20191003,-9999,    9
196344,20191004,-9999,    9
196344,20191005,-9999,    9
196344,20191006,-9999,    9
196344,20191007,-9999,    9
196344,20191008,-9999,    9
196344,20191009,-9999,    9
196344,20191010,-9999,    9
196344,20191011,-9999,    9
196344,20191012,-9999,    9
196344,20191013,-9999,    9
196344,20191014,-9999,    9
196344,20191015,-9999,    9
196344,20191016,-9999,    9
196344,20191017,-9999,    9
196344,20191018,-9999,    9
196344,20191019,-9999,    9
196344,20191020,-9999,    9
196344,20191021,-9999,    9
196344,20191022,-9999,    9
196344,20191023,-9999,    9
196344,20191024,-9999,    9
196344,20191025,-9999,    9
196344,20191026,-9999,    9
196344,20191027,-9999,    9
196344,20191028,-9999,    9
196344,20191029,-9999,    9
196344,20191030,-9999,    9
196344,20191031,-9999,    9
196344,20191101,-9999,    9
196344,20191102,-9999,    9
196344,20191103,-9999,    9
196344,20191104,-9999,    9
196344,20191105,-9999,    9
196344,20191106,-9999,    9
196344,20191107,-9999,    9
196344,20191108,-9999,    9
196344,20191109,-9999,    9
196344,20191110,-9999,    9
196344,20191111,-9999,    9
196344,20191112,-9999,    9
196344,20191113,-9999,    9
196344,20191114,-9999,    9
196344,20191115,-9999,    9
196344,20191116,-9999,    9
196344,20191117,-9999,    9
196344,20191118,-9999,    9
196344,20191119,-9999,    9
196344,20191120,-9999,    9
196344,20191121,-9999,    9
196344,20191122,-9999,    9
196344,20191123,-9999,    9
196344,20191124,-9999,    9
196344,20191125,-9999,    9
196344,20191126,-9999,    9
196344,20191127,-9999,    9
196344,20191128,-9999,    9
196344,20191129,-9999,    9
196344,20191130,-9999,    9
196344,20191201,-9999,    9
196344,20191202,-9999,    9
196344,20191203,-9999,    9
196344,20191204,-9999,    9
196344,20191205,-9999,    9
196344,20191206,-9999,    9
196344,20191207,-9999,    9
196344,20191208,-9999,    9
196344,20191209,-9999,    9
196344,20191210,-9999,    9
196344,20191211,-9999,    9
196344,20191212,-9999,    9
196344,20191213,-9999,    9
196344,20191214,-9999,    9
196344,20191215,-9999,    9
196344,20191216,-9999,    9
196344,20191217,-9999,    9
196344,20191218,-9999,    9
196344,20191219,-9999,    9
196344,20191220,-9999,    9
196344,20191221,-9999,    9
196344,20191222,-9999,    9
196344,20191223,-9999,    9
196344,20191224,-9999,    9
196344,20191225,-9999,    9
196344,20191226,-9999,    9
196344,20191227,-9999,    9
196344,20191228,-9999,    9
196344,20191229,-9999,    9
196344,20191230,-9999,    9
196344,20191231,   33,    0
196344,20200101,   43,    0
196344,20200102,   30,    0
196344,20200103,   60,    0
196344,20200104,   74,    0
196344,20200105,   57,    0
196344,20200106,   28,    0
196344,20200107,    7,    0
196344,20200108,   24,    0
196344,20200109,   50,    0
196344,20200110,   71,    0
196344,20200111,   62,    0
196344,20200112,   36,    0
196344,20200113,   19,    0
196344,20200114,   33,    0
196344,20200115,   49,    0
196344,20200116,   49,    0
196344,20200117,   64,    0
196344,20200118,   57,    0
196344,20200119,   54,    0
196344,20200120,   39,    0
196344,20200121,   28,    0
196344,20200122,   38,    0
196344,20200123,   37,    0
196344,20200124,   31,    0
196344,20200125,   40,    0
196344,20200126,   56,    0
196344,20200127,   70,    0
196344,20200128,   93,    0
196344,20200129,  105,    0
196344,20200130,   86,    0
196344,20200131,-9999,    9
196344,20200201,-9999,    9
196344,20200202,-9999,    9
196344,20200203,-9999,    9
196344,20200204,-9999,    9
196344,20200205,-9999,    9
196344,20200206,-9999,    9
196344,20200207,-9999,    9
196344,20200208,-9999,    9
196344,20200209,-9999,    9
196344,20200210,-9999,    9
196344,20200211,-9999,    9
196344,20200212,-9999,    9
196344,20200213,-9999,    9
196344,20200214,-9999,    9
196344,20200215,-9999,    9
196344,20200216,-9999,    9
196344,20200217,-9999,    9
196344,20200218,-9999,    9
196344,20200219,-9999,    9
196344,20200220,-9999,    9
196344,20200221,-9999,    9
196344,20200222,-9999,    9
196344,20200223,-9999,    9
196344,20200224,-9999,    9
196344,20200225,-9999,    9
196344,20200226,-9999,    9
196344,20200227,-9999,    9
196344,20200228,-9999,    9
196344,20200229,-9999,    9
196344,20200301,-9999,    9
196344,20200302,-9999,    9
196344,20200303,-9999,    9
196344,20200304,-9999,    9
196344,20200305,-9999,    9
196344,20200306,-9999,    9
196344,20200307,-9999,    9
196344,20200308,-9999,    9
196344,20200309,-9999,    9
196344,20200310,-9999,    9
196344,20200311,-9999,    9
196344,20200312,-9999,    9
196344,20200313,-9999,    9
196344,20200314,-9999,    9
196344,20200315,-9999,    9
196344,20200316,-9999,    9
196344,20200317,-9999,    9
196344,20200318,-9999,    9
196344,20200319,-9999,    9
196344,20200320,-9999,    9
196344,20200321,-9999,    9
196344,20200322,-9999,    9
196344,20200323,-9999,    9
196344,20200324,-9999,    9
196344,20200325,-9999,    9
196344,20200326,-9999,    9
196344,20200327,-9999,    9
196344,20200328,-9999,    9
196344,20200329,-9999,    9
196344,20200330,-9999,    9
196344,20200331,-9999,    9
196344,20200401,-9999,    9
196344,20200402,-9999,    9
196344,20200403,-9999,    9
196344,20200404,-9999,    9
196344,20200405,-9999,    9
196344,20200406,-9999,    9
196344,20200407,-9999,    9
196344,20200408,-9999,    9
196344,20200409,-9999,    9
196344,20200410,-9999,    9
196344,20200411,-9999,    9
196344,20200412,-9999,    9
196344,20200413,-9999,    9
196344,20200414,-9999,    9
196344,20200415,-9999,    9
196344,20200416,-9999,    9
196344,20200417,-9999,    9
196344,20200418,-9999,    9
196344,20200419,-9999,    9
196344,20200420,-9999,    9
196344,20200421,-9999,    9
196344,20200422,-9999,    9
196344,20200423,-9999,    9
196344,20200424,-9999,    9
196344,20200425,-9999,    9
196344,20200426,-9999,    9
196344,20200427,-9999,    9
196344,20200428,-9999,    9
196344,20200429,-9999,    9
196344,20200430,  175,    0
196344,20200501,  174,    0
196344,20200502,  193,    0
196344,20200503,  160,    0
196344,20200504,  176,    0
196344,20200505,  194,    0
196344,20200506,  155,    0
196344,20200507,  158,    0
196344,20200508,  189,    0
196344,20200509,  212,    0
196344,20200510,  202,    0
196344,20200511,  179,    0
196344,20200512,  190,    0
196344,20200513,  159,    0
196344,20200514,  184,    0
196344,20200515,  200,    0
196344,20200516,  168,    0
196344,20200517,  196,    0
196344,20200518,  192,    0
196344,20200519,  178,    0
196344,20200520,  177,    0
196344,20200521,  192,    0
196344,20200522,  217,    0
196344,20200523,  232,    0
196344,20200524,  189,    0
196344,20200525,  196,    0
196344,20200526,  189,    0
196344,20200527,  175,    0
196344,20200528,  197,    0
196344,20200529,  140,    0
196344,20200530,  159,    0
196344,20200531,  168,    0
196344,20200601,  187,    0
196344,20200602,  212,    0
196344,20200603,  208,    0
196344,20200604,  181,    0
196344,20200605,  194,    0
196344,20200606,  214,    0
196344,20200607,  207,    0
196344,20200608,  179,    0
196344,20200609,  165,    0
196344,20200610,  168,    0
196344,20200611,  163,    0
196344,20200612,  203,    0
196344,20200613,  202,    0
196344,20200614,  197,    0
196344,20200615,  194,    0
196344,20200616,  207,    0
196344,20200617,  200,    0
196344,20200618,  210,    0
196344,20200619,  206,    0
196344,20200620,  214,    0
196344,20200621,  219,    0
196344,20200622,  238,    0
196344,20200623,  249,    0
196344,20200624,  240,    0
196344,20200625,  234,    0
196344,20200626,  239,    0
196344,20200627,  255,    0
196344,20200628,  266,    0
196344,20200629,  268,    0
196344,20200630,  267,    0
196344,20200701,  263,    0
196344,20200702,  263,    0
196344,20200703,  233,    0
196344,20200704,  220,    0
196344,20200705,  246,    0
196344,20200706,  267,    0
196344,20200707,  201,    0
196344,20200708,  211,    0
196344,20200709,  243,    0
196344,20200710,  264,    0
196344,20200711,  243,    0
196344,20200712,  214,    0
196344,20200713,  204,    0
196344,20200714,  206,    0
196344,20200715,  211,    0
196344,20200716,  231,    0
196344,20200717,  214,    0
196344,20200718,  216,    0
196344,20200719,  227,    0
196344,20200720,  254,    0
196344,20200721,  267,    0
196344,20200722,  267,    0
196344,20200723,  248,    0
196344,20200724,  194,    0
196344,20200725,  232,    0
196344,20200726,  258,    0
196344,20200727,  255,    0
196344,20200728,  272,    0
196344,20200729,  284,    0
196344,20200730,  288,    0
196344,20200731,  261,    0
196344,20200801,  288,    0
196344,20200802,  253,    0
196344,20200803,  216,    0
196344,20200804,  188,    0
196344,20200805,  202,    0
196344,20200806,  223,    0
196344,20200807,  243,    0
196344,20200808,  258,    0
196344,20200809,  265,    0
196344,20200810,  269,    0
196344,20200811,  266,    0
196344,20200812,  269,    0
196344,20200813,  265,    0
196344,20200814,  254,    0
196344,20200815,  243,    0
196344,20200816,  251,    0
196344,20200817,  248,    0
196344,20200818,  244,    0
196344,20200819,  249,    0
196344,20200820,  258,    0
196344,20200821,  271,    0
196344,20200822,  280,    0
196344,20200823,  253,    0
196344,20200824,  235,    0
196344,20200825,  240,    0
196344,20200826,  261,    0
196344,20200827,  260,    0
196344,20200828,  271,    0
196344,20200829,  257,    0
196344,20200830,  238,    0
196344,20200831,  178,    0
196344,20200901,  196,    0
196344,20200902,  183,    0
196344,20200903,  196,    0
196344,20200904,  214,    0
196344,20200905,  232,    0
196344,20200906,  233,    0
196344,20200907,  214,    0
196344,20200908,  213,    0
196344,20200909,  220,    0
196344,20200910,  233,    0
196344,20200911,  234,    0
196344,20200912,  228,    0
196344,20200913,  231,    0
196344,20200914,  228,    0
196344,20200915,  225,    0
196344,20200916,  230,    0
196344,20200917,  235,    0
196344,20200918,  219,    0
196344,20200919,  204,    0
196344,20200920,  196,    0
196344,20200921,  195,    0
196344,20200922,  182,    0
196344,20200923,  195,    0
196344,20200924,  200,    0
196344,20200925,  181,    0
196344,20200926,  149,    0
196344,20200927,  120,    0
196344,20200928,  138,    0
196344,20200929,  159,    0
196344,20200930,  170,    0
196344,20201001,  181,    0
196344,20201002,  194,    0
196344,20201003,  185,    0
196344,20201004,  165,    0
196344,20201005,  161,    0
196344,20201006,  164,    0
196344,20201007,  156,    0
196344,20201008,  144,    0
196344,20201009,  150,    0
196344,20201010,  163,    0
196344,20201011,  109,    0
196344,20201012,   93,    0
196344,20201013,  100,    0
196344,20201014,  120,    0
196344,20201015,   99,    0
196344,20201016,  100,    0
196344,20201017,  107,    0
196344,20201018,  109,    0
196344,20201019,  112,    0
196344,20201020,  115,    0
196344,20201021,  121,    0
196344,20201022,  130,    0
196344,20201023,  128,    0
196344,20201024,  133,    0
196344,20201025,  145,    0
196344,20201026,  166,    0
196344,20201027,  116,    0
196344,20201028,  110,    0
196344,20201029,  123,    0
196344,20201030,  125,    0
196344,20201031,  132,    0
196344,20201101,  137,    0
196344,20201102,  122,    0
196344,20201103,  134,    0
196344,20201104,  137,    0
196344,20201105,  136,    0
196344,20201106,  111,    0
196344,20201107,  107,    0
196344,20201108,  110,    0
196344,20201109,  118,    0
196344,20201110,  110,    0
196344,20201111,   97,    0
196344,20201112,  113,    0
196344,20201113,  110,    0
196344,20201114,  107,    0
196344,20201115,  109,    0
196344,20201116,  101,    0
196344,20201117,  101,    0
196344,20201118,   81,    0
196344,20201119,   71,    0
196344,20201120,   71,    0
196344,20201121,   55,    0
196344,20201122,   32,    0
196344,20201123,   32,    0
196344,20201124,   41,    0
196344,20201125,   48,    0
196344,20201126,   40,    0
196344,20201127,   43,    0
196344,20201128,   52,    0
196344,20201129,   57,    0
196344,20201130,   40,    0
196344,20201201,   34,    0
196344,20201202,    6,    0
196344,20201203,   16,    0
196344,20201204,   66,    0
196344,20201205,   68,    0
196344,20201206,   55,    0
196344,20201207,   65,    0
196344,20201208,   44,    0
196344,20201209,   48,    0
196344,20201210,   53,    0
196344,20201211,   56,    0
196344,20201212,   44,    0
196344,20201213,   45,    0
196344,20201214,   38,    0
196344,20201215,   50,    0
196344,20201216,   66,    0
196344,20201217,   72,    0
196344,20201218,   76,    0
196344,20201219,   71,    0
196344,20201220,   70,    0
196344,20201221,   72,    0
196344,20201222,   82,    0
196344,20201223,   84,    0
196344,20201224,   77,    0
196344,20201225,   65,    0
196344,20201226,   39,    0
196344,20201227,   12,    0
196344,20201228,   35,    0
196344,20201229,   63,    0
196344,20201230,   21,    0
196344,20201231,   50,    0
196344,20210101,   31,    0
196344,20210102,   46,    0
196344,20210103,   59,    0
196344,20210104,   38,    0
196344,20210105,   28,    0
196344,20210106,   28,    0
196344,20210107,   34,    0
196344,20210108,   27,    0
196344,20210109,   14,    0
196344,20210110,    6,    0
196344,20210111,    4,    0
196344,20210112,   14,    0
196344,20210113,   25,    0
196344,20210114,   42,    0
196344,20210115,   28,    0
196344,20210116,   14,    0
196344,20210117,   10,    0
196344,20210118,    6,    0
196344,20210119,    9,    0
196344,20210120,    7,    0
196344,20210121,   11,    0
196344,20210122,   45,    0
196344,20210123,   75,    0
196344,20210124,   43,    0
196344,20210125,   34,    0
196344,20210126,   50,    0
196344,20210127,   25,    0
196344,20210128,   31,    0
196344,20210129,   40,    0
196344,20210130,   84,    0
196344,20210131,   51,    0
196344,20210201,   44,    0
196344,20210202,   52,    0
196344,20210203,   53,    0
196344,20210204,   70,    0
196344,20210205,   76,    0
196344,20210206,   78,    0
196344,20210207,   92,    0
196344,20210208,  100,    0
196344,20210209,   88,    0
196344,20210210,   95,    0
196344,20210211,   74,    0
196344,20210212,   24,    0
196344,20210213,  -20,    0
196344,20210214,  -10,    0
196344,20210215,    8,    0
196344,20210216,   57,    0
196344,20210217,   74,    0
196344,20210218,   82,    0
196344,20210219,  102,    0
196344,20210220,   99,    0
196344,20210221,   87,    0
196344,20210222,   82,    0
196344,20210223,   94,    0
196344,20210224,  118,    0
196344,20210225,  120,    0
196344,20210226,  118,    0
196344,20210227,  104,    0
196344,20210228,   71,    0
196344,20210301,   63,    0
196344,20210302,   80,    0
196344,20210303,   91,    0
196344,20210304,   99,    0
196344,20210305,  116,    0
196344,20210306,   57,    0
196344,20210307,   46,    0
196344,20210308,   59,    0
196344,20210309,   71,    0
196344,20210310,   73,    0
196344,20210311,  101,    0
196344,20210312,  111,    0
196344,20210313,  125,    0
196344,20210314,   82,    0
196344,20210315,   82,    0
196344,20210316,   98,    0
196344,20210317,   78,    0
196344,20210318,   60,    0
196344,20210319,   38,    0
196344,20210320,   32,    0
196344,20210321,   41,    0
196344,20210322,   78,    0
196344,20210323,   81,    0
196344,20210324,   89,    0
196344,20210325,  114,    0
196344,20210326,  126,    0
196344,20210327,  134,    0
196344,20210328,  138,    0
196344,20210329,  139,    0
196344,20210330,  150,    0
196344,20210331,-9999,    9
