EUROPEAN CLIMATE ASSESSMENT & DATASET (ECA&D), file created on 12-05-2021
THESE DATA CAN BE USED FREELY PROVIDED THAT THE FOLLOWING SOURCE IS ACKNOWLEDGED:

Klein Tank, A.M.G. and Coauthors, 2002. Daily dataset of 20th-century surface
air temperature and precipitation series for the European Climate Assessment.
Int. J. of Climatol., 22, 1441-1453.
Data and metadata available at http://www.ecad.eu

FILE FORMAT (MISSING VALUE CODE IS -9999):

01-06 SOUID: Source identifier
08-15 DATE : Date YYYYMMDD
17-21 TG   : mean temperature in 0.1 &#176;C
23-27 Q_TG : Quality code for TG (0='valid'; 1='suspect'; 9='missing')

This is the blended series of station ITALY, SAN_BARTOLOMEO_IN_BOSCO (STAID: 17771).
Blended and updated with sources: 196576 197056 
See file sources.txt and stations.txt for more info.

 SOUID,    DATE,   TG, Q_TG
197056,20121201,-9999,    9
197056,20121202,-9999,    9
197056,20121203,-9999,    9
197056,20121204,-9999,    9
197056,20121205,-9999,    9
197056,20121206,-9999,    9
197056,20121207,-9999,    9
197056,20121208,-9999,    9
197056,20121209,-9999,    9
197056,20121210,-9999,    9
197056,20121211,-9999,    9
197056,20121212,-9999,    9
197056,20121213,-9999,    9
197056,20121214,-9999,    9
197056,20121215,-9999,    9
197056,20121216,-9999,    9
197056,20121217,-9999,    9
197056,20121218,-9999,    9
197056,20121219,-9999,    9
197056,20121220,-9999,    9
197056,20121221,-9999,    9
197056,20121222,-9999,    9
197056,20121223,-9999,    9
197056,20121224,-9999,    9
197056,20121225,-9999,    9
197056,20121226,-9999,    9
197056,20121227,-9999,    9
197056,20121228,-9999,    9
197056,20121229,-9999,    9
197056,20121230,-9999,    9
197056,20121231,    3,    0
197056,20130101,   26,    0
197056,20130102,   39,    0
197056,20130103,   61,    0
197056,20130104,   40,    0
197056,20130105,   35,    0
197056,20130106,   17,    0
197056,20130107,   20,    0
197056,20130108,   52,    0
197056,20130109,   56,    0
197056,20130110,   52,    0
197056,20130111,   38,    0
197056,20130112,   47,    0
197056,20130113,   45,    0
197056,20130114,   34,    0
197056,20130115,   33,    0
197056,20130116,   34,    0
197056,20130117,   25,    0
197056,20130118,   25,    0
197056,20130119,   14,    0
197056,20130120,   33,    0
197056,20130121,   38,    0
197056,20130122,   38,    0
197056,20130123,   38,    0
197056,20130124,   59,    0
197056,20130125,   49,    0
197056,20130126,   28,    0
197056,20130127,   10,    0
197056,20130128,   21,    0
197056,20130129,   22,    0
197056,20130130,   26,    0
197056,20130131,   32,    0
197056,20130201,   32,    0
197056,20130202,   44,    0
197056,20130203,   56,    0
197056,20130204,   54,    0
197056,20130205,   40,    0
197056,20130206,   42,    0
197056,20130207,   37,    0
197056,20130208,   29,    0
197056,20130209,   26,    0
197056,20130210,   20,    0
197056,20130211,    9,    0
197056,20130212,   21,    0
197056,20130213,   14,    0
197056,20130214,   36,    0
197056,20130215,   30,    0
197056,20130216,   41,    0
197056,20130217,   43,    0
197056,20130218,   39,    0
197056,20130219,   34,    0
197056,20130220,   32,    0
197056,20130221,   26,    0
197056,20130222,    7,    0
197056,20130223,   13,    0
197056,20130224,   40,    0
197056,20130225,   35,    0
197056,20130226,   45,    0
197056,20130227,   43,    0
197056,20130228,   62,    0
197056,20130301,   60,    0
197056,20130302,   46,    0
197056,20130303,   59,    0
197056,20130304,   68,    0
197056,20130305,   69,    0
197056,20130306,   92,    0
197056,20130307,   93,    0
197056,20130308,  100,    0
197056,20130309,  119,    0
197056,20130310,  114,    0
197056,20130311,  103,    0
197056,20130312,  100,    0
197056,20130313,   99,    0
197056,20130314,   73,    0
197056,20130315,   42,    0
197056,20130316,   44,    0
197056,20130317,   65,    0
197056,20130318,   51,    0
197056,20130319,   84,    0
197056,20130320,   78,    0
197056,20130321,   99,    0
197056,20130322,   96,    0
197056,20130323,  106,    0
197056,20130324,   73,    0
197056,20130325,   33,    0
197056,20130326,   49,    0
197056,20130327,   65,    0
197056,20130328,   70,    0
197056,20130329,   82,    0
197056,20130330,   86,    0
197056,20130331,  100,    0
197056,20130401,   93,    0
197056,20130402,   87,    0
197056,20130403,   92,    0
197056,20130404,   92,    0
197056,20130405,   91,    0
197056,20130406,  101,    0
197056,20130407,  109,    0
197056,20130408,   96,    0
197056,20130409,   98,    0
197056,20130410,  115,    0
197056,20130411,  126,    0
197056,20130412,  164,    0
197056,20130413,  149,    0
197056,20130414,  156,    0
197056,20130415,  159,    0
197056,20130416,  161,    0
197056,20130417,  166,    0
197056,20130418,  179,    0
197056,20130419,  183,    0
197056,20130420,  160,    0
197056,20130421,  140,    0
197056,20130422,  125,    0
197056,20130423,  131,    0
197056,20130424,  144,    0
197056,20130425,  165,    0
197056,20130426,  170,    0
197056,20130427,  155,    0
197056,20130428,  181,    0
197056,20130429,  182,    0
197056,20130430,  169,    0
197056,20130501,  189,    0
197056,20130502,  178,    0
197056,20130503,  181,    0
197056,20130504,  190,    0
197056,20130505,  184,    0
197056,20130506,  177,    0
197056,20130507,  171,    0
197056,20130508,  183,    0
197056,20130509,  200,    0
197056,20130510,  185,    0
197056,20130511,  178,    0
197056,20130512,  171,    0
197056,20130513,  164,    0
197056,20130514,  170,    0
197056,20130515,  182,    0
197056,20130516,  177,    0
197056,20130517,  163,    0
197056,20130518,  170,    0
197056,20130519,  171,    0
197056,20130520,  147,    0
197056,20130521,  156,    0
197056,20130522,  164,    0
197056,20130523,  175,    0
197056,20130524,  121,    0
197056,20130525,  108,    0
197056,20130526,  148,    0
197056,20130527,  161,    0
197056,20130528,  166,    0
197056,20130529,  176,    0
197056,20130530,  142,    0
197056,20130531,  156,    0
197056,20130601,  174,    0
197056,20130602,  188,    0
197056,20130603,  186,    0
197056,20130604,  194,    0
197056,20130605,  199,    0
197056,20130606,  202,    0
197056,20130607,  214,    0
197056,20130608,  222,    0
197056,20130609,  194,    0
197056,20130610,  184,    0
197056,20130611,  208,    0
197056,20130612,  230,    0
197056,20130613,  230,    0
197056,20130614,  232,    0
197056,20130615,  248,    0
197056,20130616,  263,    0
197056,20130617,  266,    0
197056,20130618,  272,    0
197056,20130619,  274,    0
197056,20130620,  272,    0
197056,20130621,  252,    0
197056,20130622,  239,    0
197056,20130623,  238,    0
197056,20130624,  201,    0
197056,20130625,  208,    0
197056,20130626,  184,    0
197056,20130627,  184,    0
197056,20130628,  159,    0
197056,20130629,  182,    0
197056,20130630,  209,    0
197056,20130701,  220,    0
197056,20130702,  229,    0
197056,20130703,  236,    0
197056,20130704,  243,    0
197056,20130705,  253,    0
197056,20130706,  261,    0
197056,20130707,  249,    0
197056,20130708,  249,    0
197056,20130709,  252,    0
197056,20130710,  253,    0
197056,20130711,  253,    0
197056,20130712,  244,    0
197056,20130713,  241,    0
197056,20130714,  237,    0
197056,20130715,  246,    0
197056,20130716,  242,    0
197056,20130717,  240,    0
197056,20130718,  237,    0
197056,20130719,  241,    0
197056,20130720,  249,    0
197056,20130721,  248,    0
197056,20130722,  255,    0
197056,20130723,  263,    0
197056,20130724,  265,    0
197056,20130725,  268,    0
197056,20130726,  280,    0
197056,20130727,  286,    0
197056,20130728,  296,    0
197056,20130729,  245,    0
197056,20130730,  237,    0
197056,20130731,  246,    0
197056,20130801,  254,    0
197056,20130802,  269,    0
197056,20130803,  281,    0
197056,20130804,  289,    0
197056,20130805,  286,    0
197056,20130806,  286,    0
197056,20130807,  275,    0
197056,20130808,  273,    0
197056,20130809,  254,    0
197056,20130810,  241,    0
197056,20130811,  237,    0
197056,20130812,  244,    0
197056,20130813,  260,    0
197056,20130814,  209,    0
197056,20130815,  211,    0
197056,20130816,  217,    0
197056,20130817,  230,    0
197056,20130818,  245,    0
197056,20130819,  245,    0
197056,20130820,  199,    0
197056,20130821,  210,    0
197056,20130822,  217,    0
197056,20130823,  225,    0
197056,20130824,  234,    0
197056,20130825,  222,    0
197056,20130826,  207,    0
197056,20130827,  204,    0
197056,20130828,  210,    0
197056,20130829,  214,    0
197056,20130830,  202,    0
197056,20130831,  205,    0
197056,20130901,  208,    0
197056,20130902,  216,    0
197056,20130903,  227,    0
197056,20130904,  226,    0
197056,20130905,  226,    0
197056,20130906,  229,    0
197056,20130907,  232,    0
197056,20130908,  240,    0
197056,20130909,  236,    0
197056,20130910,  201,    0
197056,20130911,  176,    0
197056,20130912,  173,    0
197056,20130913,  184,    0
197056,20130914,  181,    0
197056,20130915,  184,    0
197056,20130916,  195,    0
197056,20130917,  173,    0
197056,20130918,  154,    0
197056,20130919,  174,    0
197056,20130920,  185,    0
197056,20130921,  185,    0
197056,20130922,  179,    0
197056,20130923,  180,    0
197056,20130924,  194,    0
197056,20130925,  200,    0
197056,20130926,  198,    0
197056,20130927,  215,    0
197056,20130928,  216,    0
197056,20130929,  177,    0
197056,20130930,  144,    0
197056,20131001,  165,    0
197056,20131002,  168,    0
197056,20131003,  147,    0
197056,20131004,  140,    0
197056,20131005,  114,    0
197056,20131006,  136,    0
197056,20131007,  152,    0
197056,20131008,  140,    0
197056,20131009,  153,    0
197056,20131010,  164,    0
197056,20131011,  131,    0
197056,20131012,  140,    0
197056,20131013,  127,    0
197056,20131014,  124,    0
197056,20131015,  138,    0
197056,20131016,  153,    0
197056,20131017,  127,    0
197056,20131018,  125,    0
197056,20131019,  152,    0
197056,20131020,  166,    0
197056,20131021,  155,    0
197056,20131022,  158,    0
197056,20131023,  179,    0
197056,20131024,  173,    0
197056,20131025,  166,    0
197056,20131026,  176,    0
197056,20131027,  169,    0
197056,20131028,  175,    0
197056,20131029,  179,    0
197056,20131030,  175,    0
197056,20131031,  146,    0
197056,20131101,  125,    0
197056,20131102,  139,    0
197056,20131103,  148,    0
197056,20131104,  129,    0
197056,20131105,  123,    0
197056,20131106,  120,    0
197056,20131107,  125,    0
197056,20131108,  149,    0
197056,20131109,  133,    0
197056,20131110,  111,    0
197056,20131111,  123,    0
197056,20131112,  117,    0
197056,20131113,  119,    0
197056,20131114,  111,    0
197056,20131115,  100,    0
197056,20131116,  104,    0
197056,20131117,   98,    0
197056,20131118,  113,    0
197056,20131119,  129,    0
197056,20131120,  107,    0
197056,20131121,   81,    0
197056,20131122,   77,    0
197056,20131123,   80,    0
197056,20131124,   83,    0
197056,20131125,   54,    0
197056,20131126,   18,    0
197056,20131127,   19,    0
197056,20131128,   34,    0
197056,20131129,   14,    0
197056,20131130,   28,    0
197056,20131201,   52,    0
197056,20131202,   71,    0
197056,20131203,   36,    0
197056,20131204,   31,    0
197056,20131205,   15,    0
197056,20131206,   37,    0
197056,20131207,   21,    0
197056,20131208,    0,    0
197056,20131209,    8,    0
197056,20131210,    6,    0
197056,20131211,    6,    0
197056,20131212,   20,    0
197056,20131213,   13,    0
197056,20131214,   12,    0
197056,20131215,   29,    0
197056,20131216,   22,    0
197056,20131217,-9999,    9
197056,20131218,-9999,    9
197056,20131219,-9999,    9
197056,20131220,-9999,    9
197056,20131221,-9999,    9
197056,20131222,-9999,    9
197056,20131223,-9999,    9
197056,20131224,-9999,    9
197056,20131225,-9999,    9
197056,20131226,-9999,    9
197056,20131227,-9999,    9
197056,20131228,   57,    0
197056,20131229,   73,    0
197056,20131230,   75,    0
197056,20131231,   40,    0
197056,20140101,   34,    0
197056,20140102,   41,    0
197056,20140103,   54,    0
197056,20140104,   68,    0
197056,20140105,   70,    0
197056,20140106,   82,    0
197056,20140107,   61,    0
197056,20140108,   65,    0
197056,20140109,   68,    0
197056,20140110,   59,    0
197056,20140111,   85,    0
197056,20140112,   83,    0
197056,20140113,   76,    0
197056,20140114,   80,    0
197056,20140115,   51,    0
197056,20140116,   46,    0
197056,20140117,   73,    0
197056,20140118,   60,    0
197056,20140119,   72,    0
197056,20140120,   79,    0
197056,20140121,   92,    0
197056,20140122,   85,    0
197056,20140123,   76,    0
197056,20140124,   68,    0
197056,20140125,   50,    0
197056,20140126,   37,    0
197056,20140127,   51,    0
197056,20140128,   29,    0
197056,20140129,   43,    0
197056,20140130,   58,    0
197056,20140131,   48,    0
197056,20140201,   70,    0
197056,20140202,   83,    0
197056,20140203,   79,    0
197056,20140204,   66,    0
197056,20140205,   76,    0
197056,20140206,   77,    0
197056,20140207,   82,    0
197056,20140208,   88,    0
197056,20140209,   87,    0
197056,20140210,   72,    0
197056,20140211,   80,    0
197056,20140212,   85,    0
197056,20140213,   66,    0
197056,20140214,   85,    0
197056,20140215,   84,    0
197056,20140216,   77,    0
197056,20140217,   89,    0
197056,20140218,   87,    0
197056,20140219,   98,    0
197056,20140220,   88,    0
197056,20140221,  107,    0
197056,20140222,   81,    0
197056,20140223,   72,    0
197056,20140224,   73,    0
197056,20140225,   80,    0
197056,20140226,   87,    0
197056,20140227,   78,    0
197056,20140228,   87,    0
197056,20140301,   92,    0
197056,20140302,   80,    0
197056,20140303,   93,    0
197056,20140304,   88,    0
197056,20140305,  102,    0
197056,20140306,  106,    0
197056,20140307,  110,    0
197056,20140308,  101,    0
197056,20140309,   97,    0
197056,20140310,   95,    0
197056,20140311,   88,    0
197056,20140312,   99,    0
197056,20140313,  109,    0
197056,20140314,  108,    0
197056,20140315,  116,    0
197056,20140316,  114,    0
197056,20140317,  111,    0
197056,20140318,  116,    0
197056,20140319,  134,    0
197056,20140320,  128,    0
197056,20140321,  123,    0
197056,20140322,  139,    0
197056,20140323,  124,    0
197056,20140324,   75,    0
197056,20140325,   79,    0
197056,20140326,   92,    0
197056,20140327,  119,    0
197056,20140328,  128,    0
197056,20140329,  130,    0
197056,20140330,  130,    0
197056,20140331,  143,    0
197056,20140401,  145,    0
197056,20140402,  144,    0
197056,20140403,  136,    0
197056,20140404,  139,    0
197056,20140405,  135,    0
197056,20140406,  161,    0
197056,20140407,  166,    0
197056,20140408,  172,    0
197056,20140409,  153,    0
197056,20140410,  143,    0
197056,20140411,  137,    0
197056,20140412,  143,    0
197056,20140413,  134,    0
197056,20140414,  152,    0
197056,20140415,  139,    0
197056,20140416,  118,    0
197056,20140417,  118,    0
197056,20140418,  133,    0
197056,20140419,  142,    0
197056,20140420,  143,    0
197056,20140421,  147,    0
197056,20140422,  149,    0
197056,20140423,  154,    0
197056,20140424,  173,    0
197056,20140425,  174,    0
197056,20140426,  180,    0
197056,20140427,  161,    0
197056,20140428,  127,    0
197056,20140429,  150,    0
197056,20140430,  144,    0
197056,20140501,  164,    0
197056,20140502,  131,    0
197056,20140503,  151,    0
197056,20140504,  156,    0
197056,20140505,  137,    0
197056,20140506,  154,    0
197056,20140507,  167,    0
197056,20140508,  175,    0
197056,20140509,  179,    0
197056,20140510,  196,    0
197056,20140511,  199,    0
197056,20140512,  163,    0
197056,20140513,  140,    0
197056,20140514,  157,    0
197056,20140515,  153,    0
197056,20140516,  170,    0
197056,20140517,  166,    0
197056,20140518,  173,    0
197056,20140519,  166,    0
197056,20140520,  190,    0
197056,20140521,  198,    0
197056,20140522,  212,    0
197056,20140523,  211,    0
197056,20140524,  202,    0
197056,20140525,  194,    0
197056,20140526,  186,    0
197056,20140527,  179,    0
197056,20140528,  185,    0
197056,20140529,  177,    0
197056,20140530,  182,    0
197056,20140531,  177,    0
197056,20140601,  181,    0
197056,20140602,  188,    0
197056,20140603,  188,    0
197056,20140604,  196,    0
197056,20140605,  211,    0
197056,20140606,  214,    0
197056,20140607,  233,    0
197056,20140608,  252,    0
197056,20140609,  248,    0
197056,20140610,  252,    0
197056,20140611,  266,    0
197056,20140612,  275,    0
197056,20140613,  266,    0
197056,20140614,  225,    0
197056,20140615,  206,    0
197056,20140616,  195,    0
197056,20140617,  199,    0
197056,20140618,  198,    0
197056,20140619,  207,    0
197056,20140620,  225,    0
197056,20140621,  223,    0
197056,20140622,  234,    0
197056,20140623,  244,    0
197056,20140624,  242,    0
197056,20140625,  214,    0
197056,20140626,  212,    0
197056,20140627,  227,    0
197056,20140628,  233,    0
197056,20140629,  220,    0
197056,20140630,  209,    0
197056,20140701,  218,    0
197056,20140702,  225,    0
197056,20140703,  226,    0
197056,20140704,  215,    0
197056,20140705,  232,    0
197056,20140706,  252,    0
197056,20140707,  251,    0
197056,20140708,  218,    0
197056,20140709,  200,    0
197056,20140710,  177,    0
197056,20140711,  210,    0
197056,20140712,  217,    0
197056,20140713,  218,    0
197056,20140714,  204,    0
197056,20140715,  229,    0
197056,20140716,  250,    0
197056,20140717,  257,    0
197056,20140718,  260,    0
197056,20140719,  260,    0
197056,20140720,  261,    0
197056,20140721,  217,    0
197056,20140722,  226,    0
197056,20140723,  258,    0
197056,20140724,  209,    0
197056,20140725,  227,    0
197056,20140726,  209,    0
197056,20140727,  220,    0
197056,20140728,  239,    0
197056,20140729,  218,    0
197056,20140730,  195,    0
197056,20140731,  227,    0
197056,20140801,  245,    0
197056,20140802,  253,    0
197056,20140803,  219,    0
197056,20140804,  234,    0
197056,20140805,  228,    0
197056,20140806,  234,    0
197056,20140807,  239,    0
197056,20140808,  239,    0
197056,20140809,  250,    0
197056,20140810,  258,    0
197056,20140811,  254,    0
197056,20140812,  250,    0
197056,20140813,  242,    0
197056,20140814,  233,    0
197056,20140815,  204,    0
197056,20140816,  179,    0
197056,20140817,  196,    0
197056,20140818,  210,    0
197056,20140819,  199,    0
197056,20140820,  217,    0
197056,20140821,  221,    0
197056,20140822,  216,    0
197056,20140823,  193,    0
197056,20140824,  207,    0
197056,20140825,  206,    0
197056,20140826,  210,    0
197056,20140827,  228,    0
197056,20140828,  222,    0
197056,20140829,  216,    0
197056,20140830,  223,    0
197056,20140831,  228,    0
197056,20140901,  175,    0
197056,20140902,  179,    0
197056,20140903,  180,    0
197056,20140904,  198,    0
197056,20140905,  214,    0
197056,20140906,  213,    0
197056,20140907,  212,    0
197056,20140908,  217,    0
197056,20140909,  224,    0
197056,20140910,  207,    0
197056,20140911,  191,    0
197056,20140912,  169,    0
197056,20140913,  178,    0
197056,20140914,  190,    0
197056,20140915,  195,    0
197056,20140916,  196,    0
197056,20140917,  188,    0
197056,20140918,  182,    0
197056,20140919,  189,    0
197056,20140920,  202,    0
197056,20140921,  207,    0
197056,20140922,  202,    0
197056,20140923,  160,    0
197056,20140924,  149,    0
197056,20140925,  178,    0
197056,20140926,  163,    0
197056,20140927,  175,    0
197056,20140928,  181,    0
197056,20140929,  174,    0
197056,20140930,  182,    0
197056,20141001,  180,    0
197056,20141002,  177,    0
197056,20141003,  171,    0
197056,20141004,  161,    0
197056,20141005,  155,    0
197056,20141006,  143,    0
197056,20141007,  162,    0
197056,20141008,  198,    0
197056,20141009,  172,    0
197056,20141010,  203,    0
197056,20141011,  208,    0
197056,20141012,  192,    0
197056,20141013,  205,    0
197056,20141014,  180,    0
197056,20141015,  183,    0
197056,20141016,  189,    0
197056,20141017,  201,    0
197056,20141018,  195,    0
197056,20141019,  189,    0
197056,20141020,  183,    0
197056,20141021,  196,    0
197056,20141022,  153,    0
197056,20141023,  127,    0
197056,20141024,  148,    0
197056,20141025,  118,    0
197056,20141026,  115,    0
197056,20141027,  101,    0
197056,20141028,   90,    0
197056,20141029,   79,    0
197056,20141030,   86,    0
197056,20141031,   92,    0
197056,20141101,  102,    0
197056,20141102,  108,    0
197056,20141103,  113,    0
197056,20141104,  158,    0
197056,20141105,  164,    0
197056,20141106,  149,    0
197056,20141107,  132,    0
197056,20141108,  141,    0
197056,20141109,  147,    0
197056,20141110,  145,    0
197056,20141111,  147,    0
197056,20141112,  153,    0
197056,20141113,  143,    0
197056,20141114,  131,    0
197056,20141115,  137,    0
197056,20141116,  126,    0
197056,20141117,   99,    0
197056,20141118,  111,    0
197056,20141119,   94,    0
197056,20141120,   62,    0
197056,20141121,   62,    0
197056,20141122,   88,    0
197056,20141123,   98,    0
197056,20141124,   97,    0
197056,20141125,   92,    0
197056,20141126,   85,    0
197056,20141127,   80,    0
197056,20141128,   94,    0
197056,20141129,  115,    0
197056,20141130,  127,    0
197056,20141201,  127,    0
197056,20141202,  103,    0
197056,20141203,   89,    0
197056,20141204,   90,    0
197056,20141205,   93,    0
197056,20141206,  104,    0
197056,20141207,   92,    0
197056,20141208,   81,    0
197056,20141209,   78,    0
197056,20141210,   50,    0
197056,20141211,   34,    0
197056,20141212,   34,    0
197056,20141213,   56,    0
197056,20141214,   68,    0
197056,20141215,   78,    0
197056,20141216,   93,    0
197056,20141217,   86,    0
197056,20141218,   58,    0
197056,20141219,   51,    0
197056,20141220,   56,    0
197056,20141221,   64,    0
197056,20141222,   44,    0
197056,20141223,   35,    0
197056,20141224,   39,    0
197056,20141225,   55,    0
197056,20141226,   47,    0
197056,20141227,   12,    0
197056,20141228,   17,    0
197056,20141229,   14,    0
197056,20141230,    2,    0
197056,20141231,    1,    0
197056,20150101,    0,    0
197056,20150102,   22,    0
197056,20150103,   26,    0
197056,20150104,   37,    0
197056,20150105,   39,    0
197056,20150106,   22,    0
197056,20150107,   30,    0
197056,20150108,   49,    0
197056,20150109,   29,    0
197056,20150110,   19,    0
197056,20150111,   17,    0
197056,20150112,   56,    0
197056,20150113,   33,    0
197056,20150114,   37,    0
197056,20150115,   34,    0
197056,20150116,   71,    0
197056,20150117,  110,    0
197056,20150118,   52,    0
197056,20150119,   35,    0
197056,20150120,   38,    0
197056,20150121,   57,    0
197056,20150122,   63,    0
197056,20150123,   64,    0
197056,20150124,   71,    0
197056,20150125,   65,    0
197056,20150126,   51,    0
197056,20150127,   14,    0
197056,20150128,   21,    0
197056,20150129,   15,    0
197056,20150130,   32,    0
197056,20150131,   27,    0
197056,20150201,   37,    0
197056,20150202,   19,    0
197056,20150203,   39,    0
197056,20150204,   60,    0
197056,20150205,   41,    0
197056,20150206,   49,    0
197056,20150207,   36,    0
197056,20150208,   20,    0
197056,20150209,   18,    0
197056,20150210,   29,    0
197056,20150211,   34,    0
197056,20150212,   36,    0
197056,20150213,   60,    0
197056,20150214,   76,    0
197056,20150215,   73,    0
197056,20150216,   86,    0
197056,20150217,   74,    0
197056,20150218,   50,    0
197056,20150219,   43,    0
197056,20150220,   46,    0
197056,20150221,   72,    0
197056,20150222,   80,    0
197056,20150223,   92,    0
197056,20150224,   79,    0
197056,20150225,   80,    0
197056,20150226,   88,    0
197056,20150227,   86,    0
197056,20150228,   79,    0
197056,20150301,   78,    0
197056,20150302,   91,    0
197056,20150303,   72,    0
197056,20150304,   89,    0
197056,20150305,   83,    0
197056,20150306,   65,    0
197056,20150307,   66,    0
197056,20150308,   71,    0
197056,20150309,   59,    0
197056,20150310,   76,    0
197056,20150311,   93,    0
197056,20150312,   86,    0
197056,20150313,   74,    0
197056,20150314,   77,    0
197056,20150315,   95,    0
197056,20150316,   87,    0
197056,20150317,  107,    0
197056,20150318,   94,    0
197056,20150319,   91,    0
197056,20150320,   92,    0
197056,20150321,  106,    0
197056,20150322,  105,    0
197056,20150323,  109,    0
197056,20150324,  108,    0
197056,20150325,  115,    0
197056,20150326,  119,    0
197056,20150327,  115,    0
197056,20150328,  112,    0
197056,20150329,  113,    0
197056,20150330,  141,    0
197056,20150331,  138,    0
197056,20150401,  142,    0
197056,20150402,  118,    0
197056,20150403,  113,    0
197056,20150404,   88,    0
197056,20150405,   93,    0
197056,20150406,   83,    0
197056,20150407,   86,    0
197056,20150408,  104,    0
197056,20150409,  111,    0
197056,20150410,  118,    0
197056,20150411,  132,    0
197056,20150412,  135,    0
197056,20150413,  165,    0
197056,20150414,  158,    0
197056,20150415,  159,    0
197056,20150416,  170,    0
197056,20150417,  158,    0
197056,20150418,  134,    0
197056,20150419,  107,    0
197056,20150420,  121,    0
197056,20150421,  155,    0
197056,20150422,  172,    0
197056,20150423,  162,    0
197056,20150424,  151,    0
197056,20150425,  150,    0
197056,20150426,  163,    0
197056,20150427,  152,    0
197056,20150428,  151,    0
197056,20150429,  155,    0
197056,20150430,  156,    0
197056,20150501,  160,    0
197056,20150502,  180,    0
197056,20150503,  181,    0
197056,20150504,  188,    0
197056,20150505,  193,    0
197056,20150506,  184,    0
197056,20150507,  193,    0
197056,20150508,  203,    0
197056,20150509,  204,    0
197056,20150510,  209,    0
197056,20150511,  202,    0
197056,20150512,  204,    0
197056,20150513,  203,    0
197056,20150514,  216,    0
197056,20150515,  186,    0
197056,20150516,  173,    0
197056,20150517,  206,    0
197056,20150518,  208,    0
197056,20150519,  218,    0
197056,20150520,  198,    0
197056,20150521,  148,    0
197056,20150522,  137,    0
197056,20150523,  140,    0
197056,20150524,  169,    0
197056,20150525,  186,    0
197056,20150526,  169,    0
197056,20150527,  169,    0
197056,20150528,  171,    0
197056,20150529,  181,    0
197056,20150530,  200,    0
197056,20150531,  201,    0
197056,20150601,  211,    0
197056,20150602,  231,    0
197056,20150603,  240,    0
197056,20150604,  253,    0
197056,20150605,  255,    0
197056,20150606,  259,    0
197056,20150607,  251,    0
197056,20150608,  242,    0
197056,20150609,  239,    0
197056,20150610,  231,    0
197056,20150611,  240,    0
197056,20150612,  247,    0
197056,20150613,  260,    0
197056,20150614,  225,    0
197056,20150615,  222,    0
197056,20150616,  218,    0
197056,20150617,  199,    0
197056,20150618,  209,    0
197056,20150619,  209,    0
197056,20150620,  194,    0
197056,20150621,  199,    0
197056,20150622,  208,    0
197056,20150623,  233,    0
197056,20150624,  193,    0
197056,20150625,  198,    0
197056,20150626,  222,    0
197056,20150627,  231,    0
197056,20150628,  233,    0
197056,20150629,  237,    0
197056,20150630,  240,    0
197056,20150701,  242,    0
197056,20150702,  257,    0
197056,20150703,  263,    0
197056,20150704,  272,    0
197056,20150705,  277,    0
197056,20150706,  284,    0
197056,20150707,  294,    0
197056,20150708,  290,    0
197056,20150709,  252,    0
197056,20150710,  238,    0
197056,20150711,  237,    0
197056,20150712,  259,    0
197056,20150713,  262,    0
197056,20150714,  269,    0
197056,20150715,  273,    0
197056,20150716,  289,    0
197056,20150717,  290,    0
197056,20150718,  295,    0
197056,20150719,  290,    0
197056,20150720,  283,    0
197056,20150721,  285,    0
197056,20150722,  293,    0
197056,20150723,  295,    0
197056,20150724,  282,    0
197056,20150725,  268,    0
197056,20150726,  249,    0
197056,20150727,  262,    0
197056,20150728,  258,    0
197056,20150729,  268,    0
197056,20150730,  242,    0
197056,20150731,  222,    0
197056,20150801,  221,    0
197056,20150802,  230,    0
197056,20150803,  250,    0
197056,20150804,  264,    0
197056,20150805,  272,    0
197056,20150806,  272,    0
197056,20150807,  274,    0
197056,20150808,  277,    0
197056,20150809,  271,    0
197056,20150810,  229,    0
197056,20150811,  250,    0
197056,20150812,  264,    0
197056,20150813,  269,    0
197056,20150814,  271,    0
197056,20150815,  240,    0
197056,20150816,  205,    0
197056,20150817,  222,    0
197056,20150818,  228,    0
197056,20150819,  195,    0
197056,20150820,  224,    0
197056,20150821,  212,    0
197056,20150822,  206,    0
197056,20150823,  213,    0
197056,20150824,  220,    0
197056,20150825,  233,    0
197056,20150826,  238,    0
197056,20150827,  240,    0
197056,20150828,  250,    0
197056,20150829,  259,    0
197056,20150830,  262,    0
197056,20150831,  259,    0
197056,20150901,  247,    0
197056,20150902,  242,    0
197056,20150903,  224,    0
197056,20150904,  224,    0
197056,20150905,  197,    0
197056,20150906,  179,    0
197056,20150907,  174,    0
197056,20150908,  171,    0
197056,20150909,  163,    0
197056,20150910,  167,    0
197056,20150911,  178,    0
197056,20150912,  193,    0
197056,20150913,  186,    0
197056,20150914,  233,    0
197056,20150915,  216,    0
197056,20150916,  234,    0
197056,20150917,  245,    0
197056,20150918,  226,    0
197056,20150919,  205,    0
197056,20150920,  188,    0
197056,20150921,  186,    0
197056,20150922,  175,    0
197056,20150923,  171,    0
197056,20150924,  149,    0
197056,20150925,  162,    0
197056,20150926,  172,    0
197056,20150927,  171,    0
197056,20150928,  167,    0
197056,20150929,  159,    0
197056,20150930,  149,    0
197056,20151001,  136,    0
197056,20151002,  153,    0
197056,20151003,  170,    0
197056,20151004,  178,    0
197056,20151005,  179,    0
197056,20151006,  168,    0
197056,20151007,  175,    0
197056,20151008,  178,    0
197056,20151009,  165,    0
197056,20151010,  153,    0
197056,20151011,  162,    0
197056,20151012,  158,    0
197056,20151013,  152,    0
197056,20151014,  155,    0
197056,20151015,  146,    0
197056,20151016,  122,    0
197056,20151017,  115,    0
197056,20151018,  117,    0
197056,20151019,  128,    0
197056,20151020,  104,    0
197056,20151021,   97,    0
197056,20151022,  102,    0
197056,20151023,  104,    0
197056,20151024,  106,    0
197056,20151025,  112,    0
197056,20151026,  108,    0
197056,20151027,  112,    0
197056,20151028,  125,    0
197056,20151029,  132,    0
196576,20151030,  128,    0
197056,20151031,  118,    0
197056,20151101,   95,    0
197056,20151102,   83,    0
197056,20151103,   93,    0
197056,20151104,  108,    0
197056,20151105,  109,    0
197056,20151106,  125,    0
197056,20151107,  123,    0
197056,20151108,  123,    0
197056,20151109,  118,    0
197056,20151110,  118,    0
197056,20151111,  113,    0
197056,20151112,  109,    0
197056,20151113,   96,    0
197056,20151114,   96,    0
197056,20151115,  104,    0
197056,20151116,  104,    0
197056,20151117,  103,    0
197056,20151118,  105,    0
197056,20151119,  108,    0
197056,20151120,   96,    0
197056,20151121,   88,    0
197056,20151122,   59,    0
197056,20151123,   52,    0
197056,20151124,   49,    0
197056,20151125,   27,    0
197056,20151126,   45,    0
197056,20151127,   47,    0
197056,20151128,   28,    0
197056,20151129,   21,    0
197056,20151130,   35,    0
197056,20151201,   30,    0
197056,20151202,   31,    0
197056,20151203,   27,    0
197056,20151204,   43,    0
197056,20151205,   65,    0
197056,20151206,   50,    0
197056,20151207,   59,    0
197056,20151208,   62,    0
197056,20151209,   44,    0
197056,20151210,   46,    0
197056,20151211,   24,    0
197056,20151212,   18,    0
197056,20151213,   25,    0
197056,20151214,   59,    0
197056,20151215,   58,    0
197056,20151216,   44,    0
197056,20151217,   42,    0
197056,20151218,   44,    0
197056,20151219,   48,    0
197056,20151220,   42,    0
197056,20151221,   59,    0
197056,20151222,   71,    0
197056,20151223,   71,    0
197056,20151224,   72,    0
197056,20151225,   73,    0
197056,20151226,   61,    0
197056,20151227,   49,    0
197056,20151228,   31,    0
197056,20151229,   29,    0
197056,20151230,   21,    0
197056,20151231,   29,    0
197056,20160101,   15,    0
197056,20160102,   13,    0
197056,20160103,   25,    0
197056,20160104,   17,    0
197056,20160105,   23,    0
197056,20160106,   40,    0
197056,20160107,   31,    0
197056,20160108,   48,    0
197056,20160109,   57,    0
197056,20160110,   65,    0
197056,20160111,  107,    0
197056,20160112,   89,    0
197056,20160113,   66,    0
197056,20160114,   26,    0
197056,20160115,   37,    0
197056,20160116,   26,    0
197056,20160117,   20,    0
197056,20160118,    4,    0
197056,20160119,  -10,    0
197056,20160120,   -2,    0
197056,20160121,    1,    0
197056,20160122,   21,    0
197056,20160123,   16,    0
197056,20160124,   11,    0
197056,20160125,   30,    0
197056,20160126,   51,    0
197056,20160127,   52,    0
197056,20160128,   80,    0
197056,20160129,   69,    0
197056,20160130,   78,    0
197056,20160131,   52,    0
197056,20160201,   69,    0
197056,20160202,   75,    0
197056,20160203,   74,    0
197056,20160204,   64,    0
197056,20160205,   43,    0
197056,20160206,   53,    0
197056,20160207,   93,    0
197056,20160208,   76,    0
197056,20160209,   83,    0
197056,20160210,   88,    0
197056,20160211,   42,    0
197056,20160212,   63,    0
197056,20160213,   59,    0
197056,20160214,   61,    0
197056,20160215,   68,    0
197056,20160216,   82,    0
197056,20160217,   74,    0
197056,20160218,   83,    0
197056,20160219,   86,    0
197056,20160220,   78,    0
197056,20160221,   82,    0
197056,20160222,   80,    0
197056,20160223,   98,    0
197056,20160224,   81,    0
197056,20160225,   77,    0
197056,20160226,   75,    0
197056,20160227,   71,    0
197056,20160228,  112,    0
197056,20160229,  104,    0
197056,20160301,   96,    0
197056,20160302,   96,    0
197056,20160303,   51,    0
197056,20160304,   79,    0
197056,20160305,   91,    0
197056,20160306,   49,    0
197056,20160307,   58,    0
197056,20160308,   58,    0
197056,20160309,   68,    0
197056,20160310,   89,    0
197056,20160311,   97,    0
197056,20160312,  108,    0
197056,20160313,  107,    0
197056,20160314,   94,    0
197056,20160315,   79,    0
197056,20160316,   84,    0
197056,20160317,   92,    0
197056,20160318,   98,    0
197056,20160319,  111,    0
197056,20160320,  116,    0
197056,20160321,  127,    0
197056,20160322,  120,    0
197056,20160323,  100,    0
197056,20160324,   88,    0
197056,20160325,  111,    0
197056,20160326,  107,    0
197056,20160327,  109,    0
197056,20160328,  134,    0
197056,20160329,  139,    0
197056,20160330,  147,    0
197056,20160331,  131,    0
197056,20160401,  151,    0
197056,20160402,  133,    0
197056,20160403,  131,    0
197056,20160404,  144,    0
197056,20160405,  153,    0
197056,20160406,  147,    0
197056,20160407,  135,    0
197056,20160408,  140,    0
197056,20160409,  138,    0
197056,20160410,  143,    0
197056,20160411,  161,    0
197056,20160412,  158,    0
197056,20160413,  157,    0
197056,20160414,  159,    0
197056,20160415,  150,    0
197056,20160416,  184,    0
197056,20160417,  179,    0
197056,20160418,  173,    0
197056,20160419,  143,    0
197056,20160420,  140,    0
197056,20160421,  140,    0
197056,20160422,  160,    0
197056,20160423,  146,    0
197056,20160424,  116,    0
197056,20160425,  105,    0
197056,20160426,  107,    0
197056,20160427,  149,    0
197056,20160428,  118,    0
197056,20160429,  131,    0
197056,20160430,  134,    0
197056,20160501,  124,    0
197056,20160502,  142,    0
197056,20160503,  170,    0
197056,20160504,  169,    0
197056,20160505,  157,    0
197056,20160506,  163,    0
197056,20160507,  161,    0
197056,20160508,  179,    0
197056,20160509,  176,    0
197056,20160510,  187,    0
197056,20160511,  169,    0
197056,20160512,  177,    0
197056,20160513,  155,    0
197056,20160514,  174,    0
197056,20160515,  160,    0
197056,20160516,  147,    0
197056,20160517,  158,    0
197056,20160518,  162,    0
197056,20160519,  146,    0
197056,20160520,  180,    0
197056,20160521,  199,    0
197056,20160522,  199,    0
197056,20160523,  171,    0
197056,20160524,  169,    0
197056,20160525,  184,    0
197056,20160526,  204,    0
197056,20160527,  208,    0
197056,20160528,  221,    0
197056,20160529,  187,    0
197056,20160530,  198,    0
197056,20160531,  185,    0
197056,20160601,  186,    0
197056,20160602,  184,    0
197056,20160603,  189,    0
197056,20160604,  190,    0
197056,20160605,  203,    0
197056,20160606,  208,    0
197056,20160607,  222,    0
197056,20160608,  218,    0
197056,20160609,  181,    0
197056,20160610,  202,    0
197056,20160611,  209,    0
197056,20160612,  191,    0
197056,20160613,  208,    0
197056,20160614,  193,    0
197056,20160615,  206,    0
197056,20160616,  225,    0
197056,20160617,  220,    0
197056,20160618,  203,    0
197056,20160619,  189,    0
197056,20160620,  205,    0
197056,20160621,  220,    0
197056,20160622,  236,    0
197056,20160623,  258,    0
197056,20160624,  275,    0
197056,20160625,  264,    0
197056,20160626,  245,    0
197056,20160627,  225,    0
197056,20160628,  236,    0
197056,20160629,  240,    0
197056,20160630,  255,    0
197056,20160701,  254,    0
197056,20160702,  255,    0
197056,20160703,  247,    0
197056,20160704,  241,    0
197056,20160705,  243,    0
197056,20160706,  256,    0
197056,20160707,  258,    0
197056,20160708,  263,    0
197056,20160709,  263,    0
197056,20160710,  275,    0
197056,20160711,  276,    0
197056,20160712,  280,    0
197056,20160713,  254,    0
197056,20160714,  214,    0
197056,20160715,  201,    0
197056,20160716,  209,    0
197056,20160717,  227,    0
197056,20160718,  250,    0
197056,20160719,  255,    0
197056,20160720,  262,    0
197056,20160721,  267,    0
197056,20160722,  266,    0
197056,20160723,  241,    0
197056,20160724,  236,    0
197056,20160725,  251,    0
197056,20160726,  259,    0
197056,20160727,  259,    0
197056,20160728,  247,    0
197056,20160729,  257,    0
197056,20160730,  265,    0
197056,20160731,  259,    0
197056,20160801,  236,    0
197056,20160802,  241,    0
197056,20160803,  249,    0
197056,20160804,  260,    0
197056,20160805,  219,    0
197056,20160806,  221,    0
197056,20160807,  229,    0
197056,20160808,  225,    0
197056,20160809,  239,    0
197056,20160810,  204,    0
197056,20160811,  197,    0
197056,20160812,  195,    0
197056,20160813,  212,    0
197056,20160814,  228,    0
197056,20160815,  241,    0
197056,20160816,  229,    0
196576,20160817,  241,    0
196576,20160818,  231,    0
196576,20160819,  242,    0
196576,20160820,  246,    0
196576,20160821,  240,    0
197056,20160822,  226,    0
197056,20160823,  210,    0
197056,20160824,  221,    0
197056,20160825,  227,    0
197056,20160826,  221,    0
197056,20160827,  204,    0
197056,20160828,  241,    0
197056,20160829,  253,    0
197056,20160830,  239,    0
197056,20160831,  232,    0
197056,20160901,  234,    0
197056,20160902,  245,    0
197056,20160903,  242,    0
197056,20160904,  250,    0
197056,20160905,  231,    0
197056,20160906,  195,    0
197056,20160907,  211,    0
197056,20160908,  218,    0
197056,20160909,  226,    0
197056,20160910,  228,    0
197056,20160911,  231,    0
197056,20160912,  228,    0
197056,20160913,  229,    0
197056,20160914,  229,    0
197056,20160915,  224,    0
197056,20160916,  185,    0
197056,20160917,  198,    0
197056,20160918,  186,    0
197056,20160919,  192,    0
197056,20160920,  194,    0
197056,20160921,  175,    0
197056,20160922,  178,    0
197056,20160923,  161,    0
197056,20160924,  173,    0
197056,20160925,  173,    0
197056,20160926,  172,    0
197056,20160927,  172,    0
197056,20160928,  173,    0
197056,20160929,  172,    0
197056,20160930,  184,    0
197056,20161001,  185,    0
197056,20161002,  188,    0
197056,20161003,  171,    0
197056,20161004,  147,    0
197056,20161005,  139,    0
197056,20161006,  128,    0
197056,20161007,  132,    0
197056,20161008,  121,    0
197056,20161009,  129,    0
197056,20161010,  116,    0
197056,20161011,   95,    0
197056,20161012,  101,    0
197056,20161013,  108,    0
197056,20161014,  131,    0
197056,20161015,  148,    0
197056,20161016,  146,    0
197056,20161017,  145,    0
197056,20161018,  147,    0
197056,20161019,  139,    0
197056,20161020,  125,    0
197056,20161021,  115,    0
197056,20161022,  106,    0
197056,20161023,  126,    0
197056,20161024,  129,    0
197056,20161025,  138,    0
197056,20161026,  141,    0
197056,20161027,  143,    0
197056,20161028,  124,    0
197056,20161029,  109,    0
197056,20161030,  104,    0
197056,20161031,  112,    0
197056,20161101,  109,    0
197056,20161102,  113,    0
197056,20161103,  124,    0
197056,20161104,  104,    0
197056,20161105,  105,    0
197056,20161106,  113,    0
197056,20161107,   94,    0
197056,20161108,   69,    0
197056,20161109,   77,    0
197056,20161110,   73,    0
197056,20161111,   72,    0
197056,20161112,   73,    0
197056,20161113,   55,    0
197056,20161114,   74,    0
197056,20161115,   40,    0
197056,20161116,   40,    0
197056,20161117,   65,    0
197056,20161118,   88,    0
197056,20161119,   95,    0
197056,20161120,   87,    0
197056,20161121,  110,    0
197056,20161122,  138,    0
197056,20161123,  146,    0
197056,20161124,  144,    0
197056,20161125,  149,    0
197056,20161126,  127,    0
197056,20161127,   95,    0
197056,20161128,   88,    0
197056,20161129,   37,    0
197056,20161130,   25,    0
197056,20161201,   30,    0
197056,20161202,   34,    0
197056,20161203,   66,    0
197056,20161204,   73,    0
197056,20161205,   73,    0
197056,20161206,   48,    0
197056,20161207,   39,    0
197056,20161208,   24,    0
197056,20161209,   16,    0
197056,20161210,   17,    0
197056,20161211,   20,    0
197056,20161212,   39,    0
197056,20161213,   33,    0
196576,20161214,   19,    0
196576,20161215,   19,    0
197056,20161216,   22,    0
197056,20161217,   15,    0
197056,20161218,   -8,    0
197056,20161219,   10,    0
197056,20161220,   66,    0
197056,20161221,   70,    0
197056,20161222,   42,    0
197056,20161223,   29,    0
197056,20161224,   31,    0
197056,20161225,   32,    0
197056,20161226,   39,    0
197056,20161227,   38,    0
197056,20161228,   34,    0
197056,20161229,   42,    0
197056,20161230,    7,    0
197056,20161231,    6,    0
197056,20170101,    6,    0
197056,20170102,   17,    0
197056,20170103,   32,    0
197056,20170104,   13,    0
197056,20170105,   18,    0
197056,20170106,  -17,    0
197056,20170107,  -31,    0
197056,20170108,  -21,    0
197056,20170109,  -19,    0
197056,20170110,    2,    0
197056,20170111,  -12,    0
197056,20170112,   -3,    0
197056,20170113,    9,    0
197056,20170114,   14,    0
197056,20170115,    4,    0
197056,20170116,   22,    0
197056,20170117,   38,    0
197056,20170118,   40,    0
197056,20170119,   29,    0
197056,20170120,    3,    0
197056,20170121,   -3,    0
197056,20170122,    7,    0
197056,20170123,   34,    0
197056,20170124,   50,    0
197056,20170125,   13,    0
197056,20170126,  -37,    0
197056,20170127,   15,    0
197056,20170128,   12,    0
197056,20170129,    8,    0
197056,20170130,   13,    0
197056,20170131,   40,    0
197056,20170201,   49,    0
197056,20170202,   57,    0
197056,20170203,   77,    0
197056,20170204,   68,    0
197056,20170205,   53,    0
197056,20170206,   74,    0
197056,20170207,   76,    0
197056,20170208,   55,    0
197056,20170209,   42,    0
197056,20170210,   54,    0
197056,20170211,   64,    0
197056,20170212,   75,    0
197056,20170213,   71,    0
197056,20170214,   54,    0
197056,20170215,   66,    0
197056,20170216,   74,    0
197056,20170217,   73,    0
197056,20170218,   66,    0
197056,20170219,   48,    0
197056,20170220,   41,    0
197056,20170221,   51,    0
197056,20170222,   73,    0
197056,20170223,   60,    0
197056,20170224,   70,    0
197056,20170225,   70,    0
197056,20170226,   61,    0
197056,20170227,   65,    0
197056,20170228,  112,    0
197056,20170301,  104,    0
197056,20170302,   89,    0
197056,20170303,   95,    0
197056,20170304,  103,    0
197056,20170305,  108,    0
197056,20170306,   98,    0
197056,20170307,  105,    0
197056,20170308,   97,    0
197056,20170309,  107,    0
197056,20170310,  119,    0
197056,20170311,   81,    0
197056,20170312,   81,    0
197056,20170313,   83,    0
197056,20170314,  108,    0
197056,20170315,  103,    0
197056,20170316,   99,    0
197056,20170317,  115,    0
197056,20170318,  123,    0
197056,20170319,  114,    0
197056,20170320,  110,    0
197056,20170321,  119,    0
197056,20170322,  134,    0
197056,20170323,  136,    0
197056,20170324,  135,    0
197056,20170325,  142,    0
197056,20170326,  132,    0
197056,20170327,   98,    0
197056,20170328,  115,    0
197056,20170329,  143,    0
197056,20170330,  155,    0
197056,20170331,  146,    0
197056,20170401,  137,    0
197056,20170402,  147,    0
197056,20170403,  154,    0
197056,20170404,  164,    0
197056,20170405,  138,    0
197056,20170406,  131,    0
197056,20170407,  132,    0
197056,20170408,  135,    0
197056,20170409,  148,    0
197056,20170410,  156,    0
197056,20170411,  160,    0
197056,20170412,  135,    0
197056,20170413,  164,    0
197056,20170414,  167,    0
197056,20170415,  148,    0
197056,20170416,  168,    0
197056,20170417,  137,    0
197056,20170418,   80,    0
197056,20170419,   88,    0
197056,20170420,   89,    0
197056,20170421,   98,    0
197056,20170422,  113,    0
197056,20170423,  128,    0
197056,20170424,  152,    0
197056,20170425,  166,    0
197056,20170426,  163,    0
197056,20170427,  166,    0
197056,20170428,  133,    0
197056,20170429,  112,    0
197056,20170430,  112,    0
197056,20170501,  117,    0
197056,20170502,  130,    0
197056,20170503,  139,    0
197056,20170504,  143,    0
197056,20170505,  149,    0
197056,20170506,  138,    0
197056,20170507,  126,    0
197056,20170508,  141,    0
197056,20170509,  149,    0
197056,20170510,  146,    0
197056,20170511,  160,    0
197056,20170512,  175,    0
197056,20170513,  193,    0
197056,20170514,  196,    0
197056,20170515,  192,    0
197056,20170516,  195,    0
197056,20170517,  198,    0
197056,20170518,  199,    0
197056,20170519,  202,    0
197056,20170520,  159,    0
197056,20170521,  195,    0
197056,20170522,  204,    0
197056,20170523,  216,    0
197056,20170524,  216,    0
197056,20170525,  205,    0
197056,20170526,  194,    0
197056,20170527,  208,    0
197056,20170528,  220,    0
197056,20170529,  226,    0
197056,20170530,  236,    0
197056,20170531,  237,    0
197056,20170601,  230,    0
197056,20170602,  225,    0
197056,20170603,  238,    0
197056,20170604,  235,    0
197056,20170605,  222,    0
197056,20170606,  214,    0
197056,20170607,  215,    0
197056,20170608,  200,    0
197056,20170609,  201,    0
197056,20170610,  226,    0
197056,20170611,  226,    0
197056,20170612,  239,    0
197056,20170613,  257,    0
197056,20170614,  252,    0
197056,20170615,  248,    0
197056,20170616,  264,    0
197056,20170617,  254,    0
197056,20170618,  231,    0
197056,20170619,  227,    0
197056,20170620,  243,    0
197056,20170621,  261,    0
197056,20170622,  275,    0
197056,20170623,  283,    0
197056,20170624,  284,    0
197056,20170625,  249,    0
197056,20170626,  250,    0
197056,20170627,  246,    0
197056,20170628,  228,    0
197056,20170629,  218,    0
197056,20170630,  207,    0
197056,20170701,  213,    0
197056,20170702,  210,    0
197056,20170703,  238,    0
197056,20170704,  244,    0
197056,20170705,  253,    0
197056,20170706,  260,    0
197056,20170707,  267,    0
197056,20170708,  270,    0
197056,20170709,  272,    0
197056,20170710,  269,    0
197056,20170711,  247,    0
197056,20170712,  250,    0
197056,20170713,  258,    0
197056,20170714,  230,    0
197056,20170715,  227,    0
197056,20170716,  220,    0
197056,20170717,  215,    0
197056,20170718,  234,    0
197056,20170719,  248,    0
197056,20170720,  254,    0
197056,20170721,  258,    0
197056,20170722,  267,    0
197056,20170723,  273,    0
197056,20170724,  236,    0
197056,20170725,  221,    0
197056,20170726,  217,    0
197056,20170727,  236,    0
197056,20170728,  251,    0
197056,20170729,  261,    0
197056,20170730,  261,    0
197056,20170731,  269,    0
197056,20170801,  276,    0
197056,20170802,  297,    0
197056,20170803,  300,    0
197056,20170804,  300,    0
197056,20170805,  295,    0
197056,20170806,  277,    0
197056,20170807,  245,    0
197056,20170808,  252,    0
197056,20170809,  276,    0
197056,20170810,  240,    0
197056,20170811,  227,    0
197056,20170812,  208,    0
197056,20170813,  226,    0
197056,20170814,  235,    0
197056,20170815,  248,    0
197056,20170816,  247,    0
197056,20170817,  260,    0
197056,20170818,  262,    0
197056,20170819,  257,    0
197056,20170820,  225,    0
197056,20170821,  214,    0
197056,20170822,  207,    0
197056,20170823,  217,    0
197056,20170824,  237,    0
197056,20170825,  253,    0
197056,20170826,  258,    0
197056,20170827,  266,    0
197056,20170828,  259,    0
197056,20170829,  239,    0
197056,20170830,  241,    0
197056,20170831,  263,    0
197056,20170901,  232,    0
197056,20170902,  174,    0
197056,20170903,  180,    0
197056,20170904,  183,    0
197056,20170905,  209,    0
197056,20170906,  213,    0
197056,20170907,  211,    0
197056,20170908,  197,    0
197056,20170909,  209,    0
197056,20170910,  184,    0
197056,20170911,  185,    0
197056,20170912,  163,    0
197056,20170913,  172,    0
197056,20170914,  202,    0
197056,20170915,  175,    0
197056,20170916,  164,    0
197056,20170917,  171,    0
197056,20170918,  151,    0
197056,20170919,  132,    0
197056,20170920,  149,    0
197056,20170921,  145,    0
197056,20170922,  152,    0
197056,20170923,  167,    0
197056,20170924,  153,    0
197056,20170925,  152,    0
197056,20170926,  154,    0
197056,20170927,  162,    0
197056,20170928,  166,    0
197056,20170929,  158,    0
197056,20170930,  158,    0
197056,20171001,  142,    0
197056,20171002,  152,    0
197056,20171003,  152,    0
197056,20171004,  175,    0
197056,20171005,  174,    0
197056,20171006,  146,    0
197056,20171007,  134,    0
197056,20171008,  141,    0
197056,20171009,  140,    0
197056,20171010,  147,    0
197056,20171011,  146,    0
197056,20171012,  149,    0
197056,20171013,  142,    0
197056,20171014,  142,    0
197056,20171015,  153,    0
197056,20171016,  152,    0
197056,20171017,  147,    0
197056,20171018,  138,    0
197056,20171019,  141,    0
197056,20171020,  140,    0
197056,20171021,  152,    0
197056,20171022,  151,    0
197056,20171023,  124,    0
197056,20171024,  120,    0
197056,20171025,  107,    0
197056,20171026,  115,    0
197056,20171027,  118,    0
197056,20171028,  110,    0
197056,20171029,  119,    0
197056,20171030,  112,    0
197056,20171031,  101,    0
197056,20171101,   90,    0
197056,20171102,  100,    0
197056,20171103,  112,    0
197056,20171104,  116,    0
197056,20171105,  124,    0
197056,20171106,  104,    0
197056,20171107,  102,    0
197056,20171108,   97,    0
197056,20171109,   95,    0
197056,20171110,   92,    0
197056,20171111,   79,    0
197056,20171112,   85,    0
197056,20171113,   58,    0
197056,20171114,   71,    0
197056,20171115,   74,    0
197056,20171116,   74,    0
197056,20171117,   69,    0
197056,20171118,   65,    0
197056,20171119,   56,    0
197056,20171120,   29,    0
197056,20171121,   54,    0
197056,20171122,   70,    0
197056,20171123,   83,    0
197056,20171124,   76,    0
197056,20171125,   93,    0
197056,20171126,   65,    0
197056,20171127,   29,    0
197056,20171128,   23,    0
197056,20171129,   40,    0
197056,20171130,   38,    0
197056,20171201,   22,    0
197056,20171202,   51,    0
197056,20171203,   22,    0
197056,20171204,   15,    0
197056,20171205,   10,    0
197056,20171206,   31,    0
197056,20171207,   35,    0
197056,20171208,   48,    0
197056,20171209,   38,    0
197056,20171210,    8,    0
197056,20171211,   52,    0
197056,20171212,   67,    0
197056,20171213,   34,    0
197056,20171214,   38,    0
197056,20171215,   40,    0
197056,20171216,   41,    0
197056,20171217,   21,    0
197056,20171218,   -1,    0
197056,20171219,   -2,    0
197056,20171220,    6,    0
197056,20171221,   -1,    0
197056,20171222,   10,    0
197056,20171223,   25,    0
197056,20171224,   26,    0
197056,20171225,   30,    0
197056,20171226,   52,    0
197056,20171227,   65,    0
197056,20171228,   39,    0
197056,20171229,   38,    0
197056,20171230,   14,    0
197056,20171231,   16,    0
197056,20180101,   25,    0
197056,20180102,   44,    0
197056,20180103,   27,    0
197056,20180104,   48,    0
197056,20180105,   40,    0
197056,20180106,   62,    0
197056,20180107,   82,    0
197056,20180108,  104,    0
197056,20180109,  105,    0
197056,20180110,   79,    0
197056,20180111,   68,    0
197056,20180112,   63,    0
197056,20180113,   49,    0
197056,20180114,   29,    0
197056,20180115,   27,    0
197056,20180116,   38,    0
197056,20180117,   56,    0
197056,20180118,   50,    0
197056,20180119,   28,    0
197056,20180120,   21,    0
197056,20180121,   39,    0
197056,20180122,   35,    0
197056,20180123,   43,    0
197056,20180124,   51,    0
197056,20180125,   41,    0
197056,20180126,   65,    0
197056,20180127,   71,    0
197056,20180128,   63,    0
197056,20180129,   31,    0
197056,20180130,   38,    0
197056,20180131,   62,    0
197056,20180201,   85,    0
197056,20180202,   65,    0
197056,20180203,   36,    0
197056,20180204,   42,    0
197056,20180205,   59,    0
197056,20180206,   57,    0
197056,20180207,   48,    0
197056,20180208,   51,    0
197056,20180209,   46,    0
197056,20180210,   37,    0
197056,20180211,   43,    0
197056,20180212,   32,    0
197056,20180213,   35,    0
197056,20180214,   19,    0
197056,20180215,   22,    0
197056,20180216,   40,    0
197056,20180217,   39,    0
197056,20180218,   50,    0
197056,20180219,   38,    0
197056,20180220,   12,    0
197056,20180221,-9999,    9
197056,20180222,-9999,    9
197056,20180223,-9999,    9
197056,20180224,-9999,    9
197056,20180225,-9999,    9
197056,20180226,-9999,    9
197056,20180227,-9999,    9
197056,20180228,-9999,    9
197056,20180301,-9999,    9
197056,20180302,-9999,    9
197056,20180303,-9999,    9
197056,20180304,-9999,    9
197056,20180305,-9999,    9
197056,20180306,-9999,    9
197056,20180307,-9999,    9
197056,20180308,-9999,    9
197056,20180309,-9999,    9
197056,20180310,-9999,    9
197056,20180311,-9999,    9
197056,20180312,-9999,    9
197056,20180313,-9999,    9
197056,20180314,-9999,    9
197056,20180315,-9999,    9
197056,20180316,-9999,    9
197056,20180317,-9999,    9
197056,20180318,-9999,    9
197056,20180319,-9999,    9
197056,20180320,-9999,    9
197056,20180321,-9999,    9
197056,20180322,-9999,    9
197056,20180323,-9999,    9
197056,20180324,-9999,    9
197056,20180325,-9999,    9
197056,20180326,-9999,    9
197056,20180327,-9999,    9
197056,20180328,-9999,    9
197056,20180329,-9999,    9
197056,20180330,-9999,    9
197056,20180331,-9999,    9
197056,20180401,-9999,    9
197056,20180402,-9999,    9
197056,20180403,-9999,    9
197056,20180404,-9999,    9
197056,20180405,-9999,    9
197056,20180406,-9999,    9
197056,20180407,-9999,    9
197056,20180408,-9999,    9
197056,20180409,-9999,    9
197056,20180410,-9999,    9
197056,20180411,-9999,    9
197056,20180412,-9999,    9
197056,20180413,-9999,    9
197056,20180414,-9999,    9
197056,20180415,-9999,    9
197056,20180416,-9999,    9
197056,20180417,-9999,    9
197056,20180418,-9999,    9
197056,20180419,-9999,    9
197056,20180420,-9999,    9
197056,20180421,-9999,    9
197056,20180422,-9999,    9
197056,20180423,-9999,    9
197056,20180424,-9999,    9
197056,20180425,-9999,    9
197056,20180426,-9999,    9
197056,20180427,-9999,    9
197056,20180428,-9999,    9
197056,20180429,-9999,    9
197056,20180430,-9999,    9
197056,20180501,-9999,    9
197056,20180502,-9999,    9
197056,20180503,-9999,    9
197056,20180504,-9999,    9
197056,20180505,-9999,    9
197056,20180506,-9999,    9
197056,20180507,-9999,    9
197056,20180508,-9999,    9
197056,20180509,-9999,    9
197056,20180510,-9999,    9
197056,20180511,-9999,    9
197056,20180512,-9999,    9
197056,20180513,-9999,    9
197056,20180514,-9999,    9
197056,20180515,-9999,    9
197056,20180516,-9999,    9
197056,20180517,-9999,    9
197056,20180518,-9999,    9
197056,20180519,-9999,    9
197056,20180520,-9999,    9
197056,20180521,-9999,    9
197056,20180522,-9999,    9
197056,20180523,-9999,    9
197056,20180524,-9999,    9
197056,20180525,-9999,    9
197056,20180526,-9999,    9
197056,20180527,-9999,    9
197056,20180528,-9999,    9
197056,20180529,-9999,    9
197056,20180530,-9999,    9
197056,20180531,-9999,    9
197056,20180601,-9999,    9
197056,20180602,-9999,    9
197056,20180603,-9999,    9
197056,20180604,-9999,    9
197056,20180605,-9999,    9
197056,20180606,-9999,    9
197056,20180607,-9999,    9
197056,20180608,-9999,    9
197056,20180609,-9999,    9
197056,20180610,-9999,    9
197056,20180611,-9999,    9
197056,20180612,-9999,    9
197056,20180613,-9999,    9
197056,20180614,-9999,    9
197056,20180615,-9999,    9
197056,20180616,-9999,    9
197056,20180617,-9999,    9
197056,20180618,-9999,    9
197056,20180619,-9999,    9
197056,20180620,-9999,    9
197056,20180621,-9999,    9
197056,20180622,-9999,    9
197056,20180623,-9999,    9
197056,20180624,-9999,    9
197056,20180625,-9999,    9
197056,20180626,-9999,    9
197056,20180627,-9999,    9
197056,20180628,-9999,    9
197056,20180629,-9999,    9
197056,20180630,-9999,    9
197056,20180701,-9999,    9
197056,20180702,-9999,    9
197056,20180703,-9999,    9
197056,20180704,-9999,    9
197056,20180705,-9999,    9
197056,20180706,-9999,    9
197056,20180707,-9999,    9
197056,20180708,-9999,    9
197056,20180709,-9999,    9
197056,20180710,-9999,    9
197056,20180711,-9999,    9
197056,20180712,-9999,    9
197056,20180713,-9999,    9
197056,20180714,-9999,    9
197056,20180715,-9999,    9
197056,20180716,-9999,    9
197056,20180717,-9999,    9
197056,20180718,-9999,    9
197056,20180719,-9999,    9
197056,20180720,-9999,    9
197056,20180721,-9999,    9
197056,20180722,-9999,    9
197056,20180723,-9999,    9
197056,20180724,-9999,    9
197056,20180725,-9999,    9
197056,20180726,-9999,    9
197056,20180727,-9999,    9
197056,20180728,-9999,    9
197056,20180729,-9999,    9
197056,20180730,-9999,    9
197056,20180731,-9999,    9
197056,20180801,-9999,    9
197056,20180802,-9999,    9
197056,20180803,-9999,    9
197056,20180804,-9999,    9
197056,20180805,-9999,    9
197056,20180806,-9999,    9
197056,20180807,-9999,    9
197056,20180808,-9999,    9
197056,20180809,-9999,    9
197056,20180810,-9999,    9
197056,20180811,-9999,    9
197056,20180812,-9999,    9
197056,20180813,-9999,    9
197056,20180814,-9999,    9
197056,20180815,-9999,    9
197056,20180816,-9999,    9
197056,20180817,-9999,    9
197056,20180818,-9999,    9
197056,20180819,-9999,    9
197056,20180820,-9999,    9
197056,20180821,-9999,    9
197056,20180822,-9999,    9
197056,20180823,-9999,    9
197056,20180824,-9999,    9
197056,20180825,-9999,    9
197056,20180826,-9999,    9
197056,20180827,-9999,    9
197056,20180828,-9999,    9
197056,20180829,-9999,    9
197056,20180830,-9999,    9
197056,20180831,-9999,    9
197056,20180901,-9999,    9
197056,20180902,-9999,    9
197056,20180903,-9999,    9
197056,20180904,-9999,    9
197056,20180905,-9999,    9
197056,20180906,-9999,    9
197056,20180907,-9999,    9
197056,20180908,-9999,    9
197056,20180909,-9999,    9
197056,20180910,-9999,    9
197056,20180911,-9999,    9
197056,20180912,-9999,    9
197056,20180913,-9999,    9
197056,20180914,-9999,    9
197056,20180915,-9999,    9
197056,20180916,-9999,    9
197056,20180917,-9999,    9
197056,20180918,-9999,    9
197056,20180919,-9999,    9
197056,20180920,-9999,    9
197056,20180921,-9999,    9
197056,20180922,-9999,    9
197056,20180923,-9999,    9
197056,20180924,-9999,    9
197056,20180925,-9999,    9
197056,20180926,-9999,    9
197056,20180927,-9999,    9
197056,20180928,-9999,    9
197056,20180929,-9999,    9
197056,20180930,-9999,    9
197056,20181001,-9999,    9
197056,20181002,-9999,    9
197056,20181003,-9999,    9
197056,20181004,-9999,    9
197056,20181005,-9999,    9
197056,20181006,-9999,    9
197056,20181007,-9999,    9
197056,20181008,-9999,    9
197056,20181009,-9999,    9
197056,20181010,-9999,    9
197056,20181011,-9999,    9
197056,20181012,-9999,    9
197056,20181013,-9999,    9
197056,20181014,-9999,    9
197056,20181015,-9999,    9
197056,20181016,-9999,    9
197056,20181017,-9999,    9
197056,20181018,-9999,    9
197056,20181019,-9999,    9
197056,20181020,-9999,    9
197056,20181021,-9999,    9
197056,20181022,-9999,    9
197056,20181023,-9999,    9
197056,20181024,-9999,    9
197056,20181025,-9999,    9
197056,20181026,-9999,    9
197056,20181027,-9999,    9
197056,20181028,-9999,    9
197056,20181029,-9999,    9
197056,20181030,-9999,    9
197056,20181031,-9999,    9
197056,20181101,-9999,    9
197056,20181102,-9999,    9
197056,20181103,-9999,    9
197056,20181104,-9999,    9
197056,20181105,-9999,    9
197056,20181106,-9999,    9
197056,20181107,-9999,    9
197056,20181108,-9999,    9
197056,20181109,-9999,    9
197056,20181110,-9999,    9
197056,20181111,-9999,    9
197056,20181112,-9999,    9
197056,20181113,-9999,    9
197056,20181114,-9999,    9
197056,20181115,-9999,    9
197056,20181116,-9999,    9
197056,20181117,-9999,    9
197056,20181118,-9999,    9
197056,20181119,-9999,    9
197056,20181120,-9999,    9
197056,20181121,-9999,    9
197056,20181122,-9999,    9
197056,20181123,-9999,    9
197056,20181124,-9999,    9
197056,20181125,-9999,    9
197056,20181126,-9999,    9
197056,20181127,-9999,    9
197056,20181128,-9999,    9
197056,20181129,-9999,    9
197056,20181130,-9999,    9
197056,20181201,-9999,    9
197056,20181202,-9999,    9
197056,20181203,-9999,    9
197056,20181204,-9999,    9
197056,20181205,-9999,    9
197056,20181206,-9999,    9
197056,20181207,-9999,    9
197056,20181208,-9999,    9
197056,20181209,-9999,    9
197056,20181210,-9999,    9
197056,20181211,-9999,    9
197056,20181212,-9999,    9
197056,20181213,-9999,    9
197056,20181214,-9999,    9
197056,20181215,-9999,    9
197056,20181216,-9999,    9
197056,20181217,-9999,    9
197056,20181218,-9999,    9
197056,20181219,-9999,    9
197056,20181220,-9999,    9
197056,20181221,-9999,    9
197056,20181222,-9999,    9
197056,20181223,-9999,    9
197056,20181224,-9999,    9
197056,20181225,-9999,    9
197056,20181226,-9999,    9
197056,20181227,-9999,    9
197056,20181228,-9999,    9
197056,20181229,-9999,    9
197056,20181230,-9999,    9
197056,20181231,-9999,    9
197056,20190101,-9999,    9
197056,20190102,-9999,    9
197056,20190103,-9999,    9
197056,20190104,-9999,    9
197056,20190105,-9999,    9
197056,20190106,-9999,    9
197056,20190107,-9999,    9
197056,20190108,-9999,    9
197056,20190109,-9999,    9
197056,20190110,-9999,    9
197056,20190111,-9999,    9
197056,20190112,-9999,    9
197056,20190113,-9999,    9
197056,20190114,-9999,    9
197056,20190115,-9999,    9
197056,20190116,-9999,    9
197056,20190117,-9999,    9
197056,20190118,-9999,    9
197056,20190119,-9999,    9
197056,20190120,-9999,    9
197056,20190121,-9999,    9
197056,20190122,-9999,    9
197056,20190123,-9999,    9
197056,20190124,-9999,    9
197056,20190125,-9999,    9
197056,20190126,-9999,    9
197056,20190127,-9999,    9
197056,20190128,-9999,    9
197056,20190129,-9999,    9
197056,20190130,-9999,    9
197056,20190131,-9999,    9
197056,20190201,-9999,    9
197056,20190202,-9999,    9
197056,20190203,-9999,    9
197056,20190204,-9999,    9
197056,20190205,-9999,    9
197056,20190206,-9999,    9
197056,20190207,-9999,    9
197056,20190208,-9999,    9
197056,20190209,-9999,    9
197056,20190210,-9999,    9
197056,20190211,-9999,    9
197056,20190212,-9999,    9
197056,20190213,-9999,    9
197056,20190214,-9999,    9
197056,20190215,-9999,    9
197056,20190216,-9999,    9
197056,20190217,-9999,    9
197056,20190218,-9999,    9
197056,20190219,-9999,    9
197056,20190220,-9999,    9
197056,20190221,-9999,    9
197056,20190222,-9999,    9
197056,20190223,-9999,    9
197056,20190224,-9999,    9
197056,20190225,-9999,    9
197056,20190226,-9999,    9
197056,20190227,-9999,    9
197056,20190228,-9999,    9
197056,20190301,-9999,    9
197056,20190302,-9999,    9
197056,20190303,-9999,    9
197056,20190304,-9999,    9
197056,20190305,-9999,    9
197056,20190306,-9999,    9
197056,20190307,-9999,    9
197056,20190308,-9999,    9
197056,20190309,-9999,    9
197056,20190310,-9999,    9
197056,20190311,-9999,    9
197056,20190312,-9999,    9
197056,20190313,-9999,    9
197056,20190314,-9999,    9
197056,20190315,-9999,    9
197056,20190316,-9999,    9
197056,20190317,-9999,    9
197056,20190318,-9999,    9
197056,20190319,-9999,    9
197056,20190320,-9999,    9
197056,20190321,-9999,    9
197056,20190322,-9999,    9
197056,20190323,-9999,    9
197056,20190324,-9999,    9
197056,20190325,-9999,    9
197056,20190326,-9999,    9
197056,20190327,-9999,    9
197056,20190328,-9999,    9
197056,20190329,-9999,    9
197056,20190330,-9999,    9
197056,20190331,-9999,    9
197056,20190401,-9999,    9
197056,20190402,-9999,    9
197056,20190403,-9999,    9
197056,20190404,-9999,    9
197056,20190405,-9999,    9
197056,20190406,-9999,    9
197056,20190407,-9999,    9
197056,20190408,-9999,    9
197056,20190409,-9999,    9
197056,20190410,-9999,    9
197056,20190411,-9999,    9
197056,20190412,-9999,    9
197056,20190413,-9999,    9
197056,20190414,-9999,    9
197056,20190415,-9999,    9
197056,20190416,-9999,    9
197056,20190417,-9999,    9
197056,20190418,-9999,    9
197056,20190419,-9999,    9
197056,20190420,-9999,    9
197056,20190421,-9999,    9
197056,20190422,-9999,    9
197056,20190423,-9999,    9
197056,20190424,-9999,    9
197056,20190425,-9999,    9
197056,20190426,-9999,    9
197056,20190427,-9999,    9
197056,20190428,-9999,    9
197056,20190429,-9999,    9
197056,20190430,-9999,    9
197056,20190501,-9999,    9
197056,20190502,-9999,    9
197056,20190503,-9999,    9
197056,20190504,-9999,    9
197056,20190505,-9999,    9
197056,20190506,-9999,    9
197056,20190507,-9999,    9
197056,20190508,-9999,    9
197056,20190509,-9999,    9
197056,20190510,-9999,    9
197056,20190511,-9999,    9
197056,20190512,-9999,    9
197056,20190513,-9999,    9
197056,20190514,-9999,    9
197056,20190515,-9999,    9
197056,20190516,-9999,    9
197056,20190517,-9999,    9
197056,20190518,-9999,    9
197056,20190519,-9999,    9
197056,20190520,-9999,    9
197056,20190521,-9999,    9
197056,20190522,-9999,    9
197056,20190523,-9999,    9
197056,20190524,-9999,    9
197056,20190525,-9999,    9
197056,20190526,-9999,    9
197056,20190527,-9999,    9
197056,20190528,-9999,    9
197056,20190529,-9999,    9
197056,20190530,-9999,    9
197056,20190531,-9999,    9
197056,20190601,-9999,    9
197056,20190602,-9999,    9
197056,20190603,-9999,    9
197056,20190604,-9999,    9
197056,20190605,-9999,    9
197056,20190606,-9999,    9
197056,20190607,-9999,    9
197056,20190608,-9999,    9
197056,20190609,-9999,    9
197056,20190610,-9999,    9
197056,20190611,-9999,    9
197056,20190612,-9999,    9
197056,20190613,-9999,    9
197056,20190614,-9999,    9
197056,20190615,-9999,    9
197056,20190616,-9999,    9
197056,20190617,-9999,    9
197056,20190618,-9999,    9
197056,20190619,-9999,    9
197056,20190620,-9999,    9
197056,20190621,-9999,    9
197056,20190622,-9999,    9
197056,20190623,-9999,    9
197056,20190624,-9999,    9
197056,20190625,-9999,    9
197056,20190626,-9999,    9
197056,20190627,-9999,    9
197056,20190628,-9999,    9
197056,20190629,-9999,    9
197056,20190630,-9999,    9
197056,20190701,-9999,    9
197056,20190702,-9999,    9
197056,20190703,-9999,    9
197056,20190704,-9999,    9
197056,20190705,-9999,    9
197056,20190706,-9999,    9
197056,20190707,-9999,    9
197056,20190708,-9999,    9
197056,20190709,-9999,    9
197056,20190710,-9999,    9
197056,20190711,-9999,    9
197056,20190712,-9999,    9
197056,20190713,-9999,    9
197056,20190714,-9999,    9
197056,20190715,-9999,    9
197056,20190716,-9999,    9
197056,20190717,-9999,    9
197056,20190718,-9999,    9
197056,20190719,-9999,    9
197056,20190720,-9999,    9
197056,20190721,-9999,    9
197056,20190722,-9999,    9
197056,20190723,-9999,    9
197056,20190724,-9999,    9
197056,20190725,-9999,    9
197056,20190726,-9999,    9
197056,20190727,-9999,    9
197056,20190728,-9999,    9
197056,20190729,-9999,    9
197056,20190730,-9999,    9
197056,20190731,-9999,    9
197056,20190801,-9999,    9
197056,20190802,-9999,    9
197056,20190803,-9999,    9
197056,20190804,-9999,    9
197056,20190805,-9999,    9
197056,20190806,-9999,    9
197056,20190807,-9999,    9
197056,20190808,-9999,    9
197056,20190809,-9999,    9
197056,20190810,-9999,    9
197056,20190811,-9999,    9
197056,20190812,-9999,    9
197056,20190813,-9999,    9
197056,20190814,-9999,    9
197056,20190815,-9999,    9
197056,20190816,-9999,    9
197056,20190817,-9999,    9
197056,20190818,-9999,    9
197056,20190819,-9999,    9
197056,20190820,-9999,    9
197056,20190821,-9999,    9
197056,20190822,-9999,    9
197056,20190823,-9999,    9
197056,20190824,-9999,    9
197056,20190825,-9999,    9
197056,20190826,-9999,    9
197056,20190827,-9999,    9
197056,20190828,-9999,    9
197056,20190829,-9999,    9
197056,20190830,-9999,    9
197056,20190831,-9999,    9
197056,20190901,-9999,    9
197056,20190902,-9999,    9
197056,20190903,-9999,    9
197056,20190904,-9999,    9
197056,20190905,-9999,    9
197056,20190906,-9999,    9
197056,20190907,-9999,    9
197056,20190908,-9999,    9
197056,20190909,-9999,    9
197056,20190910,-9999,    9
197056,20190911,-9999,    9
197056,20190912,-9999,    9
197056,20190913,-9999,    9
197056,20190914,-9999,    9
197056,20190915,-9999,    9
197056,20190916,-9999,    9
197056,20190917,-9999,    9
197056,20190918,-9999,    9
197056,20190919,-9999,    9
197056,20190920,-9999,    9
197056,20190921,-9999,    9
197056,20190922,-9999,    9
197056,20190923,-9999,    9
197056,20190924,-9999,    9
197056,20190925,-9999,    9
197056,20190926,-9999,    9
197056,20190927,-9999,    9
197056,20190928,-9999,    9
197056,20190929,-9999,    9
197056,20190930,-9999,    9
197056,20191001,-9999,    9
197056,20191002,-9999,    9
197056,20191003,-9999,    9
197056,20191004,-9999,    9
197056,20191005,-9999,    9
197056,20191006,-9999,    9
197056,20191007,-9999,    9
197056,20191008,-9999,    9
197056,20191009,-9999,    9
197056,20191010,-9999,    9
197056,20191011,-9999,    9
197056,20191012,-9999,    9
197056,20191013,-9999,    9
197056,20191014,-9999,    9
197056,20191015,-9999,    9
197056,20191016,-9999,    9
197056,20191017,-9999,    9
197056,20191018,-9999,    9
197056,20191019,-9999,    9
197056,20191020,-9999,    9
197056,20191021,-9999,    9
197056,20191022,-9999,    9
197056,20191023,-9999,    9
197056,20191024,-9999,    9
197056,20191025,-9999,    9
197056,20191026,-9999,    9
197056,20191027,-9999,    9
197056,20191028,-9999,    9
197056,20191029,-9999,    9
197056,20191030,-9999,    9
197056,20191031,-9999,    9
197056,20191101,-9999,    9
197056,20191102,-9999,    9
197056,20191103,-9999,    9
197056,20191104,-9999,    9
197056,20191105,-9999,    9
197056,20191106,-9999,    9
197056,20191107,-9999,    9
197056,20191108,-9999,    9
197056,20191109,-9999,    9
197056,20191110,-9999,    9
197056,20191111,-9999,    9
197056,20191112,-9999,    9
197056,20191113,-9999,    9
197056,20191114,-9999,    9
197056,20191115,-9999,    9
197056,20191116,-9999,    9
197056,20191117,-9999,    9
197056,20191118,-9999,    9
197056,20191119,-9999,    9
197056,20191120,-9999,    9
197056,20191121,-9999,    9
197056,20191122,-9999,    9
197056,20191123,-9999,    9
197056,20191124,-9999,    9
197056,20191125,-9999,    9
197056,20191126,-9999,    9
197056,20191127,-9999,    9
197056,20191128,-9999,    9
197056,20191129,-9999,    9
197056,20191130,-9999,    9
197056,20191201,-9999,    9
197056,20191202,-9999,    9
197056,20191203,-9999,    9
197056,20191204,-9999,    9
197056,20191205,-9999,    9
197056,20191206,-9999,    9
197056,20191207,-9999,    9
197056,20191208,-9999,    9
197056,20191209,-9999,    9
197056,20191210,-9999,    9
197056,20191211,-9999,    9
197056,20191212,-9999,    9
197056,20191213,-9999,    9
197056,20191214,-9999,    9
197056,20191215,-9999,    9
197056,20191216,-9999,    9
197056,20191217,-9999,    9
197056,20191218,-9999,    9
197056,20191219,-9999,    9
197056,20191220,-9999,    9
197056,20191221,-9999,    9
197056,20191222,-9999,    9
197056,20191223,-9999,    9
197056,20191224,-9999,    9
197056,20191225,-9999,    9
197056,20191226,-9999,    9
197056,20191227,-9999,    9
197056,20191228,-9999,    9
197056,20191229,-9999,    9
197056,20191230,-9999,    9
197056,20191231,-9999,    9
197056,20200101,-9999,    9
197056,20200102,-9999,    9
197056,20200103,-9999,    9
197056,20200104,-9999,    9
197056,20200105,-9999,    9
197056,20200106,-9999,    9
197056,20200107,-9999,    9
197056,20200108,-9999,    9
197056,20200109,-9999,    9
197056,20200110,-9999,    9
197056,20200111,-9999,    9
197056,20200112,-9999,    9
197056,20200113,-9999,    9
197056,20200114,-9999,    9
197056,20200115,-9999,    9
197056,20200116,-9999,    9
197056,20200117,-9999,    9
197056,20200118,-9999,    9
197056,20200119,-9999,    9
197056,20200120,-9999,    9
197056,20200121,-9999,    9
197056,20200122,-9999,    9
197056,20200123,-9999,    9
197056,20200124,-9999,    9
197056,20200125,-9999,    9
197056,20200126,-9999,    9
197056,20200127,-9999,    9
197056,20200128,-9999,    9
197056,20200129,-9999,    9
197056,20200130,-9999,    9
197056,20200131,-9999,    9
197056,20200201,-9999,    9
197056,20200202,-9999,    9
197056,20200203,-9999,    9
197056,20200204,-9999,    9
197056,20200205,-9999,    9
197056,20200206,-9999,    9
197056,20200207,-9999,    9
197056,20200208,-9999,    9
197056,20200209,-9999,    9
197056,20200210,-9999,    9
197056,20200211,-9999,    9
197056,20200212,-9999,    9
197056,20200213,-9999,    9
197056,20200214,-9999,    9
197056,20200215,-9999,    9
197056,20200216,-9999,    9
197056,20200217,-9999,    9
197056,20200218,-9999,    9
197056,20200219,-9999,    9
197056,20200220,-9999,    9
197056,20200221,-9999,    9
197056,20200222,-9999,    9
197056,20200223,-9999,    9
197056,20200224,-9999,    9
197056,20200225,-9999,    9
197056,20200226,-9999,    9
197056,20200227,-9999,    9
197056,20200228,-9999,    9
197056,20200229,-9999,    9
197056,20200301,-9999,    9
197056,20200302,-9999,    9
197056,20200303,-9999,    9
197056,20200304,-9999,    9
197056,20200305,-9999,    9
197056,20200306,-9999,    9
197056,20200307,-9999,    9
197056,20200308,-9999,    9
197056,20200309,-9999,    9
197056,20200310,-9999,    9
197056,20200311,-9999,    9
197056,20200312,-9999,    9
197056,20200313,-9999,    9
197056,20200314,-9999,    9
197056,20200315,-9999,    9
197056,20200316,-9999,    9
197056,20200317,-9999,    9
197056,20200318,-9999,    9
197056,20200319,-9999,    9
197056,20200320,-9999,    9
197056,20200321,-9999,    9
197056,20200322,-9999,    9
197056,20200323,-9999,    9
197056,20200324,-9999,    9
197056,20200325,-9999,    9
197056,20200326,-9999,    9
197056,20200327,-9999,    9
197056,20200328,-9999,    9
197056,20200329,-9999,    9
197056,20200330,-9999,    9
197056,20200331,-9999,    9
197056,20200401,-9999,    9
197056,20200402,-9999,    9
197056,20200403,-9999,    9
197056,20200404,-9999,    9
197056,20200405,-9999,    9
197056,20200406,-9999,    9
197056,20200407,-9999,    9
197056,20200408,-9999,    9
197056,20200409,-9999,    9
197056,20200410,-9999,    9
197056,20200411,-9999,    9
197056,20200412,-9999,    9
197056,20200413,-9999,    9
197056,20200414,-9999,    9
197056,20200415,-9999,    9
197056,20200416,-9999,    9
197056,20200417,-9999,    9
197056,20200418,-9999,    9
197056,20200419,-9999,    9
197056,20200420,-9999,    9
197056,20200421,-9999,    9
197056,20200422,-9999,    9
197056,20200423,-9999,    9
197056,20200424,-9999,    9
197056,20200425,-9999,    9
197056,20200426,-9999,    9
197056,20200427,-9999,    9
197056,20200428,-9999,    9
197056,20200429,-9999,    9
197056,20200430,-9999,    9
197056,20200501,-9999,    9
197056,20200502,-9999,    9
197056,20200503,-9999,    9
197056,20200504,-9999,    9
197056,20200505,-9999,    9
197056,20200506,-9999,    9
197056,20200507,-9999,    9
197056,20200508,-9999,    9
197056,20200509,-9999,    9
197056,20200510,-9999,    9
197056,20200511,-9999,    9
197056,20200512,-9999,    9
197056,20200513,-9999,    9
197056,20200514,-9999,    9
197056,20200515,-9999,    9
197056,20200516,-9999,    9
197056,20200517,-9999,    9
197056,20200518,-9999,    9
197056,20200519,-9999,    9
197056,20200520,-9999,    9
197056,20200521,-9999,    9
197056,20200522,-9999,    9
197056,20200523,-9999,    9
197056,20200524,-9999,    9
197056,20200525,-9999,    9
197056,20200526,-9999,    9
197056,20200527,-9999,    9
197056,20200528,-9999,    9
197056,20200529,-9999,    9
197056,20200530,-9999,    9
197056,20200531,-9999,    9
197056,20200601,-9999,    9
197056,20200602,-9999,    9
197056,20200603,-9999,    9
197056,20200604,-9999,    9
197056,20200605,-9999,    9
197056,20200606,-9999,    9
197056,20200607,-9999,    9
197056,20200608,-9999,    9
197056,20200609,-9999,    9
197056,20200610,-9999,    9
197056,20200611,-9999,    9
197056,20200612,-9999,    9
197056,20200613,-9999,    9
197056,20200614,-9999,    9
197056,20200615,-9999,    9
197056,20200616,-9999,    9
197056,20200617,-9999,    9
197056,20200618,-9999,    9
197056,20200619,-9999,    9
197056,20200620,-9999,    9
197056,20200621,-9999,    9
197056,20200622,-9999,    9
197056,20200623,-9999,    9
197056,20200624,-9999,    9
197056,20200625,-9999,    9
197056,20200626,-9999,    9
197056,20200627,-9999,    9
197056,20200628,-9999,    9
197056,20200629,-9999,    9
197056,20200630,-9999,    9
197056,20200701,-9999,    9
197056,20200702,-9999,    9
197056,20200703,-9999,    9
197056,20200704,-9999,    9
197056,20200705,-9999,    9
197056,20200706,-9999,    9
197056,20200707,-9999,    9
197056,20200708,-9999,    9
197056,20200709,-9999,    9
197056,20200710,-9999,    9
197056,20200711,-9999,    9
197056,20200712,-9999,    9
197056,20200713,-9999,    9
197056,20200714,-9999,    9
197056,20200715,-9999,    9
197056,20200716,-9999,    9
197056,20200717,-9999,    9
197056,20200718,-9999,    9
197056,20200719,-9999,    9
197056,20200720,-9999,    9
197056,20200721,-9999,    9
197056,20200722,-9999,    9
197056,20200723,-9999,    9
197056,20200724,-9999,    9
197056,20200725,-9999,    9
197056,20200726,-9999,    9
197056,20200727,-9999,    9
197056,20200728,-9999,    9
197056,20200729,-9999,    9
197056,20200730,-9999,    9
197056,20200731,-9999,    9
197056,20200801,-9999,    9
197056,20200802,-9999,    9
197056,20200803,-9999,    9
197056,20200804,-9999,    9
197056,20200805,-9999,    9
197056,20200806,-9999,    9
197056,20200807,-9999,    9
197056,20200808,-9999,    9
197056,20200809,-9999,    9
197056,20200810,-9999,    9
197056,20200811,-9999,    9
197056,20200812,-9999,    9
197056,20200813,-9999,    9
197056,20200814,-9999,    9
197056,20200815,-9999,    9
197056,20200816,-9999,    9
197056,20200817,-9999,    9
197056,20200818,-9999,    9
197056,20200819,-9999,    9
197056,20200820,-9999,    9
197056,20200821,-9999,    9
197056,20200822,-9999,    9
197056,20200823,-9999,    9
197056,20200824,-9999,    9
197056,20200825,-9999,    9
197056,20200826,-9999,    9
197056,20200827,-9999,    9
197056,20200828,-9999,    9
197056,20200829,-9999,    9
197056,20200830,-9999,    9
197056,20200831,-9999,    9
197056,20200901,-9999,    9
197056,20200902,-9999,    9
197056,20200903,-9999,    9
197056,20200904,-9999,    9
197056,20200905,-9999,    9
197056,20200906,-9999,    9
197056,20200907,-9999,    9
197056,20200908,-9999,    9
197056,20200909,-9999,    9
197056,20200910,-9999,    9
197056,20200911,-9999,    9
197056,20200912,-9999,    9
197056,20200913,-9999,    9
197056,20200914,-9999,    9
197056,20200915,-9999,    9
197056,20200916,-9999,    9
197056,20200917,-9999,    9
197056,20200918,-9999,    9
197056,20200919,-9999,    9
197056,20200920,-9999,    9
197056,20200921,-9999,    9
197056,20200922,-9999,    9
197056,20200923,-9999,    9
197056,20200924,-9999,    9
197056,20200925,-9999,    9
197056,20200926,-9999,    9
197056,20200927,-9999,    9
197056,20200928,-9999,    9
197056,20200929,-9999,    9
197056,20200930,-9999,    9
197056,20201001,-9999,    9
197056,20201002,-9999,    9
197056,20201003,-9999,    9
197056,20201004,-9999,    9
197056,20201005,-9999,    9
197056,20201006,-9999,    9
197056,20201007,-9999,    9
197056,20201008,-9999,    9
197056,20201009,-9999,    9
197056,20201010,-9999,    9
197056,20201011,-9999,    9
197056,20201012,-9999,    9
197056,20201013,-9999,    9
197056,20201014,-9999,    9
197056,20201015,-9999,    9
197056,20201016,-9999,    9
197056,20201017,-9999,    9
197056,20201018,-9999,    9
197056,20201019,-9999,    9
197056,20201020,-9999,    9
197056,20201021,-9999,    9
197056,20201022,-9999,    9
197056,20201023,-9999,    9
197056,20201024,-9999,    9
197056,20201025,-9999,    9
197056,20201026,-9999,    9
197056,20201027,-9999,    9
197056,20201028,-9999,    9
197056,20201029,-9999,    9
197056,20201030,-9999,    9
197056,20201031,-9999,    9
197056,20201101,-9999,    9
197056,20201102,-9999,    9
197056,20201103,-9999,    9
197056,20201104,-9999,    9
197056,20201105,-9999,    9
197056,20201106,-9999,    9
197056,20201107,-9999,    9
197056,20201108,-9999,    9
197056,20201109,-9999,    9
197056,20201110,-9999,    9
197056,20201111,-9999,    9
197056,20201112,-9999,    9
197056,20201113,-9999,    9
197056,20201114,-9999,    9
197056,20201115,-9999,    9
197056,20201116,-9999,    9
197056,20201117,-9999,    9
197056,20201118,-9999,    9
197056,20201119,-9999,    9
197056,20201120,-9999,    9
197056,20201121,-9999,    9
197056,20201122,-9999,    9
197056,20201123,-9999,    9
197056,20201124,-9999,    9
197056,20201125,-9999,    9
197056,20201126,-9999,    9
197056,20201127,-9999,    9
197056,20201128,-9999,    9
197056,20201129,-9999,    9
197056,20201130,-9999,    9
197056,20201201,-9999,    9
197056,20201202,-9999,    9
197056,20201203,-9999,    9
197056,20201204,-9999,    9
197056,20201205,-9999,    9
197056,20201206,-9999,    9
197056,20201207,-9999,    9
197056,20201208,-9999,    9
197056,20201209,-9999,    9
197056,20201210,-9999,    9
197056,20201211,-9999,    9
197056,20201212,-9999,    9
197056,20201213,-9999,    9
197056,20201214,-9999,    9
197056,20201215,-9999,    9
197056,20201216,-9999,    9
197056,20201217,-9999,    9
197056,20201218,-9999,    9
197056,20201219,-9999,    9
197056,20201220,-9999,    9
197056,20201221,-9999,    9
197056,20201222,-9999,    9
197056,20201223,-9999,    9
197056,20201224,-9999,    9
197056,20201225,-9999,    9
197056,20201226,-9999,    9
197056,20201227,-9999,    9
197056,20201228,-9999,    9
197056,20201229,-9999,    9
197056,20201230,-9999,    9
197056,20201231,-9999,    9
197056,20210101,-9999,    9
197056,20210102,-9999,    9
197056,20210103,-9999,    9
197056,20210104,-9999,    9
197056,20210105,-9999,    9
197056,20210106,-9999,    9
197056,20210107,-9999,    9
197056,20210108,-9999,    9
197056,20210109,-9999,    9
197056,20210110,-9999,    9
197056,20210111,-9999,    9
197056,20210112,-9999,    9
197056,20210113,-9999,    9
197056,20210114,-9999,    9
197056,20210115,-9999,    9
197056,20210116,-9999,    9
197056,20210117,-9999,    9
197056,20210118,-9999,    9
197056,20210119,-9999,    9
197056,20210120,-9999,    9
197056,20210121,-9999,    9
197056,20210122,-9999,    9
197056,20210123,-9999,    9
197056,20210124,-9999,    9
197056,20210125,-9999,    9
197056,20210126,-9999,    9
197056,20210127,-9999,    9
197056,20210128,-9999,    9
197056,20210129,-9999,    9
197056,20210130,-9999,    9
197056,20210131,-9999,    9
197056,20210201,-9999,    9
197056,20210202,-9999,    9
197056,20210203,-9999,    9
197056,20210204,-9999,    9
197056,20210205,-9999,    9
197056,20210206,-9999,    9
197056,20210207,-9999,    9
197056,20210208,-9999,    9
197056,20210209,-9999,    9
197056,20210210,-9999,    9
197056,20210211,-9999,    9
197056,20210212,-9999,    9
197056,20210213,-9999,    9
197056,20210214,-9999,    9
197056,20210215,-9999,    9
197056,20210216,-9999,    9
197056,20210217,-9999,    9
197056,20210218,-9999,    9
197056,20210219,-9999,    9
197056,20210220,-9999,    9
197056,20210221,-9999,    9
197056,20210222,-9999,    9
197056,20210223,-9999,    9
197056,20210224,-9999,    9
197056,20210225,-9999,    9
197056,20210226,-9999,    9
197056,20210227,-9999,    9
197056,20210228,-9999,    9
197056,20210301,-9999,    9
197056,20210302,-9999,    9
197056,20210303,-9999,    9
197056,20210304,-9999,    9
197056,20210305,-9999,    9
197056,20210306,-9999,    9
197056,20210307,-9999,    9
197056,20210308,-9999,    9
197056,20210309,-9999,    9
197056,20210310,-9999,    9
197056,20210311,-9999,    9
197056,20210312,-9999,    9
197056,20210313,-9999,    9
197056,20210314,-9999,    9
197056,20210315,-9999,    9
197056,20210316,-9999,    9
197056,20210317,-9999,    9
197056,20210318,-9999,    9
197056,20210319,-9999,    9
197056,20210320,-9999,    9
197056,20210321,-9999,    9
197056,20210322,-9999,    9
197056,20210323,-9999,    9
197056,20210324,-9999,    9
197056,20210325,-9999,    9
197056,20210326,-9999,    9
197056,20210327,-9999,    9
197056,20210328,-9999,    9
197056,20210329,-9999,    9
197056,20210330,-9999,    9
197056,20210331,-9999,    9
