EUROPEAN CLIMATE ASSESSMENT & DATASET (ECA&D), file created on 12-05-2021
THESE DATA CAN BE USED FREELY PROVIDED THAT THE FOLLOWING SOURCE IS ACKNOWLEDGED:

Klein Tank, A.M.G. and Coauthors, 2002. Daily dataset of 20th-century surface
air temperature and precipitation series for the European Climate Assessment.
Int. J. of Climatol., 22, 1441-1453.
Data and metadata available at http://www.ecad.eu

FILE FORMAT (MISSING VALUE CODE IS -9999):

01-06 SOUID: Source identifier
08-15 DATE : Date YYYYMMDD
17-21 TG   : mean temperature in 0.1 &#176;C
23-27 Q_TG : Quality code for TG (0='valid'; 1='suspect'; 9='missing')

This is the blended series of station ITALY, VICOMARINO (STAID: 21783).
Blended and updated with sources: 218208 218240 
See file sources.txt and stations.txt for more info.

 SOUID,    DATE,   TG, Q_TG
218240,20200501,-9999,    9
218240,20200502,-9999,    9
218240,20200503,-9999,    9
218240,20200504,-9999,    9
218240,20200505,-9999,    9
218240,20200506,-9999,    9
218240,20200507,-9999,    9
218240,20200508,-9999,    9
218240,20200509,-9999,    9
218240,20200510,-9999,    9
218240,20200511,-9999,    9
218240,20200512,-9999,    9
218240,20200513,-9999,    9
218240,20200514,-9999,    9
218240,20200515,-9999,    9
218240,20200516,-9999,    9
218240,20200517,-9999,    9
218240,20200518,-9999,    9
218240,20200519,-9999,    9
218240,20200520,-9999,    9
218240,20200521,-9999,    9
218240,20200522,-9999,    9
218240,20200523,-9999,    9
218240,20200524,-9999,    9
218240,20200525,-9999,    9
218240,20200526,-9999,    9
218240,20200527,-9999,    9
218240,20200528,-9999,    9
218240,20200529,-9999,    9
218240,20200530,-9999,    9
218240,20200531,  173,    0
218240,20200601,  197,    0
218240,20200602,  225,    0
218240,20200603,  204,    0
218240,20200604,  157,    0
218240,20200605,  195,    0
218240,20200606,  201,    0
218240,20200607,  184,    0
218240,20200608,  162,    0
218240,20200609,  167,    0
218240,20200610,  155,    0
218240,20200611,  158,    0
218240,20200612,  187,    0
218240,20200613,  196,    0
218240,20200614,  201,    0
218240,20200615,  209,    0
218240,20200616,  205,    0
218240,20200617,  186,    0
218240,20200618,  190,    0
218240,20200619,  192,    0
218240,20200620,  207,    0
218240,20200621,  241,    0
218240,20200622,  247,    0
218240,20200623,  253,    0
218240,20200624,  243,    0
218240,20200625,  228,    0
218240,20200626,  230,    0
218240,20200627,  250,    0
218240,20200628,  256,    0
218240,20200629,  256,    0
218240,20200630,  247,    0
218240,20200701,  248,    0
218240,20200702,  247,    0
218240,20200703,  218,    0
218240,20200704,  216,    0
218240,20200705,  241,    0
218240,20200706,  258,    0
218240,20200707,  212,    0
218240,20200708,  214,    0
218240,20200709,  236,    0
218240,20200710,  258,    0
218240,20200711,  245,    0
218240,20200712,  217,    0
218240,20200713,  208,    0
218240,20200714,  206,    0
218240,20200715,  213,    0
218240,20200716,  225,    0
218240,20200717,  228,    0
218240,20200718,  217,    0
218240,20200719,  232,    0
218240,20200720,  252,    0
218240,20200721,  256,    0
218240,20200722,  269,    0
218240,20200723,  253,    0
218240,20200724,  198,    0
218240,20200725,  240,    0
218240,20200726,  243,    0
218240,20200727,  250,    0
218240,20200728,  267,    0
218240,20200729,  274,    0
218240,20200730,  288,    0
218240,20200731,  297,    0
218240,20200801,  293,    0
218240,20200802,  249,    0
218240,20200803,  190,    0
218240,20200804,  201,    0
218240,20200805,  214,    0
218240,20200806,  237,    0
218240,20200807,  252,    0
218240,20200808,  264,    0
218240,20200809,  269,    0
218240,20200810,  266,    0
218240,20200811,  263,    0
218240,20200812,  257,    0
218240,20200813,  249,    0
218240,20200814,  255,    0
218240,20200815,  242,    0
218240,20200816,  236,    0
218240,20200817,  224,    0
218240,20200818,  230,    0
218240,20200819,  231,    0
218240,20200820,  248,    0
218240,20200821,  263,    0
218240,20200822,  266,    0
218240,20200823,  239,    0
218240,20200824,  218,    0
218240,20200825,  228,    0
218240,20200826,  244,    0
218240,20200827,  245,    0
218240,20200828,  239,    0
218240,20200829,  190,    0
218240,20200830,  212,    0
218240,20200831,-9999,    9
218240,20200901,  191,    0
218240,20200902,  173,    0
218240,20200903,  191,    0
218240,20200904,  208,    0
218240,20200905,  220,    0
218240,20200906,  215,    0
218240,20200907,  187,    0
218240,20200908,  208,    0
218240,20200909,  216,    0
218240,20200910,  217,    0
218240,20200911,  216,    0
218240,20200912,  227,    0
218240,20200913,  237,    0
218240,20200914,  230,    0
218240,20200915,  221,    0
218240,20200916,  230,    0
218240,20200917,  235,    0
218240,20200918,  225,    0
218240,20200919,  193,    0
218240,20200920,  192,    0
218240,20200921,  184,    0
218240,20200922,  174,    0
218240,20200923,  177,    0
218240,20200924,  188,    0
218240,20200925,  136,    0
218240,20200926,  146,    0
218240,20200927,  121,    0
218240,20200928,  138,    0
218240,20200929,  155,    0
218240,20200930,  170,    0
218240,20201001,  156,    0
218240,20201002,  152,    0
218240,20201003,  158,    0
218240,20201004,  141,    0
218240,20201005,  126,    0
218240,20201006,  132,    0
218240,20201007,  160,    0
218240,20201008,  146,    0
218240,20201009,  144,    0
218240,20201010,  150,    0
218240,20201011,  103,    0
218240,20201012,  103,    0
218240,20201013,   97,    0
218240,20201014,  107,    0
218240,20201015,   93,    0
218240,20201016,  105,    0
218240,20201017,  106,    0
218240,20201018,  108,    0
218240,20201019,  109,    0
218240,20201020,  108,    0
218240,20201021,  119,    0
218240,20201022,  122,    0
218240,20201023,  117,    0
218240,20201024,  130,    0
218240,20201025,  130,    0
218240,20201026,  125,    0
218240,20201027,  103,    0
218240,20201028,  109,    0
218240,20201029,  115,    0
218240,20201030,  122,    0
218240,20201031,-9999,    9
218240,20201101,-9999,    9
218240,20201102,-9999,    9
218240,20201103,-9999,    9
218240,20201104,-9999,    9
218240,20201105,-9999,    9
218240,20201106,-9999,    9
218240,20201107,-9999,    9
218240,20201108,-9999,    9
218240,20201109,-9999,    9
218240,20201110,-9999,    9
218240,20201111,-9999,    9
218240,20201112,-9999,    9
218240,20201113,-9999,    9
218240,20201114,-9999,    9
218240,20201115,-9999,    9
218240,20201116,-9999,    9
218240,20201117,-9999,    9
218240,20201118,-9999,    9
218240,20201119,-9999,    9
218240,20201120,-9999,    9
218240,20201121,-9999,    9
218240,20201122,-9999,    9
218240,20201123,-9999,    9
218240,20201124,-9999,    9
218240,20201125,-9999,    9
218240,20201126,-9999,    9
218240,20201127,-9999,    9
218240,20201128,-9999,    9
218240,20201129,-9999,    9
218240,20201130,-9999,    9
218240,20201201,-9999,    9
218240,20201202,-9999,    9
218240,20201203,-9999,    9
218240,20201204,-9999,    9
218240,20201205,-9999,    9
218240,20201206,-9999,    9
218240,20201207,-9999,    9
218240,20201208,-9999,    9
218240,20201209,-9999,    9
218240,20201210,-9999,    9
218240,20201211,-9999,    9
218240,20201212,-9999,    9
218240,20201213,-9999,    9
218240,20201214,-9999,    9
218240,20201215,-9999,    9
218240,20201216,-9999,    9
218240,20201217,-9999,    9
218240,20201218,-9999,    9
218240,20201219,-9999,    9
218240,20201220,-9999,    9
218240,20201221,-9999,    9
218240,20201222,-9999,    9
218240,20201223,-9999,    9
218240,20201224,-9999,    9
218240,20201225,-9999,    9
218240,20201226,-9999,    9
218240,20201227,-9999,    9
218240,20201228,-9999,    9
218240,20201229,-9999,    9
218240,20201230,-9999,    9
218240,20201231,    7,    0
218240,20210101,    3,    0
218240,20210102,   11,    0
218240,20210103,   22,    0
218240,20210104,   20,    0
218240,20210105,    9,    0
218240,20210106,   19,    0
218240,20210107,   20,    0
218240,20210108,   12,    0
218240,20210109,    0,    0
218240,20210110,    5,    0
218240,20210111,  -11,    0
218240,20210112,    3,    0
218240,20210113,   77,    0
218240,20210114,   35,    0
218240,20210115,   16,    0
218240,20210116,    2,    0
218240,20210117,    5,    0
218240,20210118,   -4,    0
218240,20210119,   -5,    0
218240,20210120,    9,    0
218240,20210121,   15,    0
218240,20210122,   21,    0
218240,20210123,   54,    0
218240,20210124,   47,    0
218240,20210125,   38,    0
218240,20210126,   49,    0
218240,20210127,   30,    0
218240,20210128,   38,    0
218240,20210129,   58,    0
218240,20210130,   73,    0
218240,20210131,   60,    0
218240,20210201,   42,    0
218240,20210202,   32,    0
218240,20210203,   41,    0
218240,20210204,   73,    0
218240,20210205,   71,    0
218240,20210206,   73,    0
218240,20210207,   68,    0
218240,20210208,   69,    0
218240,20210209,   68,    0
218240,20210210,   65,    0
218240,20210211,   66,    0
218240,20210212,   10,    0
218240,20210213,  -22,    0
218240,20210214,    2,    0
218240,20210215,   12,    0
218240,20210216,   44,    0
218240,20210217,   70,    0
218240,20210218,   62,    0
218240,20210219,   85,    0
218240,20210220,   92,    0
218240,20210221,   86,    0
218240,20210222,   88,    0
218240,20210223,  115,    0
218240,20210224,  133,    0
218240,20210225,  133,    0
218240,20210226,  127,    0
218240,20210227,  111,    0
218240,20210228,   75,    0
218240,20210301,   81,    0
218240,20210302,   88,    0
218240,20210303,   89,    0
218240,20210304,   87,    0
218240,20210305,  104,    0
218240,20210306,   59,    0
218240,20210307,   52,    0
218240,20210308,   67,    0
218240,20210309,   62,    0
218240,20210310,   78,    0
218240,20210311,   83,    0
218240,20210312,  106,    0
218240,20210313,  103,    0
218240,20210314,   96,    0
218240,20210315,  109,    0
218240,20210316,  106,    0
218240,20210317,   88,    0
218240,20210318,   52,    0
218240,20210319,   45,    0
218240,20210320,   45,    0
218208,20210321,   41,    0
218208,20210322,   90,    0
218208,20210323,   82,    0
218208,20210324,  114,    0
218208,20210325,  123,    0
218208,20210326,  121,    0
218208,20210327,  121,    0
218208,20210328,  135,    0
218208,20210329,  152,    0
218208,20210330,  171,    0
218240,20210331,-9999,    9
