EUROPEAN CLIMATE ASSESSMENT & DATASET (ECA&D), file created on 12-05-2021
THESE DATA CAN BE USED FREELY PROVIDED THAT THE FOLLOWING SOURCE IS ACKNOWLEDGED:

Klein Tank, A.M.G. and Coauthors, 2002. Daily dataset of 20th-century surface
air temperature and precipitation series for the European Climate Assessment.
Int. J. of Climatol., 22, 1441-1453.
Data and metadata available at http://www.ecad.eu

FILE FORMAT (MISSING VALUE CODE IS -9999):

01-06 SOUID: Source identifier
08-15 DATE : Date YYYYMMDD
17-21 TG   : mean temperature in 0.1 &#176;C
23-27 Q_TG : Quality code for TG (0='valid'; 1='suspect'; 9='missing')

This is the blended series of station ITALY, SAN CASSIANO (STAID: 2889).
Blended and updated with sources: 197088 
See file sources.txt and stations.txt for more info.

 SOUID,    DATE,   TG, Q_TG
197088,20140201,-9999,    9
197088,20140202,-9999,    9
197088,20140203,-9999,    9
197088,20140204,-9999,    9
197088,20140205,-9999,    9
197088,20140206,-9999,    9
197088,20140207,-9999,    9
197088,20140208,-9999,    9
197088,20140209,-9999,    9
197088,20140210,-9999,    9
197088,20140211,-9999,    9
197088,20140212,-9999,    9
197088,20140213,-9999,    9
197088,20140214,-9999,    9
197088,20140215,-9999,    9
197088,20140216,  141,    0
197088,20140217,  122,    0
197088,20140218,   85,    0
197088,20140219,   91,    0
197088,20140220,   81,    0
197088,20140221,  100,    0
197088,20140222,   76,    0
197088,20140223,   52,    0
197088,20140224,   43,    0
197088,20140225,   61,    0
197088,20140226,   72,    0
197088,20140227,   70,    0
197088,20140228,   77,    0
197088,20140301,   63,    0
197088,20140302,   58,    0
197088,20140303,   84,    0
197088,20140304,   63,    0
197088,20140305,   77,    0
197088,20140306,   77,    0
197088,20140307,   81,    0
197088,20140308,   60,    0
197088,20140309,   60,    0
197088,20140310,   67,    0
197088,20140311,   56,    0
197088,20140312,   60,    0
197088,20140313,   76,    0
197088,20140314,   76,    0
197088,20140315,  104,    0
197088,20140316,  116,    0
197088,20140317,  151,    0
197088,20140318,  163,    0
197088,20140319,  138,    0
197088,20140320,  107,    0
197088,20140321,  131,    0
197088,20140322,  138,    0
197088,20140323,  103,    0
197088,20140324,   48,    0
197088,20140325,   50,    0
197088,20140326,   66,    0
197088,20140327,   86,    0
197088,20140328,  100,    0
197088,20140329,   96,    0
197088,20140330,  105,    0
197088,20140331,  133,    0
197088,20140401,  134,    0
197088,20140402,  118,    0
197088,20140403,  127,    0
197088,20140404,  123,    0
197088,20140405,  111,    0
197088,20140406,  121,    0
197088,20140407,  139,    0
197088,20140408,  152,    0
197088,20140409,  126,    0
197088,20140410,  135,    0
197088,20140411,  135,    0
197088,20140412,  122,    0
197088,20140413,  125,    0
197088,20140414,  145,    0
197088,20140415,  110,    0
197088,20140416,   78,    0
197088,20140417,   77,    0
197088,20140418,  115,    0
197088,20140419,  100,    0
197088,20140420,  115,    0
197088,20140421,  134,    0
197088,20140422,  123,    0
197088,20140423,  139,    0
197088,20140424,  139,    0
197088,20140425,  144,    0
197088,20140426,  152,    0
197088,20140427,  141,    0
197088,20140428,  117,    0
197088,20140429,  124,    0
197088,20140430,  131,    0
197088,20140501,  144,    0
197088,20140502,  125,    0
197088,20140503,  122,    0
197088,20140504,  118,    0
197088,20140505,  118,    0
197088,20140506,  154,    0
197088,20140507,  161,    0
197088,20140508,  144,    0
197088,20140509,  171,    0
197088,20140510,  196,    0
197088,20140511,  187,    0
197088,20140512,  161,    0
197088,20140513,  108,    0
197088,20140514,  134,    0
197088,20140515,  124,    0
197088,20140516,  148,    0
197088,20140517,  149,    0
197088,20140518,  163,    0
197088,20140519,  153,    0
197088,20140520,  175,    0
197088,20140521,  182,    0
197088,20140522,  210,    0
197088,20140523,  185,    0
197088,20140524,  178,    0
197088,20140525,  165,    0
197088,20140526,  183,    0
197088,20140527,  170,    0
197088,20140528,  176,    0
197088,20140529,  171,    0
197088,20140530,  151,    0
197088,20140531,  145,    0
197088,20140601,  147,    0
197088,20140602,  166,    0
197088,20140603,  169,    0
197088,20140604,  184,    0
197088,20140605,  207,    0
197088,20140606,  201,    0
197088,20140607,  213,    0
197088,20140608,  226,    0
197088,20140609,  222,    0
197088,20140610,  226,    0
197088,20140611,  239,    0
197088,20140612,  240,    0
197088,20140613,  220,    0
197088,20140614,  213,    0
197088,20140615,  170,    0
197088,20140616,  154,    0
197088,20140617,  161,    0
197088,20140618,  158,    0
197088,20140619,  184,    0
197088,20140620,  207,    0
197088,20140621,  208,    0
197088,20140622,  229,    0
197088,20140623,  245,    0
197088,20140624,  245,    0
197088,20140625,  208,    0
197088,20140626,  185,    0
197088,20140627,  202,    0
197088,20140628,  223,    0
197088,20140629,  222,    0
197088,20140630,  204,    0
197088,20140701,  212,    0
197088,20140702,  212,    0
197088,20140703,  211,    0
197088,20140704,  211,    0
197088,20140705,  220,    0
197088,20140706,  223,    0
197088,20140707,  242,    0
197088,20140708,  203,    0
197088,20140709,  183,    0
197088,20140710,  158,    0
197088,20140711,  195,    0
197088,20140712,  209,    0
197088,20140713,  191,    0
197088,20140714,  193,    0
197088,20140715,  204,    0
197088,20140716,  219,    0
197088,20140717,  228,    0
197088,20140718,  234,    0
197088,20140719,  242,    0
197088,20140720,  243,    0
197088,20140721,  198,    0
197088,20140722,  209,    0
197088,20140723,  215,    0
197088,20140724,  195,    0
197088,20140725,  218,    0
197088,20140726,  201,    0
197088,20140727,  197,    0
197088,20140728,  227,    0
197088,20140729,  213,    0
197088,20140730,  195,    0
197088,20140731,  214,    0
197088,20140801,  228,    0
197088,20140802,  228,    0
197088,20140803,  211,    0
197088,20140804,  213,    0
197088,20140805,  206,    0
197088,20140806,  208,    0
197088,20140807,  213,    0
197088,20140808,  221,    0
197088,20140809,  229,    0
197088,20140810,  246,    0
197088,20140811,  244,    0
197088,20140812,  259,    0
197088,20140813,  241,    0
197088,20140814,  206,    0
197088,20140815,  204,    0
197088,20140816,  160,    0
197088,20140817,  172,    0
197088,20140818,  185,    0
197088,20140819,  207,    0
197088,20140820,  222,    0
197088,20140821,  207,    0
197088,20140822,  197,    0
197088,20140823,  187,    0
197088,20140824,  191,    0
197088,20140825,  193,    0
197088,20140826,  225,    0
197088,20140827,  235,    0
197088,20140828,  188,    0
197088,20140829,  194,    0
197088,20140830,  203,    0
197088,20140831,  222,    0
197088,20140901,  142,    0
197088,20140902,  152,    0
197088,20140903,  160,    0
197088,20140904,  177,    0
197088,20140905,  190,    0
197088,20140906,  191,    0
197088,20140907,  191,    0
197088,20140908,  199,    0
197088,20140909,  208,    0
197088,20140910,  184,    0
197088,20140911,  169,    0
197088,20140912,  148,    0
197088,20140913,  153,    0
197088,20140914,  168,    0
197088,20140915,  170,    0
197088,20140916,  170,    0
197088,20140917,  161,    0
197088,20140918,  163,    0
197088,20140919,  176,    0
197088,20140920,  199,    0
197088,20140921,  211,    0
197088,20140922,  199,    0
197088,20140923,  139,    0
197088,20140924,  122,    0
197088,20140925,  144,    0
197088,20140926,  136,    0
197088,20140927,  151,    0
197088,20140928,  151,    0
197088,20140929,  151,    0
197088,20140930,  167,    0
197088,20141001,  171,    0
197088,20141002,  158,    0
197088,20141003,  148,    0
197088,20141004,  139,    0
197088,20141005,  133,    0
197088,20141006,  132,    0
197088,20141007,  156,    0
197088,20141008,  182,    0
197088,20141009,  172,    0
197088,20141010,  181,    0
197088,20141011,  192,    0
197088,20141012,  186,    0
197088,20141013,  199,    0
197088,20141014,  175,    0
197088,20141015,  171,    0
197088,20141016,  193,    0
197088,20141017,  213,    0
197088,20141018,  187,    0
197088,20141019,  179,    0
197088,20141020,  162,    0
197088,20141021,  190,    0
197088,20141022,  149,    0
197088,20141023,  129,    0
197088,20141024,  119,    0
197088,20141025,   83,    0
197088,20141026,   84,    0
197088,20141027,   91,    0
197088,20141028,   84,    0
197088,20141029,   73,    0
197088,20141030,   66,    0
197088,20141031,   67,    0
197088,20141101,   79,    0
197088,20141102,   88,    0
197088,20141103,  107,    0
197088,20141104,  147,    0
197088,20141105,  149,    0
197088,20141106,  131,    0
197088,20141107,  124,    0
197088,20141108,  128,    0
197088,20141109,  129,    0
197088,20141110,  124,    0
197088,20141111,  127,    0
197088,20141112,  128,    0
197088,20141113,  123,    0
197088,20141114,  117,    0
197088,20141115,  121,    0
197088,20141116,  128,    0
197088,20141117,   94,    0
197088,20141118,  114,    0
197088,20141119,   75,    0
197088,20141120,   53,    0
197088,20141121,   69,    0
197088,20141122,   95,    0
197088,20141123,  107,    0
197088,20141124,  100,    0
197088,20141125,   99,    0
197088,20141126,   87,    0
197088,20141127,   81,    0
197088,20141128,   83,    0
197088,20141129,  107,    0
197088,20141130,  109,    0
197088,20141201,  107,    0
197088,20141202,   95,    0
197088,20141203,   82,    0
197088,20141204,   84,    0
197088,20141205,   87,    0
197088,20141206,   92,    0
197088,20141207,   77,    0
197088,20141208,   61,    0
197088,20141209,   62,    0
197088,20141210,   28,    0
197088,20141211,   19,    0
197088,20141212,   54,    0
197088,20141213,   90,    0
197088,20141214,   63,    0
197088,20141215,   66,    0
197088,20141216,   78,    0
197088,20141217,   85,    0
197088,20141218,   63,    0
197088,20141219,   74,    0
197088,20141220,   62,    0
197088,20141221,   44,    0
197088,20141222,   14,    0
197088,20141223,   33,    0
197088,20141224,   20,    0
197088,20141225,   36,    0
197088,20141226,   33,    0
197088,20141227,   10,    0
197088,20141228,    9,    0
197088,20141229,   -6,    0
197088,20141230,  -24,    0
197088,20141231,  -22,    0
197088,20150101,  -37,    0
197088,20150102,   13,    0
197088,20150103,   83,    0
197088,20150104,   73,    0
197088,20150105,   37,    0
197088,20150106,   23,    0
197088,20150107,   23,    0
197088,20150108,   35,    0
197088,20150109,   69,    0
197088,20150110,  131,    0
197088,20150111,  118,    0
197088,20150112,   68,    0
197088,20150113,  102,    0
197088,20150114,   84,    0
197088,20150115,  102,    0
197088,20150116,  104,    0
197088,20150117,  109,    0
197088,20150118,   58,    0
197088,20150119,   23,    0
197088,20150120,   44,    0
197088,20150121,   45,    0
197088,20150122,   47,    0
197088,20150123,   65,    0
197088,20150124,   57,    0
197088,20150125,   46,    0
197088,20150126,   22,    0
197088,20150127,   -3,    0
197088,20150128,   -9,    0
197088,20150129,   35,    0
197088,20150130,   33,    0
197088,20150131,   46,    0
197088,20150201,   22,    0
197088,20150202,   19,    0
197088,20150203,   38,    0
197088,20150204,   39,    0
197088,20150205,   23,    0
197088,20150206,    8,    0
197088,20150207,   10,    0
197088,20150208,   12,    0
197088,20150209,    4,    0
197088,20150210,   17,    0
197088,20150211,   22,    0
197088,20150212,   29,    0
197088,20150213,   47,    0
197088,20150214,   52,    0
197088,20150215,   58,    0
197088,20150216,   72,    0
197088,20150217,   62,    0
197088,20150218,   28,    0
197088,20150219,   19,    0
197088,20150220,   31,    0
197088,20150221,   60,    0
197088,20150222,   58,    0
197088,20150223,   72,    0
197088,20150224,   58,    0
197088,20150225,   58,    0
197088,20150226,   63,    0
197088,20150227,   57,    0
197088,20150228,   49,    0
197088,20150301,   71,    0
197088,20150302,  117,    0
197088,20150303,   76,    0
197088,20150304,   69,    0
197088,20150305,   62,    0
197088,20150306,   61,    0
197088,20150307,   45,    0
197088,20150308,   34,    0
197088,20150309,   24,    0
197088,20150310,   45,    0
197088,20150311,   74,    0
197088,20150312,   49,    0
197088,20150313,   53,    0
197088,20150314,   63,    0
197088,20150315,   72,    0
197088,20150316,   80,    0
197088,20150317,   88,    0
197088,20150318,   77,    0
197088,20150319,   70,    0
197088,20150320,   70,    0
197088,20150321,   89,    0
197088,20150322,   90,    0
197088,20150323,   90,    0
197088,20150324,   91,    0
197088,20150325,  100,    0
197088,20150326,  106,    0
197088,20150327,   76,    0
197088,20150328,   75,    0
197088,20150329,  120,    0
197088,20150330,  139,    0
197088,20150331,  143,    0
197088,20150401,  129,    0
197088,20150402,  110,    0
197088,20150403,  105,    0
197088,20150404,   70,    0
197088,20150405,   59,    0
197088,20150406,   56,    0
197088,20150407,   48,    0
197088,20150408,   74,    0
197088,20150409,   92,    0
197088,20150410,  124,    0
197088,20150411,  135,    0
197088,20150412,  121,    0
197088,20150413,  148,    0
197088,20150414,  150,    0
197088,20150415,  163,    0
197088,20150416,  182,    0
197088,20150417,  157,    0
197088,20150418,  130,    0
197088,20150419,   75,    0
197088,20150420,   85,    0
197088,20150421,  124,    0
197088,20150422,  158,    0
197088,20150423,  169,    0
197088,20150424,  151,    0
197088,20150425,  140,    0
197088,20150426,  151,    0
197088,20150427,  141,    0
197088,20150428,  134,    0
197088,20150429,  145,    0
197088,20150430,  148,    0
197088,20150501,  164,    0
197088,20150502,  180,    0
197088,20150503,  185,    0
197088,20150504,  183,    0
197088,20150505,  179,    0
197088,20150506,  188,    0
197088,20150507,  180,    0
197088,20150508,  183,    0
197088,20150509,  172,    0
197088,20150510,  173,    0
197088,20150511,  176,    0
197088,20150512,  180,    0
197088,20150513,  199,    0
197088,20150514,  214,    0
197088,20150515,  197,    0
197088,20150516,  157,    0
197088,20150517,  187,    0
197088,20150518,  184,    0
197088,20150519,  206,    0
197088,20150520,  164,    0
197088,20150521,  119,    0
197088,20150522,  109,    0
197088,20150523,  119,    0
197088,20150524,  135,    0
197088,20150525,  164,    0
197088,20150526,  149,    0
197088,20150527,  134,    0
197088,20150528,  146,    0
197088,20150529,  175,    0
197088,20150530,  190,    0
197088,20150531,  185,    0
197088,20150601,  192,    0
197088,20150602,  207,    0
197088,20150603,  208,    0
197088,20150604,  220,    0
197088,20150605,  224,    0
197088,20150606,  228,    0
197088,20150607,  224,    0
197088,20150608,  220,    0
197088,20150609,  216,    0
197088,20150610,  211,    0
197088,20150611,  217,    0
197088,20150612,  229,    0
197088,20150613,  225,    0
197088,20150614,  201,    0
197088,20150615,  217,    0
197088,20150616,  215,    0
197088,20150617,  165,    0
197088,20150618,  182,    0
197088,20150619,  187,    0
197088,20150620,  172,    0
197088,20150621,  173,    0
197088,20150622,  210,    0
197088,20150623,  231,    0
197088,20150624,  166,    0
197088,20150625,  174,    0
197088,20150626,  192,    0
197088,20150627,  219,    0
197088,20150628,  212,    0
197088,20150629,  215,    0
197088,20150630,  219,    0
197088,20150701,  228,    0
197088,20150702,  247,    0
197088,20150703,  248,    0
197088,20150704,  250,    0
197088,20150705,  262,    0
197088,20150706,  275,    0
197088,20150707,  274,    0
197088,20150708,  283,    0
197088,20150709,  226,    0
197088,20150710,  201,    0
197088,20150711,  219,    0
197088,20150712,  238,    0
197088,20150713,  252,    0
197088,20150714,  246,    0
197088,20150715,  258,    0
197088,20150716,  271,    0
197088,20150717,  275,    0
197088,20150718,  266,    0
197088,20150719,  271,    0
197088,20150720,  265,    0
197088,20150721,  263,    0
197088,20150722,  268,    0
197088,20150723,  259,    0
197088,20150724,  240,    0
197088,20150725,  258,    0
197088,20150726,  250,    0
197088,20150727,  258,    0
197088,20150728,  260,    0
197088,20150729,  257,    0
197088,20150730,  262,    0
197088,20150731,  208,    0
197088,20150801,  210,    0
197088,20150802,  215,    0
197088,20150803,  228,    0
197088,20150804,  243,    0
197088,20150805,  251,    0
197088,20150806,  251,    0
197088,20150807,  251,    0
197088,20150808,  261,    0
197088,20150809,  249,    0
197088,20150810,  212,    0
197088,20150811,  231,    0
197088,20150812,  237,    0
197088,20150813,  247,    0
197088,20150814,  260,    0
197088,20150815,  227,    0
197088,20150816,  185,    0
197088,20150817,  212,    0
197088,20150818,  222,    0
197088,20150819,  190,    0
197088,20150820,  195,    0
197088,20150821,  188,    0
197088,20150822,  182,    0
197088,20150823,  199,    0
197088,20150824,  209,    0
197088,20150825,  223,    0
197088,20150826,  202,    0
197088,20150827,  217,    0
197088,20150828,  234,    0
197088,20150829,  233,    0
197088,20150830,  241,    0
197088,20150831,  231,    0
197088,20150901,  234,    0
197088,20150902,  239,    0
197088,20150903,  238,    0
197088,20150904,  229,    0
197088,20150905,  219,    0
197088,20150906,  166,    0
197088,20150907,  158,    0
197088,20150908,  151,    0
197088,20150909,  139,    0
197088,20150910,  144,    0
197088,20150911,  157,    0
197088,20150912,  175,    0
197088,20150913,  168,    0
197088,20150914,  212,    0
197088,20150915,  199,    0
197088,20150916,  216,    0
197088,20150917,  262,    0
197088,20150918,  224,    0
197088,20150919,  172,    0
197088,20150920,  151,    0
197088,20150921,  159,    0
197088,20150922,  171,    0
197088,20150923,  169,    0
197088,20150924,  127,    0
197088,20150925,  144,    0
197088,20150926,  140,    0
197088,20150927,  146,    0
197088,20150928,  139,    0
197088,20150929,  128,    0
197088,20150930,  124,    0
197088,20151001,  108,    0
197088,20151002,  126,    0
197088,20151003,  150,    0
197088,20151004,  167,    0
197088,20151005,  168,    0
197088,20151006,  162,    0
197088,20151007,  164,    0
197088,20151008,  149,    0
197088,20151009,  134,    0
197088,20151010,  135,    0
197088,20151011,  129,    0
197088,20151012,  143,    0
197088,20151013,  144,    0
197088,20151014,  152,    0
197088,20151015,  124,    0
197088,20151016,   99,    0
197088,20151017,   99,    0
197088,20151018,  110,    0
197088,20151019,  115,    0
197088,20151020,   92,    0
197088,20151021,   75,    0
197088,20151022,   77,    0
197088,20151023,   78,    0
197088,20151024,   87,    0
197088,20151025,   94,    0
197088,20151026,  102,    0
197088,20151027,  101,    0
197088,20151028,  112,    0
197088,20151029,  124,    0
197088,20151030,  124,    0
197088,20151031,   92,    0
197088,20151101,   90,    0
197088,20151102,   79,    0
197088,20151103,   85,    0
197088,20151104,   98,    0
197088,20151105,  112,    0
197088,20151106,  112,    0
197088,20151107,  108,    0
197088,20151108,  110,    0
197088,20151109,  129,    0
197088,20151110,  120,    0
197088,20151111,  129,    0
197088,20151112,  102,    0
197088,20151113,   94,    0
197088,20151114,   87,    0
197088,20151115,   95,    0
197088,20151116,   82,    0
197088,20151117,   83,    0
197088,20151118,   86,    0
197088,20151119,   91,    0
197088,20151120,  131,    0
197088,20151121,  101,    0
197088,20151122,   33,    0
197088,20151123,   33,    0
197088,20151124,   37,    0
197088,20151125,   33,    0
197088,20151126,   43,    0
197088,20151127,   44,    0
197088,20151128,   20,    0
197088,20151129,   31,    0
197088,20151130,   98,    0
197088,20151201,   86,    0
197088,20151202,   50,    0
197088,20151203,   49,    0
197088,20151204,   48,    0
197088,20151205,   61,    0
197088,20151206,   33,    0
197088,20151207,   37,    0
197088,20151208,   47,    0
197088,20151209,   26,    0
197088,20151210,   29,    0
197088,20151211,   19,    0
197088,20151212,   34,    0
197088,20151213,   56,    0
197088,20151214,   45,    0
197088,20151215,   43,    0
197088,20151216,   40,    0
197088,20151217,   39,    0
197088,20151218,   52,    0
197088,20151219,   54,    0
197088,20151220,   43,    0
197088,20151221,   74,    0
197088,20151222,   64,    0
197088,20151223,   57,    0
197088,20151224,   40,    0
197088,20151225,   50,    0
197088,20151226,   21,    0
197088,20151227,   17,    0
197088,20151228,   16,    0
197088,20151229,   40,    0
197088,20151230,   25,    0
197088,20151231,   37,    0
197088,20160101,    7,    0
197088,20160102,   15,    0
197088,20160103,   25,    0
197088,20160104,   22,    0
197088,20160105,   23,    0
197088,20160106,   13,    0
197088,20160107,   44,    0
197088,20160108,   39,    0
197088,20160109,   50,    0
197088,20160110,  100,    0
197088,20160111,  137,    0
197088,20160112,  113,    0
197088,20160113,   72,    0
197088,20160114,   62,    0
197088,20160115,   32,    0
197088,20160116,   10,    0
197088,20160117,   -8,    0
197088,20160118,  -13,    0
197088,20160119,  -32,    0
197088,20160120,  -17,    0
197088,20160121,   -6,    0
197088,20160122,    9,    0
197088,20160123,   -5,    0
197088,20160124,   14,    0
197088,20160125,   65,    0
197088,20160126,  100,    0
197088,20160127,   95,    0
197088,20160128,  110,    0
197088,20160129,  118,    0
197088,20160130,  122,    0
197088,20160131,  129,    0
197088,20160201,   93,    0
197088,20160202,   73,    0
197088,20160203,  108,    0
197088,20160204,   42,    0
197088,20160205,   37,    0
197088,20160206,   58,    0
197088,20160207,   98,    0
197088,20160208,  101,    0
197088,20160209,  124,    0
197088,20160210,   83,    0
197088,20160211,   49,    0
197088,20160212,   60,    0
197088,20160213,   81,    0
197088,20160214,   56,    0
197088,20160215,   54,    0
197088,20160216,   62,    0
197088,20160217,   50,    0
197088,20160218,   79,    0
197088,20160219,   89,    0
197088,20160220,   76,    0
197088,20160221,  116,    0
197088,20160222,  132,    0
197088,20160223,  119,    0
197088,20160224,   85,    0
197088,20160225,   70,    0
197088,20160226,   62,    0
197088,20160227,   62,    0
197088,20160228,   86,    0
197088,20160229,   87,    0
197088,20160301,   62,    0
197088,20160302,   92,    0
197088,20160303,   40,    0
197088,20160304,   75,    0
197088,20160305,  104,    0
197088,20160306,   77,    0
197088,20160307,   45,    0
197088,20160308,   35,    0
197088,20160309,   40,    0
197088,20160310,   66,    0
197088,20160311,   69,    0
197088,20160312,   87,    0
197088,20160313,   83,    0
197088,20160314,   63,    0
197088,20160315,   66,    0
197088,20160316,   59,    0
197088,20160317,   60,    0
197088,20160318,   70,    0
197088,20160319,  104,    0
197088,20160320,  113,    0
197088,20160321,   97,    0
197088,20160322,   92,    0
197088,20160323,   71,    0
197088,20160324,   63,    0
197088,20160325,   84,    0
197088,20160326,   88,    0
197088,20160327,  115,    0
197088,20160328,  131,    0
197088,20160329,  145,    0
197088,20160330,  149,    0
197088,20160331,  147,    0
197088,20160401,  123,    0
197088,20160402,  121,    0
197088,20160403,  124,    0
197088,20160404,  142,    0
197088,20160405,  141,    0
197088,20160406,  146,    0
197088,20160407,  131,    0
197088,20160408,  125,    0
197088,20160409,  120,    0
197088,20160410,  134,    0
197088,20160411,  141,    0
197088,20160412,  157,    0
197088,20160413,  155,    0
197088,20160414,  159,    0
197088,20160415,  163,    0
197088,20160416,  173,    0
197088,20160417,  179,    0
197088,20160418,  165,    0
197088,20160419,  118,    0
197088,20160420,  112,    0
197088,20160421,  115,    0
197088,20160422,  151,    0
197088,20160423,  145,    0
197088,20160424,  103,    0
197088,20160425,   80,    0
197088,20160426,  118,    0
197088,20160427,  132,    0
197088,20160428,  103,    0
197088,20160429,  116,    0
197088,20160430,  118,    0
197088,20160501,  115,    0
197088,20160502,  118,    0
197088,20160503,  154,    0
197088,20160504,  142,    0
197088,20160505,  122,    0
197088,20160506,  133,    0
197088,20160507,  138,    0
197088,20160508,  144,    0
197088,20160509,  159,    0
197088,20160510,  182,    0
197088,20160511,  159,    0
197088,20160512,  160,    0
197088,20160513,  156,    0
197088,20160514,  163,    0
197088,20160515,  138,    0
197088,20160516,  132,    0
197088,20160517,  127,    0
197088,20160518,  158,    0
197088,20160519,  140,    0
197088,20160520,  144,    0
197088,20160521,  165,    0
197088,20160522,  184,    0
197088,20160523,  151,    0
197088,20160524,  154,    0
197088,20160525,  174,    0
197088,20160526,  185,    0
197088,20160527,  191,    0
197088,20160528,  212,    0
197088,20160529,  190,    0
197088,20160530,  191,    0
197088,20160531,  184,    0
197088,20160601,  179,    0
197088,20160602,  180,    0
197088,20160603,  184,    0
197088,20160604,  185,    0
197088,20160605,  192,    0
197088,20160606,  172,    0
197088,20160607,  195,    0
197088,20160608,  183,    0
197088,20160609,  172,    0
197088,20160610,  181,    0
197088,20160611,  206,    0
197088,20160612,  190,    0
197088,20160613,  180,    0
197088,20160614,  195,    0
197088,20160615,  199,    0
197088,20160616,  216,    0
197088,20160617,  201,    0
197088,20160618,  197,    0
197088,20160619,  175,    0
197088,20160620,  174,    0
197088,20160621,  197,    0
197088,20160622,  212,    0
197088,20160623,  233,    0
197088,20160624,  248,    0
197088,20160625,  266,    0
197088,20160626,  247,    0
197088,20160627,  222,    0
197088,20160628,  217,    0
197088,20160629,  226,    0
197088,20160630,  244,    0
197088,20160701,  246,    0
197088,20160702,  249,    0
197088,20160703,  243,    0
197088,20160704,  216,    0
197088,20160705,  225,    0
197088,20160706,  241,    0
197088,20160707,  236,    0
197088,20160708,  253,    0
197088,20160709,  256,    0
197088,20160710,  252,    0
197088,20160711,  262,    0
197088,20160712,  265,    0
197088,20160713,  249,    0
197088,20160714,  207,    0
197088,20160715,  164,    0
197088,20160716,  186,    0
197088,20160717,  212,    0
197088,20160718,  234,    0
197088,20160719,  236,    0
197088,20160720,  255,    0
197088,20160721,  246,    0
197088,20160722,  250,    0
197088,20160723,  217,    0
197088,20160724,  222,    0
197088,20160725,  221,    0
197088,20160726,  235,    0
197088,20160727,  224,    0
197088,20160728,  229,    0
197088,20160729,  241,    0
197088,20160730,  260,    0
197088,20160731,  252,    0
197088,20160801,  224,    0
197088,20160802,  220,    0
197088,20160803,  235,    0
197088,20160804,  255,    0
197088,20160805,  235,    0
197088,20160806,  191,    0
197088,20160807,  198,    0
197088,20160808,  203,    0
197088,20160809,  219,    0
197088,20160810,  195,    0
197088,20160811,  175,    0
197088,20160812,  168,    0
197088,20160813,  190,    0
197088,20160814,  214,    0
197088,20160815,  229,    0
197088,20160816,  244,    0
197088,20160817,  247,    0
197088,20160818,  240,    0
197088,20160819,  234,    0
197088,20160820,  238,    0
197088,20160821,  233,    0
197088,20160822,  201,    0
197088,20160823,  182,    0
197088,20160824,  196,    0
197088,20160825,  198,    0
197088,20160826,  201,    0
197088,20160827,  208,    0
197088,20160828,  231,    0
197088,20160829,  249,    0
197088,20160830,  221,    0
197088,20160831,  214,    0
197088,20160901,  213,    0
197088,20160902,  220,    0
197088,20160903,  225,    0
197088,20160904,  243,    0
197088,20160905,  230,    0
197088,20160906,  179,    0
197088,20160907,  194,    0
197088,20160908,  202,    0
197088,20160909,  198,    0
197088,20160910,  204,    0
197088,20160911,  207,    0
197088,20160912,  209,    0
197088,20160913,  210,    0
197088,20160914,  212,    0
197088,20160915,  206,    0
197088,20160916,  169,    0
197088,20160917,  200,    0
197088,20160918,  168,    0
197088,20160919,  167,    0
197088,20160920,  175,    0
197088,20160921,  151,    0
197088,20160922,  151,    0
197088,20160923,  146,    0
197088,20160924,  145,    0
197088,20160925,  144,    0
197088,20160926,  147,    0
197088,20160927,  143,    0
197088,20160928,  144,    0
197088,20160929,  161,    0
197088,20160930,  174,    0
197088,20161001,  184,    0
197088,20161002,  186,    0
197088,20161003,  168,    0
197088,20161004,  123,    0
197088,20161005,  127,    0
197088,20161006,  107,    0
197088,20161007,  108,    0
197088,20161008,  107,    0
197088,20161009,  122,    0
197088,20161010,   95,    0
197088,20161011,   80,    0
197088,20161012,   85,    0
197088,20161013,   92,    0
197088,20161014,  122,    0
197088,20161015,  143,    0
197088,20161016,  139,    0
197088,20161017,  133,    0
197088,20161018,  135,    0
197088,20161019,  134,    0
197088,20161020,  130,    0
197088,20161021,  101,    0
197088,20161022,   85,    0
197088,20161023,  114,    0
197088,20161024,  123,    0
197088,20161025,  129,    0
197088,20161026,  139,    0
197088,20161027,  123,    0
197088,20161028,   98,    0
197088,20161029,   90,    0
197088,20161030,   92,    0
197088,20161031,  115,    0
197088,20161101,  110,    0
197088,20161102,  137,    0
197088,20161103,  104,    0
197088,20161104,  103,    0
197088,20161105,  143,    0
197088,20161106,  150,    0
197088,20161107,  107,    0
197088,20161108,   62,    0
197088,20161109,   72,    0
197088,20161110,   70,    0
197088,20161111,   54,    0
197088,20161112,   45,    0
197088,20161113,   53,    0
197088,20161114,   49,    0
197088,20161115,   31,    0
197088,20161116,   26,    0
197088,20161117,   61,    0
197088,20161118,   81,    0
197088,20161119,  119,    0
197088,20161120,   81,    0
197088,20161121,  102,    0
197088,20161122,  113,    0
197088,20161123,  118,    0
197088,20161124,  107,    0
197088,20161125,  118,    0
197088,20161126,   97,    0
197088,20161127,   71,    0
197088,20161128,   63,    0
197088,20161129,   12,    0
197088,20161130,   -4,    0
197088,20161201,   62,    0
197088,20161202,   94,    0
197088,20161203,   49,    0
197088,20161204,   67,    0
197088,20161205,   67,    0
197088,20161206,   59,    0
197088,20161207,   16,    0
197088,20161208,   11,    0
197088,20161209,   17,    0
197088,20161210,   28,    0
197088,20161211,   18,    0
197088,20161212,   41,    0
197088,20161213,   -7,    0
197088,20161214,    0,    0
197088,20161215,    1,    0
197088,20161216,   27,    0
197088,20161217,   11,    0
197088,20161218,  -16,    0
197088,20161219,   -1,    0
197088,20161220,   54,    0
197088,20161221,   53,    0
197088,20161222,   32,    0
197088,20161223,   24,    0
197088,20161224,   24,    0
197088,20161225,   41,    0
197088,20161226,   70,    0
197088,20161227,   45,    0
197088,20161228,   27,    0
197088,20161229,   20,    0
197088,20161230,-9999,    9
197088,20161231,  -14,    0
197088,20170101,   -3,    0
197088,20170102,-9999,    9
197088,20170103,-9999,    9
197088,20170104,   31,    0
197088,20170105,   12,    0
197088,20170106,  -37,    0
197088,20170107,  -53,    0
197088,20170108,  -35,    0
197088,20170109,  -31,    0
197088,20170110,  -19,    0
197088,20170111,  -25,    0
197088,20170112,   -4,    0
197088,20170113,-9999,    9
197088,20170114,-9999,    9
197088,20170115,-9999,    9
197088,20170116,-9999,    9
197088,20170117,-9999,    9
197088,20170118,-9999,    9
197088,20170119,    2,    0
197088,20170120,  -12,    0
197088,20170121,    9,    0
197088,20170122,   21,    0
197088,20170123,   24,    0
197088,20170124,   26,    0
197088,20170125,   -2,    0
197088,20170126,   -5,    0
197088,20170127,    0,    0
197088,20170128,    1,    0
197088,20170129,   11,    0
197088,20170130,   23,    0
197088,20170131,   67,    0
197088,20170201,   85,    0
197088,20170202,   63,    0
197088,20170203,  120,    0
197088,20170204,   97,    0
197088,20170205,   72,    0
197088,20170206,   61,    0
197088,20170207,   56,    0
197088,20170208,   37,    0
197088,20170209,   34,    0
197088,20170210,   42,    0
197088,20170211,   48,    0
197088,20170212,   63,    0
197088,20170213,   57,    0
197088,20170214,   52,    0
197088,20170215,   43,    0
197088,20170216,   77,    0
197088,20170217,  100,    0
197088,20170218,   63,    0
197088,20170219,   36,    0
197088,20170220,   44,    0
197088,20170221,   87,    0
197088,20170222,  101,    0
197088,20170223,  125,    0
197088,20170224,  116,    0
197088,20170225,   45,    0
197088,20170226,   37,    0
197088,20170227,   68,    0
197088,20170228,  119,    0
197088,20170301,  109,    0
197088,20170302,  121,    0
197088,20170303,   82,    0
197088,20170304,   74,    0
197088,20170305,   96,    0
197088,20170306,  106,    0
197088,20170307,   92,    0
197088,20170308,   59,    0
197088,20170309,   79,    0
197088,20170310,   85,    0
197088,20170311,   50,    0
197088,20170312,   56,    0
197088,20170313,   47,    0
197088,20170314,   78,    0
197088,20170315,   85,    0
197088,20170316,   86,    0
197088,20170317,  117,    0
197088,20170318,  143,    0
197088,20170319,  152,    0
197088,20170320,  125,    0
197088,20170321,  111,    0
197088,20170322,  134,    0
197088,20170323,  136,    0
197088,20170324,  123,    0
197088,20170325,  131,    0
197088,20170326,  116,    0
197088,20170327,   59,    0
197088,20170328,   74,    0
197088,20170329,  103,    0
197088,20170330,  125,    0
197088,20170331,  135,    0
197088,20170401,  139,    0
197088,20170402,  127,    0
197088,20170403,  140,    0
197088,20170404,  138,    0
197088,20170405,  109,    0
197088,20170406,   98,    0
197088,20170407,  109,    0
197088,20170408,  124,    0
197088,20170409,  139,    0
197088,20170410,  153,    0
197088,20170411,  151,    0
197088,20170412,  132,    0
197088,20170413,  169,    0
197088,20170414,  174,    0
197088,20170415,  157,    0
197088,20170416,  154,    0
197088,20170417,  115,    0
197088,20170418,   64,    0
197088,20170419,   61,    0
197088,20170420,   57,    0
197088,20170421,   60,    0
197088,20170422,  107,    0
197088,20170423,  130,    0
197088,20170424,  128,    0
197088,20170425,  155,    0
197088,20170426,  160,    0
197088,20170427,  159,    0
197088,20170428,  110,    0
197088,20170429,   85,    0
197088,20170430,   90,    0
197088,20170501,  106,    0
197088,20170502,  122,    0
197088,20170503,  144,    0
197088,20170504,  138,    0
197088,20170505,  141,    0
197088,20170506,  130,    0
197088,20170507,  127,    0
197088,20170508,  143,    0
197088,20170509,  117,    0
197088,20170510,  126,    0
197088,20170511,  149,    0
197088,20170512,  180,    0
197088,20170513,  188,    0
197088,20170514,  183,    0
197088,20170515,  166,    0
197088,20170516,  163,    0
197088,20170517,  169,    0
197088,20170518,  172,    0
197088,20170519,  185,    0
197088,20170520,  156,    0
197088,20170521,  170,    0
197088,20170522,  178,    0
197088,20170523,  202,    0
197088,20170524,  208,    0
197088,20170525,  182,    0
197088,20170526,  167,    0
197088,20170527,  180,    0
197088,20170528,  198,    0
197088,20170529,  205,    0
197088,20170530,  235,    0
197088,20170531,  238,    0
197088,20170601,  222,    0
197088,20170602,  218,    0
197088,20170603,  223,    0
197088,20170604,  232,    0
197088,20170605,  213,    0
197088,20170606,  207,    0
197088,20170607,  211,    0
197088,20170608,  186,    0
197088,20170609,  186,    0
197088,20170610,  208,    0
197088,20170611,  210,    0
197088,20170612,  238,    0
197088,20170613,  269,    0
197088,20170614,  264,    0
197088,20170615,  231,    0
197088,20170616,  251,    0
197088,20170617,  234,    0
197088,20170618,  206,    0
197088,20170619,  206,    0
197088,20170620,  248,    0
197088,20170621,  257,    0
197088,20170622,  273,    0
197088,20170623,  272,    0
197088,20170624,  272,    0
197088,20170625,  264,    0
197088,20170626,  246,    0
197088,20170627,  237,    0
197088,20170628,  219,    0
197088,20170629,  227,    0
197088,20170630,  203,    0
197088,20170701,  210,    0
197088,20170702,  205,    0
197088,20170703,  223,    0
197088,20170704,  225,    0
197088,20170705,  234,    0
197088,20170706,  262,    0
197088,20170707,  260,    0
197088,20170708,  267,    0
197088,20170709,  281,    0
197088,20170710,  275,    0
197088,20170711,  270,    0
197088,20170712,  268,    0
197088,20170713,  257,    0
197088,20170714,  217,    0
197088,20170715,  212,    0
197088,20170716,  194,    0
197088,20170717,  193,    0
197088,20170718,  213,    0
197088,20170719,  251,    0
197088,20170720,  267,    0
197088,20170721,  257,    0
197088,20170722,  271,    0
197088,20170723,  280,    0
197088,20170724,  257,    0
197088,20170725,  226,    0
197088,20170726,  225,    0
197088,20170727,  242,    0
197088,20170728,  258,    0
197088,20170729,  266,    0
197088,20170730,  248,    0
197088,20170731,  256,    0
197088,20170801,  272,    0
197088,20170802,  315,    0
197088,20170803,  319,    0
197088,20170804,  323,    0
197088,20170805,  297,    0
197088,20170806,  281,    0
197088,20170807,  240,    0
197088,20170808,  252,    0
197088,20170809,  296,    0
197088,20170810,  245,    0
197088,20170811,  211,    0
197088,20170812,  203,    0
197088,20170813,  209,    0
197088,20170814,  220,    0
197088,20170815,  232,    0
197088,20170816,  236,    0
197088,20170817,  240,    0
197088,20170818,  255,    0
197088,20170819,  269,    0
197088,20170820,  210,    0
197088,20170821,  185,    0
197088,20170822,  186,    0
197088,20170823,  206,    0
197088,20170824,  236,    0
197088,20170825,  259,    0
197088,20170826,  245,    0
197088,20170827,  261,    0
197088,20170828,  248,    0
197088,20170829,  222,    0
197088,20170830,  225,    0
197088,20170831,  268,    0
197088,20170901,  237,    0
197088,20170902,  201,    0
197088,20170903,  162,    0
197088,20170904,  175,    0
197088,20170905,  196,    0
197088,20170906,  212,    0
197088,20170907,  206,    0
197088,20170908,  186,    0
197088,20170909,  193,    0
197088,20170910,  171,    0
197088,20170911,  182,    0
197088,20170912,  181,    0
197088,20170913,  178,    0
197088,20170914,  213,    0
197088,20170915,  204,    0
197088,20170916,  179,    0
197088,20170917,  163,    0
197088,20170918,  161,    0
197088,20170919,  121,    0
197088,20170920,  132,    0
197088,20170921,  130,    0
197088,20170922,  146,    0
197088,20170923,  155,    0
197088,20170924,  141,    0
197088,20170925,  137,    0
197088,20170926,  139,    0
197088,20170927,  147,    0
197088,20170928,  143,    0
197088,20170929,  137,    0
197088,20170930,  132,    0
197088,20171001,  133,    0
197088,20171002,  144,    0
197088,20171003,  156,    0
197088,20171004,  164,    0
197088,20171005,  171,    0
197088,20171006,  154,    0
197088,20171007,  108,    0
197088,20171008,  145,    0
197088,20171009,  127,    0
197088,20171010,  136,    0
197088,20171011,  131,    0
197088,20171012,  134,    0
197088,20171013,  137,    0
197088,20171014,  137,    0
197088,20171015,  135,    0
197088,20171016,  128,    0
197088,20171017,  125,    0
197088,20171018,  116,    0
197088,20171019,  112,    0
197088,20171020,  129,    0
197088,20171021,  145,    0
197088,20171022,  162,    0
197088,20171023,   98,    0
197088,20171024,   85,    0
197088,20171025,   92,    0
197088,20171026,  110,    0
197088,20171027,  142,    0
197088,20171028,  126,    0
197088,20171029,  154,    0
197088,20171030,   89,    0
197088,20171031,   72,    0
197088,20171101,   69,    0
197088,20171102,  104,    0
197088,20171103,  122,    0
197088,20171104,  107,    0
197088,20171105,  114,    0
197088,20171106,  106,    0
197088,20171107,   86,    0
197088,20171108,   86,    0
197088,20171109,   89,    0
197088,20171110,   92,    0
197088,20171111,   80,    0
197088,20171112,  114,    0
197088,20171113,   31,    0
197088,20171114,   45,    0
197088,20171115,   48,    0
197088,20171116,   52,    0
197088,20171117,   60,    0
197088,20171118,   62,    0
197088,20171119,   50,    0
197088,20171120,   38,    0
197088,20171121,   68,    0
197088,20171122,   72,    0
197088,20171123,   88,    0
197088,20171124,   74,    0
197088,20171125,  122,    0
197088,20171126,   36,    0
197088,20171127,    7,    0
197088,20171128,   34,    0
197088,20171129,   38,    0
197088,20171130,   31,    0
197088,20171201,   17,    0
197088,20171202,   42,    0
197088,20171203,   12,    0
197088,20171204,    7,    0
197088,20171205,   17,    0
197088,20171206,   71,    0
197088,20171207,   84,    0
197088,20171208,  107,    0
197088,20171209,    7,    0
197088,20171210,   10,    0
197088,20171211,  105,    0
197088,20171212,  110,    0
197088,20171213,   80,    0
197088,20171214,  118,    0
197088,20171215,  106,    0
197088,20171216,   30,    0
197088,20171217,    8,    0
197088,20171218,  -11,    0
197088,20171219,  -15,    0
197088,20171220,   -9,    0
197088,20171221,  -14,    0
197088,20171222,    0,    0
197088,20171223,   18,    0
197088,20171224,   63,    0
197088,20171225,   78,    0
197088,20171226,   98,    0
197088,20171227,   85,    0
197088,20171228,   33,    0
197088,20171229,   25,    0
197088,20171230,   10,    0
197088,20171231,   38,    0
197088,20180101,   47,    0
197088,20180102,   43,    0
197088,20180103,   68,    0
197088,20180104,   81,    0
197088,20180105,   48,    0
197088,20180106,   69,    0
197088,20180107,   56,    0
197088,20180108,   79,    0
197088,20180109,   86,    0
197088,20180110,   67,    0
197088,20180111,   62,    0
197088,20180112,   61,    0
197088,20180113,   49,    0
197088,20180114,   45,    0
197088,20180115,   39,    0
197088,20180116,   86,    0
197088,20180117,   93,    0
197088,20180118,   67,    0
197088,20180119,   92,    0
197088,20180120,   50,    0
197088,20180121,   64,    0
197088,20180122,   22,    0
197088,20180123,   27,    0
197088,20180124,   32,    0
197088,20180125,   62,    0
197088,20180126,   68,    0
197088,20180127,   76,    0
197088,20180128,   56,    0
197088,20180129,   70,    0
197088,20180130,   49,    0
197088,20180131,   64,    0
197088,20180201,  100,    0
197088,20180202,   50,    0
197088,20180203,    9,    0
197088,20180204,   23,    0
197088,20180205,   26,    0
197088,20180206,   37,    0
197088,20180207,   35,    0
197088,20180208,   41,    0
197088,20180209,   40,    0
197088,20180210,   18,    0
197088,20180211,   30,    0
197088,20180212,   18,    0
197088,20180213,    7,    0
197088,20180214,    0,    0
197088,20180215,    8,    0
197088,20180216,   37,    0
197088,20180217,   53,    0
197088,20180218,   28,    0
197088,20180219,   21,    0
197088,20180220,    6,    0
197088,20180221,   10,    0
197088,20180222,    8,    0
197088,20180223,    5,    0
197088,20180224,   26,    0
197088,20180225,   -7,    0
197088,20180226,  -46,    0
197088,20180227,  -65,    0
197088,20180228,  -54,    0
197088,20180301,  -25,    0
197088,20180302,   -6,    0
197088,20180303,    4,    0
197088,20180304,    9,    0
197088,20180305,   20,    0
197088,20180306,   41,    0
197088,20180307,   72,    0
197088,20180308,   69,    0
197088,20180309,   85,    0
197088,20180310,   99,    0
197088,20180311,   99,    0
197088,20180312,  115,    0
197088,20180313,  117,    0
197088,20180314,  115,    0
197088,20180315,   99,    0
197088,20180316,  109,    0
197088,20180317,  100,    0
197088,20180318,   70,    0
197088,20180319,   36,    0
197088,20180320,   37,    0
197088,20180321,   18,    0
197088,20180322,   21,    0
197088,20180323,   32,    0
197088,20180324,   43,    0
197088,20180325,   31,    0
197088,20180326,   57,    0
197088,20180327,   94,    0
197088,20180328,  129,    0
197088,20180329,  146,    0
197088,20180330,  159,    0
197088,20180331,  117,    0
197088,20180401,  116,    0
197088,20180402,  133,    0
197088,20180403,  125,    0
197088,20180404,  122,    0
197088,20180405,  123,    0
197088,20180406,  110,    0
197088,20180407,  103,    0
197088,20180408,  110,    0
197088,20180409,  107,    0
197088,20180410,  127,    0
197088,20180411,  116,    0
197088,20180412,  114,    0
197088,20180413,  118,    0
197088,20180414,  113,    0
197088,20180415,  124,    0
197088,20180416,  142,    0
197088,20180417,  145,    0
197088,20180418,  134,    0
197088,20180419,  137,    0
197088,20180420,  151,    0
197088,20180421,  155,    0
197088,20180422,  157,    0
197088,20180423,  190,    0
197088,20180424,  192,    0
197088,20180425,  195,    0
197088,20180426,  192,    0
197088,20180427,  144,    0
197088,20180428,  166,    0
197088,20180429,  179,    0
197088,20180430,  162,    0
197088,20180501,  133,    0
197088,20180502,  139,    0
197088,20180503,  139,    0
197088,20180504,  155,    0
197088,20180505,  161,    0
197088,20180506,  170,    0
197088,20180507,  170,    0
197088,20180508,  173,    0
197088,20180509,  151,    0
197088,20180510,  154,    0
197088,20180511,  162,    0
197088,20180512,  172,    0
197088,20180513,  175,    0
197088,20180514,  136,    0
197088,20180515,  121,    0
197088,20180516,  141,    0
197088,20180517,  140,    0
197088,20180518,  151,    0
197088,20180519,  156,    0
197088,20180520,  160,    0
197088,20180521,  159,    0
197088,20180522,  165,    0
197088,20180523,  168,    0
197088,20180524,  190,    0
197088,20180525,  202,    0
197088,20180526,  208,    0
197088,20180527,  211,    0
197088,20180528,  212,    0
197088,20180529,  218,    0
197088,20180530,  214,    0
197088,20180531,  215,    0
197088,20180601,  208,    0
197088,20180602,  214,    0
197088,20180603,  216,    0
197088,20180604,  210,    0
197088,20180605,  200,    0
197088,20180606,  209,    0
197088,20180607,  218,    0
197088,20180608,  191,    0
197088,20180609,  213,    0
197088,20180610,  227,    0
197088,20180611,  235,    0
197088,20180612,  234,    0
197088,20180613,  208,    0
197088,20180614,  175,    0
197088,20180615,  181,    0
197088,20180616,  191,    0
197088,20180617,  209,    0
197088,20180618,  206,    0
197088,20180619,  210,    0
197088,20180620,  211,    0
197088,20180621,  238,    0
197088,20180622,  206,    0
197088,20180623,  176,    0
197088,20180624,  177,    0
197088,20180625,  156,    0
197088,20180626,  168,    0
197088,20180627,  189,    0
197088,20180628,  194,    0
197088,20180629,  219,    0
197088,20180630,  243,    0
197088,20180701,  235,    0
197088,20180702,  225,    0
197088,20180703,  245,    0
197088,20180704,  241,    0
197088,20180705,  249,    0
197088,20180706,  204,    0
197088,20180707,  222,    0
197088,20180708,  225,    0
197088,20180709,  224,    0
197088,20180710,  245,    0
197088,20180711,  224,    0
197088,20180712,  219,    0
197088,20180713,  237,    0
197088,20180714,  234,    0
197088,20180715,  228,    0
197088,20180716,  211,    0
197088,20180717,  221,    0
197088,20180718,  244,    0
197088,20180719,  245,    0
197088,20180720,  253,    0
197088,20180721,  231,    0
197088,20180722,  223,    0
197088,20180723,  221,    0
197088,20180724,  226,    0
197088,20180725,  235,    0
197088,20180726,  224,    0
197088,20180727,  235,    0
197088,20180728,  252,    0
197088,20180729,  255,    0
197088,20180730,  256,    0
197088,20180731,  260,    0
197088,20180801,  266,    0
197088,20180802,  249,    0
197088,20180803,  241,    0
197088,20180804,  247,    0
197088,20180805,  251,    0
197088,20180806,  249,    0
197088,20180807,  246,    0
197088,20180808,  232,    0
197088,20180809,  247,    0
197088,20180810,  257,    0
197088,20180811,  252,    0
197088,20180812,  230,    0
197088,20180813,  235,    0
197088,20180814,  223,    0
197088,20180815,  203,    0
197088,20180816,  205,    0
197088,20180817,  212,    0
197088,20180818,  223,    0
197088,20180819,  225,    0
197088,20180820,  230,    0
197088,20180821,  227,    0
197088,20180822,  226,    0
197088,20180823,  227,    0
197088,20180824,  227,    0
197088,20180825,  216,    0
197088,20180826,  156,    0
197088,20180827,  156,    0
197088,20180828,  181,    0
197088,20180829,  204,    0
197088,20180830,  221,    0
197088,20180831,  218,    0
197088,20180901,  180,    0
197088,20180902,  173,    0
197088,20180903,  173,    0
197088,20180904,  188,    0
197088,20180905,  196,    0
197088,20180906,  199,    0
197088,20180907,  182,    0
197088,20180908,  196,    0
197088,20180909,  195,    0
197088,20180910,  200,    0
197088,20180911,  208,    0
197088,20180912,  211,    0
197088,20180913,  194,    0
197088,20180914,  204,    0
197088,20180915,  206,    0
197088,20180916,  204,    0
197088,20180917,  195,    0
197088,20180918,  186,    0
197088,20180919,  199,    0
197088,20180920,  197,    0
197088,20180921,  203,    0
197088,20180922,  228,    0
197088,20180923,  228,    0
197088,20180924,  202,    0
197088,20180925,  146,    0
197088,20180926,  113,    0
197088,20180927,  105,    0
197088,20180928,  132,    0
197088,20180929,  134,    0
197088,20180930,  126,    0
197088,20181001,  123,    0
197088,20181002,  112,    0
197088,20181003,  109,    0
197088,20181004,  125,    0
197088,20181005,  130,    0
197088,20181006,  141,    0
197088,20181007,  154,    0
197088,20181008,  138,    0
197088,20181009,  151,    0
197088,20181010,  145,    0
197088,20181011,  146,    0
197088,20181012,  159,    0
197088,20181013,  138,    0
197088,20181014,  124,    0
197088,20181015,  137,    0
197088,20181016,  153,    0
197088,20181017,  148,    0
197088,20181018,  156,    0
197088,20181019,  145,    0
197088,20181020,  133,    0
197088,20181021,  103,    0
197088,20181022,   93,    0
197088,20181023,  105,    0
197088,20181024,  148,    0
197088,20181025,  133,    0
197088,20181026,  156,    0
197088,20181027,  200,    0
197088,20181028,  169,    0
197088,20181029,  161,    0
197088,20181030,  123,    0
197088,20181031,  116,    0
197088,20181101,  128,    0
197088,20181102,  131,    0
197088,20181103,  135,    0
197088,20181104,  140,    0
197088,20181105,  142,    0
197088,20181106,  133,    0
197088,20181107,  133,    0
197088,20181108,  114,    0
197088,20181109,  104,    0
197088,20181110,  103,    0
197088,20181111,  122,    0
197088,20181112,  106,    0
197088,20181113,  114,    0
197088,20181114,  120,    0
197088,20181115,  109,    0
197088,20181116,   83,    0
197088,20181117,   72,    0
197088,20181118,   41,    0
197088,20181119,   37,    0
197088,20181120,   28,    0
197088,20181121,   65,    0
197088,20181122,   73,    0
197088,20181123,   74,    0
197088,20181124,  100,    0
197088,20181125,   84,    0
197088,20181126,   66,    0
197088,20181127,   69,    0
197088,20181128,   48,    0
197088,20181129,   17,    0
197088,20181130,   16,    0
197088,20181201,   41,    0
197088,20181202,   50,    0
197088,20181203,   65,    0
197088,20181204,   63,    0
197088,20181205,   45,    0
197088,20181206,   56,    0
197088,20181207,   78,    0
197088,20181208,   76,    0
197088,20181209,   94,    0
197088,20181210,   78,    0
197088,20181211,    7,    0
197088,20181212,    0,    0
197088,20181213,    9,    0
197088,20181214,    6,    0
197088,20181215,   -6,    0
197088,20181216,    0,    0
197088,20181217,    0,    0
197088,20181218,  -12,    0
197088,20181219,   -6,    0
197088,20181220,   13,    0
197088,20181221,   27,    0
197088,20181222,   65,    0
197088,20181223,   35,    0
197088,20181224,   73,    0
197088,20181225,   23,    0
197088,20181226,    3,    0
197088,20181227,    6,    0
197088,20181228,   29,    0
197088,20181229,   28,    0
197088,20181230,   38,    0
197088,20181231,   18,    0
197088,20190101,   13,    0
197088,20190102,   -6,    0
197088,20190103,  -25,    0
197088,20190104,  -23,    0
197088,20190105,    3,    0
197088,20190106,   11,    0
197088,20190107,    0,    0
197088,20190108,   15,    0
197088,20190109,   -7,    0
197088,20190110,   -1,    0
197088,20190111,   -5,    0
197088,20190112,   19,    0
197088,20190113,   73,    0
197088,20190114,  102,    0
197088,20190115,   34,    0
197088,20190116,   98,    0
197088,20190117,   87,    0
197088,20190118,   58,    0
197088,20190119,   32,    0
197088,20190120,   25,    0
197088,20190121,   16,    0
197088,20190122,    3,    0
197088,20190123,    6,    0
197088,20190124,    7,    0
197088,20190125,    7,    0
197088,20190126,    2,    0
197088,20190127,   56,    0
197088,20190128,   32,    0
197088,20190129,   17,    0
197088,20190130,    4,    0
197088,20190131,   10,    0
197088,20190201,   67,    0
197088,20190202,   64,    0
197088,20190203,   51,    0
197088,20190204,   42,    0
197088,20190205,   17,    0
197088,20190206,   15,    0
197088,20190207,   26,    0
197088,20190208,   30,    0
197088,20190209,   65,    0
197088,20190210,  112,    0
197088,20190211,   82,    0
197088,20190212,   44,    0
197088,20190213,   20,    0
197088,20190214,   32,    0
197088,20190215,   40,    0
197088,20190216,   45,    0
197088,20190217,   52,    0
197088,20190218,   73,    0
197088,20190219,   63,    0
197088,20190220,   46,    0
197088,20190221,   54,    0
197088,20190222,   72,    0
197088,20190223,   33,    0
197088,20190224,   14,    0
197088,20190225,   45,    0
197088,20190226,   73,    0
197088,20190227,   84,    0
197088,20190228,  116,    0
197088,20190301,   98,    0
197088,20190302,   81,    0
197088,20190303,  107,    0
197088,20190304,  134,    0
197088,20190305,  129,    0
197088,20190306,  116,    0
197088,20190307,  146,    0
197088,20190308,  132,    0
197088,20190309,  126,    0
197088,20190310,  138,    0
197088,20190311,  111,    0
197088,20190312,   46,    0
197088,20190313,   78,    0
197088,20190314,   86,    0
197088,20190315,  134,    0
197088,20190316,  156,    0
197088,20190317,  140,    0
197088,20190318,   83,    0
197088,20190319,   42,    0
197088,20190320,   40,    0
197088,20190321,   47,    0
197088,20190322,   66,    0
197088,20190323,   90,    0
197088,20190324,  123,    0
197088,20190325,  149,    0
197088,20190326,   54,    0
197088,20190327,   54,    0
197088,20190328,   52,    0
197088,20190329,   63,    0
197088,20190330,   83,    0
197088,20190331,   98,    0
197088,20190401,  106,    0
197088,20190402,  129,    0
197088,20190403,  129,    0
197088,20190404,  124,    0
197088,20190405,   95,    0
197088,20190406,   99,    0
197088,20190407,   99,    0
197088,20190408,  101,    0
197088,20190409,  124,    0
197088,20190410,  106,    0
197088,20190411,  104,    0
197088,20190412,   98,    0
197088,20190413,   75,    0
197088,20190414,   66,    0
197088,20190415,   95,    0
197088,20190416,   97,    0
197088,20190417,  111,    0
197088,20190418,  104,    0
197088,20190419,  105,    0
197088,20190420,  116,    0
197088,20190421,  122,    0
197088,20190422,  122,    0
197088,20190423,  133,    0
197088,20190424,  163,    0
197088,20190425,  151,    0
197088,20190426,  145,    0
197088,20190427,  149,    0
197088,20190428,  110,    0
197088,20190429,   75,    0
197088,20190430,  129,    0
197088,20190501,  143,    0
197088,20190502,  147,    0
197088,20190503,  137,    0
197088,20190504,  125,    0
197088,20190505,   89,    0
197088,20190506,   80,    0
197088,20190507,  109,    0
197088,20190508,  125,    0
197088,20190509,  139,    0
197088,20190510,  163,    0
197088,20190511,  156,    0
197088,20190512,  102,    0
197088,20190513,   98,    0
197088,20190514,  101,    0
197088,20190515,   68,    0
197088,20190516,  107,    0
197088,20190517,  125,    0
197088,20190518,  128,    0
197088,20190519,  131,    0
197088,20190520,  150,    0
197088,20190521,  165,    0
197088,20190522,  159,    0
197088,20190523,  160,    0
197088,20190524,  171,    0
197088,20190525,  175,    0
197088,20190526,  152,    0
197088,20190527,  143,    0
197088,20190528,  166,    0
197088,20190529,  130,    0
197088,20190530,  150,    0
197088,20190531,-9999,    9
197088,20190601,-9999,    9
197088,20190602,-9999,    9
197088,20190603,-9999,    9
197088,20190604,-9999,    9
197088,20190605,-9999,    9
197088,20190606,-9999,    9
197088,20190607,-9999,    9
197088,20190608,-9999,    9
197088,20190609,-9999,    9
197088,20190610,-9999,    9
197088,20190611,-9999,    9
197088,20190612,-9999,    9
197088,20190613,-9999,    9
197088,20190614,-9999,    9
197088,20190615,-9999,    9
197088,20190616,-9999,    9
197088,20190617,-9999,    9
197088,20190618,-9999,    9
197088,20190619,-9999,    9
197088,20190620,-9999,    9
197088,20190621,-9999,    9
197088,20190622,-9999,    9
197088,20190623,-9999,    9
197088,20190624,-9999,    9
197088,20190625,-9999,    9
197088,20190626,-9999,    9
197088,20190627,-9999,    9
197088,20190628,-9999,    9
197088,20190629,-9999,    9
197088,20190630,-9999,    9
197088,20190701,-9999,    9
197088,20190702,-9999,    9
197088,20190703,-9999,    9
197088,20190704,-9999,    9
197088,20190705,-9999,    9
197088,20190706,-9999,    9
197088,20190707,-9999,    9
197088,20190708,-9999,    9
197088,20190709,-9999,    9
197088,20190710,-9999,    9
197088,20190711,-9999,    9
197088,20190712,-9999,    9
197088,20190713,-9999,    9
197088,20190714,-9999,    9
197088,20190715,-9999,    9
197088,20190716,-9999,    9
197088,20190717,-9999,    9
197088,20190718,-9999,    9
197088,20190719,-9999,    9
197088,20190720,-9999,    9
197088,20190721,-9999,    9
197088,20190722,-9999,    9
197088,20190723,-9999,    9
197088,20190724,-9999,    9
197088,20190725,-9999,    9
197088,20190726,-9999,    9
197088,20190727,-9999,    9
197088,20190728,-9999,    9
197088,20190729,-9999,    9
197088,20190730,-9999,    9
197088,20190731,-9999,    9
197088,20190801,-9999,    9
197088,20190802,-9999,    9
197088,20190803,-9999,    9
197088,20190804,-9999,    9
197088,20190805,-9999,    9
197088,20190806,-9999,    9
197088,20190807,-9999,    9
197088,20190808,-9999,    9
197088,20190809,-9999,    9
197088,20190810,-9999,    9
197088,20190811,-9999,    9
197088,20190812,-9999,    9
197088,20190813,-9999,    9
197088,20190814,-9999,    9
197088,20190815,-9999,    9
197088,20190816,-9999,    9
197088,20190817,-9999,    9
197088,20190818,-9999,    9
197088,20190819,-9999,    9
197088,20190820,-9999,    9
197088,20190821,-9999,    9
197088,20190822,-9999,    9
197088,20190823,-9999,    9
197088,20190824,-9999,    9
197088,20190825,-9999,    9
197088,20190826,-9999,    9
197088,20190827,-9999,    9
197088,20190828,-9999,    9
197088,20190829,-9999,    9
197088,20190830,-9999,    9
197088,20190831,-9999,    9
197088,20190901,-9999,    9
197088,20190902,-9999,    9
197088,20190903,-9999,    9
197088,20190904,-9999,    9
197088,20190905,-9999,    9
197088,20190906,-9999,    9
197088,20190907,-9999,    9
197088,20190908,-9999,    9
197088,20190909,-9999,    9
197088,20190910,-9999,    9
197088,20190911,-9999,    9
197088,20190912,-9999,    9
197088,20190913,-9999,    9
197088,20190914,-9999,    9
197088,20190915,-9999,    9
197088,20190916,-9999,    9
197088,20190917,-9999,    9
197088,20190918,-9999,    9
197088,20190919,-9999,    9
197088,20190920,-9999,    9
197088,20190921,-9999,    9
197088,20190922,-9999,    9
197088,20190923,-9999,    9
197088,20190924,-9999,    9
197088,20190925,-9999,    9
197088,20190926,-9999,    9
197088,20190927,-9999,    9
197088,20190928,-9999,    9
197088,20190929,-9999,    9
197088,20190930,-9999,    9
197088,20191001,-9999,    9
197088,20191002,-9999,    9
197088,20191003,-9999,    9
197088,20191004,-9999,    9
197088,20191005,-9999,    9
197088,20191006,-9999,    9
197088,20191007,-9999,    9
197088,20191008,-9999,    9
197088,20191009,-9999,    9
197088,20191010,-9999,    9
197088,20191011,-9999,    9
197088,20191012,-9999,    9
197088,20191013,-9999,    9
197088,20191014,-9999,    9
197088,20191015,-9999,    9
197088,20191016,-9999,    9
197088,20191017,-9999,    9
197088,20191018,-9999,    9
197088,20191019,-9999,    9
197088,20191020,-9999,    9
197088,20191021,-9999,    9
197088,20191022,-9999,    9
197088,20191023,-9999,    9
197088,20191024,-9999,    9
197088,20191025,-9999,    9
197088,20191026,-9999,    9
197088,20191027,-9999,    9
197088,20191028,-9999,    9
197088,20191029,-9999,    9
197088,20191030,-9999,    9
197088,20191031,-9999,    9
197088,20191101,-9999,    9
197088,20191102,-9999,    9
197088,20191103,-9999,    9
197088,20191104,-9999,    9
197088,20191105,-9999,    9
197088,20191106,-9999,    9
197088,20191107,-9999,    9
197088,20191108,-9999,    9
197088,20191109,-9999,    9
197088,20191110,-9999,    9
197088,20191111,-9999,    9
197088,20191112,-9999,    9
197088,20191113,-9999,    9
197088,20191114,-9999,    9
197088,20191115,-9999,    9
197088,20191116,-9999,    9
197088,20191117,-9999,    9
197088,20191118,-9999,    9
197088,20191119,-9999,    9
197088,20191120,-9999,    9
197088,20191121,-9999,    9
197088,20191122,-9999,    9
197088,20191123,-9999,    9
197088,20191124,-9999,    9
197088,20191125,-9999,    9
197088,20191126,-9999,    9
197088,20191127,-9999,    9
197088,20191128,-9999,    9
197088,20191129,-9999,    9
197088,20191130,-9999,    9
197088,20191201,-9999,    9
197088,20191202,-9999,    9
197088,20191203,-9999,    9
197088,20191204,-9999,    9
197088,20191205,-9999,    9
197088,20191206,-9999,    9
197088,20191207,-9999,    9
197088,20191208,-9999,    9
197088,20191209,-9999,    9
197088,20191210,-9999,    9
197088,20191211,-9999,    9
197088,20191212,-9999,    9
197088,20191213,-9999,    9
197088,20191214,-9999,    9
197088,20191215,-9999,    9
197088,20191216,-9999,    9
197088,20191217,-9999,    9
197088,20191218,-9999,    9
197088,20191219,-9999,    9
197088,20191220,-9999,    9
197088,20191221,-9999,    9
197088,20191222,-9999,    9
197088,20191223,-9999,    9
197088,20191224,-9999,    9
197088,20191225,-9999,    9
197088,20191226,-9999,    9
197088,20191227,-9999,    9
197088,20191228,-9999,    9
197088,20191229,-9999,    9
197088,20191230,-9999,    9
197088,20191231,    7,    0
197088,20200101,   16,    0
197088,20200102,   11,    0
197088,20200103,   39,    0
197088,20200104,   52,    0
197088,20200105,   22,    0
197088,20200106,    5,    0
197088,20200107,    0,    0
197088,20200108,    6,    0
197088,20200109,   48,    0
197088,20200110,   68,    0
197088,20200111,   44,    0
197088,20200112,   31,    0
197088,20200113,    3,    0
197088,20200114,   19,    0
197088,20200115,   49,    0
197088,20200116,   33,    0
197088,20200117,   43,    0
197088,20200118,   58,    0
197088,20200119,   42,    0
197088,20200120,   25,    0
197088,20200121,   22,    0
197088,20200122,   22,    0
197088,20200123,   19,    0
197088,20200124,   19,    0
197088,20200125,   47,    0
197088,20200126,   59,    0
197088,20200127,   78,    0
197088,20200128,  122,    0
197088,20200129,  111,    0
197088,20200130,   92,    0
197088,20200131,-9999,    9
197088,20200201,-9999,    9
197088,20200202,-9999,    9
197088,20200203,-9999,    9
197088,20200204,-9999,    9
197088,20200205,-9999,    9
197088,20200206,-9999,    9
197088,20200207,-9999,    9
197088,20200208,-9999,    9
197088,20200209,-9999,    9
197088,20200210,-9999,    9
197088,20200211,-9999,    9
197088,20200212,-9999,    9
197088,20200213,-9999,    9
197088,20200214,-9999,    9
197088,20200215,-9999,    9
197088,20200216,-9999,    9
197088,20200217,-9999,    9
197088,20200218,-9999,    9
197088,20200219,-9999,    9
197088,20200220,-9999,    9
197088,20200221,-9999,    9
197088,20200222,-9999,    9
197088,20200223,-9999,    9
197088,20200224,-9999,    9
197088,20200225,-9999,    9
197088,20200226,-9999,    9
197088,20200227,-9999,    9
197088,20200228,-9999,    9
197088,20200229,-9999,    9
197088,20200301,-9999,    9
197088,20200302,-9999,    9
197088,20200303,-9999,    9
197088,20200304,-9999,    9
197088,20200305,-9999,    9
197088,20200306,-9999,    9
197088,20200307,-9999,    9
197088,20200308,-9999,    9
197088,20200309,-9999,    9
197088,20200310,-9999,    9
197088,20200311,-9999,    9
197088,20200312,-9999,    9
197088,20200313,-9999,    9
197088,20200314,-9999,    9
197088,20200315,-9999,    9
197088,20200316,-9999,    9
197088,20200317,-9999,    9
197088,20200318,-9999,    9
197088,20200319,-9999,    9
197088,20200320,-9999,    9
197088,20200321,-9999,    9
197088,20200322,-9999,    9
197088,20200323,-9999,    9
197088,20200324,-9999,    9
197088,20200325,-9999,    9
197088,20200326,-9999,    9
197088,20200327,-9999,    9
197088,20200328,-9999,    9
197088,20200329,-9999,    9
197088,20200330,-9999,    9
197088,20200331,-9999,    9
197088,20200401,-9999,    9
197088,20200402,-9999,    9
197088,20200403,-9999,    9
197088,20200404,-9999,    9
197088,20200405,-9999,    9
197088,20200406,-9999,    9
197088,20200407,-9999,    9
197088,20200408,-9999,    9
197088,20200409,-9999,    9
197088,20200410,-9999,    9
197088,20200411,-9999,    9
197088,20200412,-9999,    9
197088,20200413,-9999,    9
197088,20200414,-9999,    9
197088,20200415,-9999,    9
197088,20200416,-9999,    9
197088,20200417,-9999,    9
197088,20200418,-9999,    9
197088,20200419,-9999,    9
197088,20200420,-9999,    9
197088,20200421,-9999,    9
197088,20200422,-9999,    9
197088,20200423,-9999,    9
197088,20200424,-9999,    9
197088,20200425,-9999,    9
197088,20200426,-9999,    9
197088,20200427,-9999,    9
197088,20200428,-9999,    9
197088,20200429,-9999,    9
197088,20200430,  163,    0
197088,20200501,  169,    0
197088,20200502,  187,    0
197088,20200503,  139,    0
197088,20200504,  135,    0
197088,20200505,  180,    0
197088,20200506,  135,    0
197088,20200507,  130,    0
197088,20200508,  165,    0
197088,20200509,  184,    0
197088,20200510,  191,    0
197088,20200511,  173,    0
197088,20200512,  175,    0
197088,20200513,  170,    0
197088,20200514,  179,    0
197088,20200515,  184,    0
197088,20200516,  161,    0
197088,20200517,  185,    0
197088,20200518,  170,    0
197088,20200519,  179,    0
197088,20200520,  159,    0
197088,20200521,  162,    0
197088,20200522,  191,    0
197088,20200523,  214,    0
197088,20200524,  178,    0
197088,20200525,  163,    0
197088,20200526,  156,    0
197088,20200527,  141,    0
197088,20200528,  165,    0
197088,20200529,  128,    0
197088,20200530,  141,    0
197088,20200531,  152,    0
197088,20200601,  164,    0
197088,20200602,  185,    0
197088,20200603,  195,    0
197088,20200604,  183,    0
197088,20200605,  191,    0
197088,20200606,  200,    0
197088,20200607,  204,    0
197088,20200608,  181,    0
197088,20200609,  175,    0
197088,20200610,  166,    0
197088,20200611,  162,    0
197088,20200612,  179,    0
197088,20200613,  190,    0
197088,20200614,  185,    0
197088,20200615,  176,    0
197088,20200616,  189,    0
197088,20200617,  198,    0
197088,20200618,  206,    0
197088,20200619,  199,    0
197088,20200620,  189,    0
197088,20200621,  205,    0
197088,20200622,  218,    0
197088,20200623,  225,    0
197088,20200624,  219,    0
197088,20200625,  220,    0
197088,20200626,  227,    0
197088,20200627,  238,    0
197088,20200628,  248,    0
197088,20200629,  255,    0
197088,20200630,  263,    0
197088,20200701,  253,    0
197088,20200702,  261,    0
197088,20200703,  228,    0
197088,20200704,  223,    0
197088,20200705,  218,    0
197088,20200706,  239,    0
197088,20200707,  185,    0
197088,20200708,  191,    0
197088,20200709,  219,    0
197088,20200710,  245,    0
197088,20200711,  244,    0
197088,20200712,  204,    0
197088,20200713,  182,    0
197088,20200714,  181,    0
197088,20200715,  181,    0
197088,20200716,  209,    0
197088,20200717,  196,    0
197088,20200718,  200,    0
197088,20200719,  209,    0
197088,20200720,  237,    0
197088,20200721,  250,    0
197088,20200722,  252,    0
197088,20200723,  245,    0
197088,20200724,  188,    0
197088,20200725,  216,    0
197088,20200726,  232,    0
197088,20200727,  240,    0
197088,20200728,  249,    0
197088,20200729,  281,    0
197088,20200730,  277,    0
197088,20200731,  262,    0
197088,20200801,  267,    0
197088,20200802,  256,    0
197088,20200803,  239,    0
197088,20200804,  179,    0
197088,20200805,  187,    0
197088,20200806,  199,    0
197088,20200807,  218,    0
197088,20200808,  231,    0
197088,20200809,  242,    0
197088,20200810,  245,    0
197088,20200811,  249,    0
197088,20200812,  249,    0
197088,20200813,  254,    0
197088,20200814,  256,    0
197088,20200815,  224,    0
197088,20200816,  237,    0
197088,20200817,  242,    0
197088,20200818,  228,    0
197088,20200819,  225,    0
197088,20200820,  235,    0
197088,20200821,  247,    0
197088,20200822,  264,    0
197088,20200823,  250,    0
197088,20200824,  234,    0
197088,20200825,  225,    0
197088,20200826,  244,    0
197088,20200827,  251,    0
197088,20200828,  256,    0
197088,20200829,  274,    0
197088,20200830,  211,    0
197088,20200831,  161,    0
197088,20200901,  170,    0
197088,20200902,  179,    0
197088,20200903,  184,    0
197088,20200904,  190,    0
197088,20200905,  204,    0
197088,20200906,  207,    0
197088,20200907,  208,    0
197088,20200908,  201,    0
197088,20200909,  202,    0
197088,20200910,  213,    0
197088,20200911,  213,    0
197088,20200912,  201,    0
197088,20200913,  204,    0
197088,20200914,  200,    0
197088,20200915,  206,    0
197088,20200916,  208,    0
197088,20200917,  204,    0
197088,20200918,  196,    0
197088,20200919,  185,    0
197088,20200920,  182,    0
197088,20200921,  184,    0
197088,20200922,  183,    0
197088,20200923,  184,    0
197088,20200924,  191,    0
197088,20200925,  168,    0
197088,20200926,  133,    0
197088,20200927,  112,    0
197088,20200928,  125,    0
197088,20200929,  138,    0
197088,20200930,  146,    0
197088,20201001,  157,    0
197088,20201002,  191,    0
197088,20201003,  160,    0
197088,20201004,  150,    0
197088,20201005,  146,    0
197088,20201006,  166,    0
197088,20201007,  152,    0
197088,20201008,  123,    0
197088,20201009,  131,    0
197088,20201010,  142,    0
197088,20201011,  110,    0
197088,20201012,   84,    0
197088,20201013,   85,    0
197088,20201014,  116,    0
197088,20201015,  116,    0
197088,20201016,   95,    0
197088,20201017,   88,    0
197088,20201018,   92,    0
197088,20201019,   90,    0
197088,20201020,   95,    0
197088,20201021,  101,    0
197088,20201022,  114,    0
197088,20201023,  153,    0
197088,20201024,  134,    0
197088,20201025,  137,    0
197088,20201026,  154,    0
197088,20201027,  108,    0
197088,20201028,   82,    0
197088,20201029,  103,    0
197088,20201030,  110,    0
197088,20201031,  108,    0
197088,20201101,  113,    0
197088,20201102,  124,    0
197088,20201103,  132,    0
197088,20201104,  130,    0
197088,20201105,  121,    0
197088,20201106,   86,    0
197088,20201107,   84,    0
197088,20201108,   89,    0
197088,20201109,   96,    0
197088,20201110,   92,    0
197088,20201111,   98,    0
197088,20201112,  107,    0
197088,20201113,  117,    0
197088,20201114,  111,    0
197088,20201115,  110,    0
197088,20201116,  105,    0
197088,20201117,   87,    0
197088,20201118,   62,    0
197088,20201119,   55,    0
197088,20201120,   71,    0
197088,20201121,   47,    0
197088,20201122,    2,    0
197088,20201123,   13,    0
197088,20201124,   36,    0
197088,20201125,   42,    0
197088,20201126,   39,    0
197088,20201127,   52,    0
197088,20201128,   60,    0
197088,20201129,   67,    0
197088,20201130,   40,    0
197088,20201201,   34,    0
197088,20201202,   26,    0
197088,20201203,   27,    0
197088,20201204,   75,    0
197088,20201205,  100,    0
197088,20201206,   73,    0
197088,20201207,   51,    0
197088,20201208,   55,    0
197088,20201209,   57,    0
197088,20201210,   54,    0
197088,20201211,   65,    0
197088,20201212,   53,    0
197088,20201213,   37,    0
197088,20201214,   20,    0
197088,20201215,   30,    0
197088,20201216,   56,    0
197088,20201217,   69,    0
197088,20201218,   77,    0
197088,20201219,   64,    0
197088,20201220,   66,    0
197088,20201221,   66,    0
197088,20201222,   81,    0
197088,20201223,   91,    0
197088,20201224,  137,    0
197088,20201225,   80,    0
197088,20201226,   32,    0
197088,20201227,   11,    0
197088,20201228,   58,    0
197088,20201229,   76,    0
197088,20201230,   30,    0
197088,20201231,   40,    0
197088,20210101,   45,    0
197088,20210102,   49,    0
197088,20210103,   49,    0
197088,20210104,   32,    0
197088,20210105,   29,    0
197088,20210106,   42,    0
197088,20210107,   25,    0
197088,20210108,   17,    0
197088,20210109,   12,    0
197088,20210110,    7,    0
197088,20210111,    1,    0
197088,20210112,    9,    0
197088,20210113,   19,    0
197088,20210114,   45,    0
197088,20210115,   19,    0
197088,20210116,   -6,    0
197088,20210117,   13,    0
197088,20210118,   -3,    0
197088,20210119,   28,    0
197088,20210120,   42,    0
197088,20210121,   32,    0
197088,20210122,  123,    0
197088,20210123,   85,    0
197088,20210124,   39,    0
197088,20210125,   29,    0
197088,20210126,    2,    0
197088,20210127,   -1,    0
197088,20210128,   21,    0
197088,20210129,   58,    0
197088,20210130,  103,    0
197088,20210131,   67,    0
197088,20210201,   57,    0
197088,20210202,   56,    0
197088,20210203,   68,    0
197088,20210204,   71,    0
197088,20210205,   71,    0
197088,20210206,   78,    0
197088,20210207,   91,    0
197088,20210208,   97,    0
197088,20210209,  101,    0
197088,20210210,   99,    0
197088,20210211,   65,    0
197088,20210212,   21,    0
197088,20210213,  -25,    0
197088,20210214,  -18,    0
197088,20210215,  -13,    0
197088,20210216,   45,    0
197088,20210217,   73,    0
197088,20210218,   87,    0
197088,20210219,   95,    0
197088,20210220,   85,    0
197088,20210221,   59,    0
197088,20210222,   63,    0
197088,20210223,   77,    0
197088,20210224,   86,    0
197088,20210225,   89,    0
197088,20210226,   86,    0
197088,20210227,   78,    0
197088,20210228,   45,    0
197088,20210301,   35,    0
197088,20210302,   47,    0
197088,20210303,   57,    0
197088,20210304,   91,    0
197088,20210305,  108,    0
197088,20210306,   45,    0
197088,20210307,   27,    0
197088,20210308,   52,    0
197088,20210309,   60,    0
197088,20210310,   39,    0
197088,20210311,   89,    0
197088,20210312,  133,    0
197088,20210313,  111,    0
197088,20210314,   77,    0
197088,20210315,   58,    0
197088,20210316,   60,    0
197088,20210317,   44,    0
197088,20210318,   27,    0
197088,20210319,   17,    0
197088,20210320,   22,    0
197088,20210321,   32,    0
197088,20210322,   52,    0
197088,20210323,   49,    0
197088,20210324,   63,    0
197088,20210325,   98,    0
197088,20210326,  121,    0
197088,20210327,  131,    0
197088,20210328,  114,    0
197088,20210329,  114,    0
197088,20210330,  123,    0
197088,20210331,-9999,    9
