EUROPEAN CLIMATE ASSESSMENT & DATASET (ECA&D), file created on 12-05-2021
THESE DATA CAN BE USED FREELY PROVIDED THAT THE FOLLOWING SOURCE IS ACKNOWLEDGED:

Klein Tank, A.M.G. and Coauthors, 2002. Daily dataset of 20th-century surface
air temperature and precipitation series for the European Climate Assessment.
Int. J. of Climatol., 22, 1441-1453.
Data and metadata available at http://www.ecad.eu

FILE FORMAT (MISSING VALUE CODE IS -9999):

01-06 SOUID: Source identifier
08-15 DATE : Date YYYYMMDD
17-21 TG   : mean temperature in 0.1 &#176;C
23-27 Q_TG : Quality code for TG (0='valid'; 1='suspect'; 9='missing')

This is the blended series of station ITALY, BOLOGNA_IDROGRAFICO (STAID: 17536).
Blended and updated with sources: 194360 
See file sources.txt and stations.txt for more info.

 SOUID,    DATE,   TG, Q_TG
194360,20150901,-9999,    9
194360,20150902,-9999,    9
194360,20150903,-9999,    9
194360,20150904,-9999,    9
194360,20150905,-9999,    9
194360,20150906,-9999,    9
194360,20150907,-9999,    9
194360,20150908,-9999,    9
194360,20150909,-9999,    9
194360,20150910,-9999,    9
194360,20150911,-9999,    9
194360,20150912,-9999,    9
194360,20150913,-9999,    9
194360,20150914,-9999,    9
194360,20150915,-9999,    9
194360,20150916,-9999,    9
194360,20150917,-9999,    9
194360,20150918,-9999,    9
194360,20150919,-9999,    9
194360,20150920,-9999,    9
194360,20150921,-9999,    9
194360,20150922,-9999,    9
194360,20150923,-9999,    9
194360,20150924,  172,    0
194360,20150925,  187,    0
194360,20150926,  188,    0
194360,20150927,  176,    0
194360,20150928,  171,    0
194360,20150929,  164,    0
194360,20150930,  148,    0
194360,20151001,  120,    0
194360,20151002,  128,    0
194360,20151003,  167,    0
194360,20151004,  192,    0
194360,20151005,  187,    0
194360,20151006,  164,    0
194360,20151007,  181,    0
194360,20151008,  184,    0
194360,20151009,  174,    0
194360,20151010,  148,    0
194360,20151011,  169,    0
194360,20151012,  181,    0
194360,20151013,  153,    0
194360,20151014,  153,    0
194360,20151015,  157,    0
194360,20151016,  127,    0
194360,20151017,  125,    0
194360,20151018,  121,    0
194360,20151019,  130,    0
194360,20151020,  128,    0
194360,20151021,  117,    0
194360,20151022,  116,    0
194360,20151023,  124,    0
194360,20151024,  136,    0
194360,20151025,  137,    0
194360,20151026,  136,    0
194360,20151027,  135,    0
194360,20151028,  122,    0
194360,20151029,  131,    0
194360,20151030,  145,    0
194360,20151031,  128,    0
194360,20151101,  119,    0
194360,20151102,  114,    0
194360,20151103,  123,    0
194360,20151104,  135,    0
194360,20151105,  147,    0
194360,20151106,  151,    0
194360,20151107,  157,    0
194360,20151108,  158,    0
194360,20151109,  165,    0
194360,20151110,  160,    0
194360,20151111,  138,    0
194360,20151112,  147,    0
194360,20151113,  109,    0
194360,20151114,  107,    0
194360,20151115,  104,    0
194360,20151116,  104,    0
194360,20151117,  102,    0
194360,20151118,  101,    0
194360,20151119,  116,    0
194360,20151120,  106,    0
194360,20151121,   84,    0
194360,20151122,   72,    0
194360,20151123,   50,    0
194360,20151124,   59,    0
194360,20151125,   42,    0
194360,20151126,   50,    0
194360,20151127,   69,    0
194360,20151128,   54,    0
194360,20151129,   54,    0
194360,20151130,   76,    0
194360,20151201,   77,    0
194360,20151202,   75,    0
194360,20151203,   50,    0
194360,20151204,   40,    0
194360,20151205,   57,    0
194360,20151206,   54,    0
194360,20151207,   75,    0
194360,20151208,   86,    0
194360,20151209,   34,    0
194360,20151210,   42,    0
194360,20151211,   30,    0
194360,20151212,   35,    0
194360,20151213,   39,    0
194360,20151214,   68,    0
194360,20151215,   82,    0
194360,20151216,   82,    0
194360,20151217,   87,    0
194360,20151218,   89,    0
194360,20151219,   90,    0
194360,20151220,   87,    0
194360,20151221,   65,    0
194360,20151222,   79,    0
194360,20151223,   60,    0
194360,20151224,   72,    0
194360,20151225,   83,    0
194360,20151226,   61,    0
194360,20151227,   43,    0
194360,20151228,   29,    0
194360,20151229,   48,    0
194360,20151230,   42,    0
194360,20151231,   50,    0
194360,20160101,   32,    0
194360,20160102,   16,    0
194360,20160103,   28,    0
194360,20160104,   24,    0
194360,20160105,   34,    0
194360,20160106,   47,    0
194360,20160107,   56,    0
194360,20160108,   57,    0
194360,20160109,   55,    0
194360,20160110,   70,    0
194360,20160111,  126,    0
194360,20160112,  126,    0
194360,20160113,  111,    0
194360,20160114,   50,    0
194360,20160115,   59,    0
194360,20160116,   48,    0
194360,20160117,   46,    0
194360,20160118,   31,    0
194360,20160119,   16,    0
194360,20160120,   18,    0
194360,20160121,   25,    0
194360,20160122,   32,    0
194360,20160123,   38,    0
194360,20160124,   50,    0
194360,20160125,   82,    0
194360,20160126,  107,    0
194360,20160127,   99,    0
194360,20160128,   99,    0
194360,20160129,  104,    0
194360,20160130,   89,    0
194360,20160131,   77,    0
194360,20160201,   71,    0
194360,20160202,   72,    0
194360,20160203,   74,    0
194360,20160204,   87,    0
194360,20160205,   80,    0
194360,20160206,   74,    0
194360,20160207,  110,    0
194360,20160208,   86,    0
194360,20160209,  114,    0
194360,20160210,  102,    0
194360,20160211,   78,    0
194360,20160212,   67,    0
194360,20160213,   62,    0
194360,20160214,   58,    0
194360,20160215,   66,    0
194360,20160216,   65,    0
194360,20160217,   70,    0
194360,20160218,   89,    0
194360,20160219,  100,    0
194360,20160220,   93,    0
194360,20160221,  115,    0
194360,20160222,  101,    0
194360,20160223,  112,    0
194360,20160224,   94,    0
194360,20160225,   75,    0
194360,20160226,   76,    0
194360,20160227,   70,    0
194360,20160228,  102,    0
194360,20160229,  101,    0
194360,20160301,  105,    0
194360,20160302,  122,    0
194360,20160303,   52,    0
194360,20160304,   97,    0
194360,20160305,  104,    0
194360,20160306,   53,    0
194360,20160307,   58,    0
194360,20160308,   57,    0
194360,20160309,   54,    0
194360,20160310,   93,    0
194360,20160311,   93,    0
194360,20160312,  109,    0
194360,20160313,  103,    0
194360,20160314,  100,    0
194360,20160315,   97,    0
194360,20160316,   77,    0
194360,20160317,   90,    0
194360,20160318,  120,    0
194360,20160319,  143,    0
194360,20160320,  147,    0
194360,20160321,  134,    0
194360,20160322,  109,    0
194360,20160323,  102,    0
194360,20160324,  108,    0
194360,20160325,  125,    0
194360,20160326,  127,    0
194360,20160327,  133,    0
194360,20160328,  142,    0
194360,20160329,  165,    0
194360,20160330,  175,    0
194360,20160331,  148,    0
194360,20160401,  151,    0
194360,20160402,  143,    0
194360,20160403,  152,    0
194360,20160404,  140,    0
194360,20160405,  160,    0
194360,20160406,  173,    0
194360,20160407,  132,    0
194360,20160408,  140,    0
194360,20160409,  138,    0
194360,20160410,  161,    0
194360,20160411,  180,    0
194360,20160412,  190,    0
194360,20160413,  184,    0
194360,20160414,  177,    0
194360,20160415,  181,    0
194360,20160416,  202,    0
194360,20160417,  202,    0
194360,20160418,  192,    0
194360,20160419,  157,    0
194360,20160420,  159,    0
194360,20160421,  160,    0
194360,20160422,  181,    0
194360,20160423,  158,    0
194360,20160424,  113,    0
194360,20160425,  113,    0
194360,20160426,  133,    0
194360,20160427,  157,    0
194360,20160428,  122,    0
194360,20160429,  139,    0
194360,20160430,  143,    0
194360,20160501,  127,    0
194360,20160502,  129,    0
194360,20160503,  179,    0
194360,20160504,  179,    0
194360,20160505,  161,    0
194360,20160506,  179,    0
194360,20160507,  182,    0
194360,20160508,  187,    0
194360,20160509,  179,    0
194360,20160510,  191,    0
194360,20160511,  173,    0
194360,20160512,  171,    0
194360,20160513,  171,    0
194360,20160514,  182,    0
194360,20160515,  161,    0
194360,20160516,  151,    0
194360,20160517,  168,    0
194360,20160518,  186,    0
194360,20160519,  151,    0
194360,20160520,  182,    0
194360,20160521,  216,    0
194360,20160522,  224,    0
194360,20160523,  184,    0
194360,20160524,  187,    0
194360,20160525,  203,    0
194360,20160526,  222,    0
194360,20160527,  229,    0
194360,20160528,  237,    0
194360,20160529,  200,    0
194360,20160530,  211,    0
194360,20160531,  207,    0
194360,20160601,  196,    0
194360,20160602,  194,    0
194360,20160603,  197,    0
194360,20160604,  201,    0
194360,20160605,  217,    0
194360,20160606,  212,    0
194360,20160607,  238,    0
194360,20160608,  228,    0
194360,20160609,  182,    0
194360,20160610,  202,    0
194360,20160611,  229,    0
194360,20160612,  198,    0
194360,20160613,  220,    0
194360,20160614,  210,    0
194360,20160615,  219,    0
194360,20160616,  242,    0
194360,20160617,  225,    0
194360,20160618,  212,    0
194360,20160619,  184,    0
194360,20160620,  220,    0
194360,20160621,  245,    0
194360,20160622,  259,    0
194360,20160623,  278,    0
194360,20160624,  291,    0
194360,20160625,  294,    0
194360,20160626,  280,    0
194360,20160627,  252,    0
194360,20160628,  257,    0
194360,20160629,  265,    0
194360,20160630,  275,    0
194360,20160701,  272,    0
194360,20160702,  275,    0
194360,20160703,  264,    0
194360,20160704,  255,    0
194360,20160705,  265,    0
194360,20160706,  274,    0
194360,20160707,  271,    0
194360,20160708,  275,    0
194360,20160709,  288,    0
194360,20160710,  294,    0
194360,20160711,  304,    0
194360,20160712,  300,    0
194360,20160713,  272,    0
194360,20160714,  234,    0
194360,20160715,  209,    0
194360,20160716,  229,    0
194360,20160717,  258,    0
194360,20160718,  281,    0
194360,20160719,  282,    0
194360,20160720,  288,    0
194360,20160721,  290,    0
194360,20160722,  285,    0
194360,20160723,  257,    0
194360,20160724,  255,    0
194360,20160725,  264,    0
194360,20160726,  277,    0
194360,20160727,  270,    0
194360,20160728,  259,    0
194360,20160729,  280,    0
194360,20160730,  292,    0
194360,20160731,  281,    0
194360,20160801,  249,    0
194360,20160802,  260,    0
194360,20160803,  277,    0
194360,20160804,  289,    0
194360,20160805,  245,    0
194360,20160806,  231,    0
194360,20160807,  249,    0
194360,20160808,  251,    0
194360,20160809,  271,    0
194360,20160810,  214,    0
194360,20160811,  207,    0
194360,20160812,  216,    0
194360,20160813,  237,    0
194360,20160814,  259,    0
194360,20160815,  271,    0
194360,20160816,  268,    0
194360,20160817,  264,    0
194360,20160818,  247,    0
194360,20160819,  255,    0
194360,20160820,  256,    0
194360,20160821,  248,    0
194360,20160822,  226,    0
194360,20160823,  236,    0
194360,20160824,  246,    0
194360,20160825,  246,    0
194360,20160826,  245,    0
194360,20160827,  257,    0
194360,20160828,  275,    0
194360,20160829,  282,    0
194360,20160830,  245,    0
194360,20160831,  253,    0
194360,20160901,  261,    0
194360,20160902,  271,    0
194360,20160903,  269,    0
194360,20160904,  275,    0
194360,20160905,  247,    0
194360,20160906,  213,    0
194360,20160907,  214,    0
194360,20160908,  234,    0
194360,20160909,  250,    0
194360,20160910,  249,    0
194360,20160911,  252,    0
194360,20160912,  253,    0
194360,20160913,  259,    0
194360,20160914,  259,    0
194360,20160915,  239,    0
194360,20160916,  191,    0
194360,20160917,  211,    0
194360,20160918,  190,    0
194360,20160919,  210,    0
194360,20160920,  220,    0
194360,20160921,  187,    0
194360,20160922,  189,    0
194360,20160923,  191,    0
194360,20160924,  194,    0
194360,20160925,  198,    0
194360,20160926,  199,    0
194360,20160927,  199,    0
194360,20160928,  204,    0
194360,20160929,  211,    0
194360,20160930,  220,    0
194360,20161001,  215,    0
194360,20161002,  197,    0
194360,20161003,  189,    0
194360,20161004,  171,    0
194360,20161005,  160,    0
194360,20161006,  133,    0
194360,20161007,  143,    0
194360,20161008,  131,    0
194360,20161009,  128,    0
194360,20161010,  115,    0
194360,20161011,  111,    0
194360,20161012,  129,    0
194360,20161013,  112,    0
194360,20161014,  124,    0
194360,20161015,  142,    0
194360,20161016,  159,    0
194360,20161017,  158,    0
194360,20161018,  160,    0
194360,20161019,  157,    0
194360,20161020,  127,    0
194360,20161021,  125,    0
194360,20161022,  126,    0
194360,20161023,  126,    0
194360,20161024,  125,    0
194360,20161025,  136,    0
194360,20161026,  146,    0
194360,20161027,  153,    0
194360,20161028,  139,    0
194360,20161029,  135,    0
194360,20161030,  135,    0
194360,20161031,  116,    0
194360,20161101,  131,    0
194360,20161102,  122,    0
194360,20161103,  122,    0
194360,20161104,  115,    0
194360,20161105,  102,    0
194360,20161106,  112,    0
194360,20161107,  123,    0
194360,20161108,   86,    0
194360,20161109,   91,    0
194360,20161110,   83,    0
194360,20161111,   71,    0
194360,20161112,   97,    0
194360,20161113,   89,    0
194360,20161114,   63,    0
194360,20161115,   62,    0
194360,20161116,   67,    0
194360,20161117,   83,    0
194360,20161118,   84,    0
194360,20161119,   87,    0
194360,20161120,   75,    0
194360,20161121,  100,    0
194360,20161122,  120,    0
194360,20161123,  130,    0
194360,20161124,  123,    0
194360,20161125,  138,    0
194360,20161126,  133,    0
194360,20161127,  110,    0
194360,20161128,   78,    0
194360,20161129,   48,    0
194360,20161130,   52,    0
194360,20161201,   71,    0
194360,20161202,   82,    0
194360,20161203,   67,    0
194360,20161204,   76,    0
194360,20161205,   78,    0
194360,20161206,   78,    0
194360,20161207,   37,    0
194360,20161208,   38,    0
194360,20161209,   22,    0
194360,20161210,   29,    0
194360,20161211,   21,    0
194360,20161212,   40,    0
194360,20161213,   11,    0
194360,20161214,    9,    0
194360,20161215,    8,    0
194360,20161216,   36,    0
194360,20161217,   46,    0
194360,20161218,    0,    0
194360,20161219,    6,    0
194360,20161220,   50,    0
194360,20161221,   78,    0
194360,20161222,   83,    0
194360,20161223,   74,    0
194360,20161224,   80,    0
194360,20161225,   76,    0
194360,20161226,   91,    0
194360,20161227,   99,    0
194360,20161228,   92,    0
194360,20161229,   60,    0
194360,20161230,   43,    0
194360,20161231,   45,    0
194360,20170101,   47,    0
194360,20170102,   47,    0
194360,20170103,   48,    0
194360,20170104,   46,    0
194360,20170105,   45,    0
194360,20170106,   11,    0
194360,20170107,    1,    0
194360,20170108,   -5,    0
194360,20170109,    6,    0
194360,20170110,   -5,    0
194360,20170111,    6,    0
194360,20170112,    2,    0
194360,20170113,   12,    0
194360,20170114,   50,    0
194360,20170115,   21,    0
194360,20170116,   19,    0
194360,20170117,   33,    0
194360,20170118,   31,    0
194360,20170119,   33,    0
194360,20170120,   26,    0
194360,20170121,   24,    0
194360,20170122,   37,    0
194360,20170123,   50,    0
194360,20170124,   72,    0
194360,20170125,   36,    0
194360,20170126,   23,    0
194360,20170127,   29,    0
194360,20170128,   27,    0
194360,20170129,   40,    0
194360,20170130,   43,    0
194360,20170131,   41,    0
194360,20170201,   54,    0
194360,20170202,   54,    0
194360,20170203,   72,    0
194360,20170204,   76,    0
194360,20170205,   56,    0
194360,20170206,   65,    0
194360,20170207,   91,    0
194360,20170208,   65,    0
194360,20170209,   41,    0
194360,20170210,   51,    0
194360,20170211,   63,    0
194360,20170212,   75,    0
194360,20170213,   77,    0
194360,20170214,   81,    0
194360,20170215,   96,    0
194360,20170216,  113,    0
194360,20170217,  112,    0
194360,20170218,   92,    0
194360,20170219,   59,    0
194360,20170220,   66,    0
194360,20170221,   79,    0
194360,20170222,   74,    0
194360,20170223,   79,    0
194360,20170224,   69,    0
194360,20170225,   83,    0
194360,20170226,   87,    0
194360,20170227,   92,    0
194360,20170228,  137,    0
194360,20170301,  137,    0
194360,20170302,  120,    0
194360,20170303,  108,    0
194360,20170304,  102,    0
194360,20170305,  121,    0
194360,20170306,  123,    0
194360,20170307,  117,    0
194360,20170308,  121,    0
194360,20170309,  133,    0
194360,20170310,  149,    0
194360,20170311,  118,    0
194360,20170312,  103,    0
194360,20170313,   99,    0
194360,20170314,  132,    0
194360,20170315,  137,    0
194360,20170316,  137,    0
194360,20170317,  156,    0
194360,20170318,  162,    0
194360,20170319,  146,    0
194360,20170320,  131,    0
194360,20170321,  129,    0
194360,20170322,  139,    0
194360,20170323,  149,    0
194360,20170324,  160,    0
194360,20170325,  162,    0
194360,20170326,  131,    0
194360,20170327,  111,    0
194360,20170328,  138,    0
194360,20170329,  170,    0
194360,20170330,  193,    0
194360,20170331,  186,    0
194360,20170401,  174,    0
194360,20170402,  147,    0
194360,20170403,  173,    0
194360,20170404,  186,    0
194360,20170405,  136,    0
194360,20170406,  150,    0
194360,20170407,  151,    0
194360,20170408,  162,    0
194360,20170409,  171,    0
194360,20170410,  189,    0
194360,20170411,  177,    0
194360,20170412,  168,    0
194360,20170413,  196,    0
194360,20170414,  191,    0
194360,20170415,  173,    0
194360,20170416,  171,    0
194360,20170417,  142,    0
194360,20170418,   92,    0
194360,20170419,  100,    0
194360,20170420,  106,    0
194360,20170421,  115,    0
194360,20170422,  150,    0
194360,20170423,  156,    0
194360,20170424,  156,    0
194360,20170425,  176,    0
194360,20170426,  173,    0
194360,20170427,  170,    0
194360,20170428,  141,    0
194360,20170429,  125,    0
194360,20170430,  141,    0
194360,20170501,  141,    0
194360,20170502,  155,    0
194360,20170503,  151,    0
194360,20170504,  146,    0
194360,20170505,  164,    0
194360,20170506,  144,    0
194360,20170507,  132,    0
194360,20170508,  158,    0
194360,20170509,  149,    0
194360,20170510,  154,    0
194360,20170511,  167,    0
194360,20170512,  185,    0
194360,20170513,  211,    0
194360,20170514,  213,    0
194360,20170515,  199,    0
194360,20170516,  214,    0
194360,20170517,  222,    0
194360,20170518,  219,    0
194360,20170519,  220,    0
194360,20170520,  182,    0
194360,20170521,  210,    0
194360,20170522,  230,    0
194360,20170523,  246,    0
194360,20170524,  247,    0
194360,20170525,  212,    0
194360,20170526,  215,    0
194360,20170527,  236,    0
194360,20170528,  249,    0
194360,20170529,  246,    0
194360,20170530,  263,    0
194360,20170531,  266,    0
194360,20170601,  260,    0
194360,20170602,  257,    0
194360,20170603,  266,    0
194360,20170604,  255,    0
194360,20170605,  241,    0
194360,20170606,  230,    0
194360,20170607,  233,    0
194360,20170608,  214,    0
194360,20170609,  236,    0
194360,20170610,  254,    0
194360,20170611,  256,    0
194360,20170612,  265,    0
194360,20170613,  283,    0
194360,20170614,  274,    0
194360,20170615,  252,    0
194360,20170616,  279,    0
194360,20170617,  263,    0
194360,20170618,  244,    0
194360,20170619,  257,    0
194360,20170620,  281,    0
194360,20170621,  293,    0
194360,20170622,  298,    0
194360,20170623,  302,    0
194360,20170624,  301,    0
194360,20170625,  273,    0
194360,20170626,  264,    0
194360,20170627,  259,    0
194360,20170628,  243,    0
194360,20170629,  241,    0
194360,20170630,  228,    0
194360,20170701,  230,    0
194360,20170702,  235,    0
194360,20170703,  265,    0
194360,20170704,  259,    0
194360,20170705,  275,    0
194360,20170706,  296,    0
194360,20170707,  307,    0
194360,20170708,  306,    0
194360,20170709,  302,    0
194360,20170710,  294,    0
194360,20170711,  264,    0
194360,20170712,  274,    0
194360,20170713,  283,    0
194360,20170714,  248,    0
194360,20170715,  251,    0
194360,20170716,  242,    0
194360,20170717,  248,    0
194360,20170718,  268,    0
194360,20170719,  286,    0
194360,20170720,  288,    0
194360,20170721,  286,    0
194360,20170722,  291,    0
194360,20170723,  297,    0
194360,20170724,  269,    0
194360,20170725,  249,    0
194360,20170726,  248,    0
194360,20170727,  263,    0
194360,20170728,  280,    0
194360,20170729,  280,    0
194360,20170730,  274,    0
194360,20170731,  289,    0
194360,20170801,  308,    0
194360,20170802,  331,    0
194360,20170803,  337,    0
194360,20170804,  345,    0
194360,20170805,  332,    0
194360,20170806,  287,    0
194360,20170807,  259,    0
194360,20170808,  272,    0
194360,20170809,  297,    0
194360,20170810,  267,    0
194360,20170811,  237,    0
194360,20170812,  229,    0
194360,20170813,  257,    0
194360,20170814,  262,    0
194360,20170815,  276,    0
194360,20170816,  281,    0
194360,20170817,  284,    0
194360,20170818,  297,    0
194360,20170819,  291,    0
194360,20170820,  240,    0
194360,20170821,  236,    0
194360,20170822,  235,    0
194360,20170823,  251,    0
194360,20170824,  262,    0
194360,20170825,  273,    0
194360,20170826,  284,    0
194360,20170827,  304,    0
194360,20170828,  290,    0
194360,20170829,  259,    0
194360,20170830,  267,    0
194360,20170831,  282,    0
194360,20170901,  253,    0
194360,20170902,  187,    0
194360,20170903,  195,    0
194360,20170904,  214,    0
194360,20170905,  236,    0
194360,20170906,  240,    0
194360,20170907,  226,    0
194360,20170908,  205,    0
194360,20170909,  219,    0
194360,20170910,  184,    0
194360,20170911,  182,    0
194360,20170912,  189,    0
194360,20170913,  196,    0
194360,20170914,  221,    0
194360,20170915,  188,    0
194360,20170916,  167,    0
194360,20170917,  190,    0
194360,20170918,  167,    0
194360,20170919,  137,    0
194360,20170920,  172,    0
194360,20170921,  179,    0
194360,20170922,  191,    0
194360,20170923,  199,    0
194360,20170924,  172,    0
194360,20170925,  167,    0
194360,20170926,  170,    0
194360,20170927,  184,    0
194360,20170928,  188,    0
194360,20170929,  180,    0
194360,20170930,  178,    0
194360,20171001,  152,    0
194360,20171002,  172,    0
194360,20171003,  175,    0
194360,20171004,  188,    0
194360,20171005,  198,    0
194360,20171006,  170,    0
194360,20171007,  163,    0
194360,20171008,  181,    0
194360,20171009,  170,    0
194360,20171010,  173,    0
194360,20171011,  175,    0
194360,20171012,  186,    0
194360,20171013,  183,    0
194360,20171014,  183,    0
194360,20171015,  190,    0
194360,20171016,  189,    0
194360,20171017,  177,    0
194360,20171018,  162,    0
194360,20171019,  146,    0
194360,20171020,  148,    0
194360,20171021,  153,    0
194360,20171022,  142,    0
194360,20171023,  152,    0
194360,20171024,  163,    0
194360,20171025,  152,    0
194360,20171026,  154,    0
194360,20171027,  158,    0
194360,20171028,  148,    0
194360,20171029,  155,    0
194360,20171030,  133,    0
194360,20171031,  126,    0
194360,20171101,  121,    0
194360,20171102,  136,    0
194360,20171103,  142,    0
194360,20171104,  135,    0
194360,20171105,  128,    0
194360,20171106,  101,    0
194360,20171107,   99,    0
194360,20171108,  105,    0
194360,20171109,  113,    0
194360,20171110,  110,    0
194360,20171111,  103,    0
194360,20171112,   83,    0
194360,20171113,   42,    0
194360,20171114,   74,    0
194360,20171115,   80,    0
194360,20171116,   95,    0
194360,20171117,   96,    0
194360,20171118,   98,    0
194360,20171119,   91,    0
194360,20171120,   82,    0
194360,20171121,   93,    0
194360,20171122,  100,    0
194360,20171123,   94,    0
194360,20171124,  106,    0
194360,20171125,  105,    0
194360,20171126,   71,    0
194360,20171127,   62,    0
194360,20171128,   54,    0
194360,20171129,   36,    0
194360,20171130,   61,    0
194360,20171201,   38,    0
194360,20171202,   52,    0
194360,20171203,   42,    0
194360,20171204,   49,    0
194360,20171205,   57,    0
194360,20171206,   83,    0
194360,20171207,   74,    0
194360,20171208,   51,    0
194360,20171209,   52,    0
194360,20171210,   37,    0
194360,20171211,   52,    0
194360,20171212,   75,    0
194360,20171213,   64,    0
194360,20171214,   48,    0
194360,20171215,   80,    0
194360,20171216,   44,    0
194360,20171217,   45,    0
194360,20171218,   36,    0
194360,20171219,   26,    0
194360,20171220,   29,    0
194360,20171221,   30,    0
194360,20171222,   39,    0
194360,20171223,   66,    0
194360,20171224,   84,    0
194360,20171225,   85,    0
194360,20171226,   56,    0
194360,20171227,   79,    0
194360,20171228,   50,    0
194360,20171229,   62,    0
194360,20171230,   46,    0
194360,20171231,   48,    0
194360,20180101,   30,    0
194360,20180102,   71,    0
194360,20180103,   73,    0
194360,20180104,   82,    0
194360,20180105,   66,    0
194360,20180106,   72,    0
194360,20180107,   78,    0
194360,20180108,   97,    0
194360,20180109,  115,    0
194360,20180110,  107,    0
194360,20180111,   73,    0
194360,20180112,   75,    0
194360,20180113,   69,    0
194360,20180114,   53,    0
194360,20180115,   28,    0
194360,20180116,   38,    0
194360,20180117,   64,    0
194360,20180118,   91,    0
194360,20180119,   72,    0
194360,20180120,   60,    0
194360,20180121,   70,    0
194360,20180122,   57,    0
194360,20180123,   71,    0
194360,20180124,   74,    0
194360,20180125,   71,    0
194360,20180126,   70,    0
194360,20180127,   83,    0
194360,20180128,   92,    0
194360,20180129,   67,    0
194360,20180130,   39,    0
194360,20180131,   64,    0
194360,20180201,  100,    0
194360,20180202,   66,    0
194360,20180203,   28,    0
194360,20180204,   54,    0
194360,20180205,   64,    0
194360,20180206,   43,    0
194360,20180207,   44,    0
194360,20180208,   74,    0
194360,20180209,   80,    0
194360,20180210,   53,    0
194360,20180211,   64,    0
194360,20180212,   31,    0
194360,20180213,   37,    0
194360,20180214,   41,    0
194360,20180215,   50,    0
194360,20180216,   66,    0
194360,20180217,   62,    0
194360,20180218,   45,    0
194360,20180219,   40,    0
194360,20180220,   32,    0
194360,20180221,   37,    0
194360,20180222,   23,    0
194360,20180223,   12,    0
194360,20180224,   50,    0
194360,20180225,   11,    0
194360,20180226,  -30,    0
194360,20180227,  -29,    0
194360,20180228,  -11,    0
194360,20180301,  -25,    0
194360,20180302,   -2,    0
194360,20180303,   10,    0
194360,20180304,    5,    0
194360,20180305,   29,    0
194360,20180306,   58,    0
194360,20180307,   89,    0
194360,20180308,  110,    0
194360,20180309,  129,    0
194360,20180310,  121,    0
194360,20180311,  100,    0
194360,20180312,  114,    0
194360,20180313,  121,    0
194360,20180314,  133,    0
194360,20180315,  111,    0
194360,20180316,  113,    0
194360,20180317,  104,    0
194360,20180318,   78,    0
194360,20180319,   26,    0
194360,20180320,   55,    0
194360,20180321,   56,    0
194360,20180322,   50,    0
194360,20180323,   77,    0
194360,20180324,   90,    0
194360,20180325,   76,    0
194360,20180326,  103,    0
194360,20180327,  137,    0
194360,20180328,  126,    0
194360,20180329,  152,    0
194360,20180330,  173,    0
194360,20180331,  126,    0
194360,20180401,  139,    0
194360,20180402,  151,    0
194360,20180403,  142,    0
194360,20180404,  136,    0
194360,20180405,  132,    0
194360,20180406,  150,    0
194360,20180407,  149,    0
194360,20180408,  143,    0
194360,20180409,  127,    0
194360,20180410,  139,    0
194360,20180411,  130,    0
194360,20180412,  144,    0
194360,20180413,  150,    0
194360,20180414,  160,    0
194360,20180415,  156,    0
194360,20180416,  183,    0
194360,20180417,  185,    0
194360,20180418,  191,    0
194360,20180419,  191,    0
194360,20180420,  214,    0
194360,20180421,  214,    0
194360,20180422,  202,    0
194360,20180423,  211,    0
194360,20180424,  228,    0
194360,20180425,  231,    0
194360,20180426,  233,    0
194360,20180427,  190,    0
194360,20180428,  211,    0
194360,20180429,  206,    0
194360,20180430,  191,    0
194360,20180501,  158,    0
194360,20180502,  141,    0
194360,20180503,  155,    0
194360,20180504,  181,    0
194360,20180505,  192,    0
194360,20180506,  215,    0
194360,20180507,  212,    0
194360,20180508,  210,    0
194360,20180509,  183,    0
194360,20180510,  188,    0
194360,20180511,  211,    0
194360,20180512,  207,    0
194360,20180513,  208,    0
194360,20180514,  161,    0
194360,20180515,  149,    0
194360,20180516,  171,    0
194360,20180517,  167,    0
194360,20180518,  192,    0
194360,20180519,  200,    0
194360,20180520,  205,    0
194360,20180521,  198,    0
194360,20180522,  180,    0
194360,20180523,  193,    0
194360,20180524,  225,    0
194360,20180525,  240,    0
194360,20180526,  249,    0
194360,20180527,  247,    0
194360,20180528,  234,    0
194360,20180529,  226,    0
194360,20180530,  236,    0
194360,20180531,  235,    0
194360,20180601,  240,    0
194360,20180602,  246,    0
194360,20180603,  253,    0
194360,20180604,  244,    0
194360,20180605,  233,    0
194360,20180606,  240,    0
194360,20180607,  243,    0
194360,20180608,  203,    0
194360,20180609,  245,    0
194360,20180610,  257,    0
194360,20180611,  265,    0
194360,20180612,  254,    0
194360,20180613,  226,    0
194360,20180614,  212,    0
194360,20180615,  232,    0
194360,20180616,  240,    0
194360,20180617,  257,    0
194360,20180618,  249,    0
194360,20180619,  263,    0
194360,20180620,  264,    0
194360,20180621,  276,    0
194360,20180622,  225,    0
194360,20180623,  214,    0
194360,20180624,  221,    0
194360,20180625,  197,    0
194360,20180626,  219,    0
194360,20180627,  233,    0
194360,20180628,  232,    0
194360,20180629,  264,    0
194360,20180630,  292,    0
194360,20180701,  262,    0
194360,20180702,  259,    0
194360,20180703,  266,    0
194360,20180704,  267,    0
194360,20180705,  257,    0
194360,20180706,  241,    0
194360,20180707,  266,    0
194360,20180708,  265,    0
194360,20180709,  265,    0
194360,20180710,  271,    0
194360,20180711,  219,    0
194360,20180712,  246,    0
194360,20180713,  265,    0
194360,20180714,  270,    0
194360,20180715,  256,    0
194360,20180716,  229,    0
194360,20180717,  253,    0
194360,20180718,  284,    0
194360,20180719,  291,    0
194360,20180720,  278,    0
194360,20180721,  238,    0
194360,20180722,  251,    0
194360,20180723,  257,    0
194360,20180724,  284,    0
194360,20180725,  286,    0
194360,20180726,  275,    0
194360,20180727,  278,    0
194360,20180728,  283,    0
194360,20180729,  286,    0
194360,20180730,  305,    0
194360,20180731,  312,    0
194360,20180801,  319,    0
194360,20180802,  288,    0
194360,20180803,  289,    0
194360,20180804,  293,    0
194360,20180805,  302,    0
194360,20180806,  301,    0
194360,20180807,  283,    0
194360,20180808,  282,    0
194360,20180809,  278,    0
194360,20180810,  281,    0
194360,20180811,  288,    0
194360,20180812,  266,    0
194360,20180813,  264,    0
194360,20180814,  229,    0
194360,20180815,  240,    0
194360,20180816,  255,    0
194360,20180817,  266,    0
194360,20180818,  267,    0
194360,20180819,  273,    0
194360,20180820,  279,    0
194360,20180821,  281,    0
194360,20180822,  281,    0
194360,20180823,  277,    0
194360,20180824,  270,    0
194360,20180825,  230,    0
194360,20180826,  188,    0
194360,20180827,  210,    0
194360,20180828,  237,    0
194360,20180829,  256,    0
194360,20180830,  257,    0
194360,20180831,  239,    0
194360,20180901,  195,    0
194360,20180902,  188,    0
194360,20180903,  206,    0
194360,20180904,  230,    0
194360,20180905,  244,    0
194360,20180906,  245,    0
194360,20180907,  216,    0
194360,20180908,  232,    0
194360,20180909,  246,    0
194360,20180910,  257,    0
194360,20180911,  261,    0
194360,20180912,  263,    0
194360,20180913,  246,    0
194360,20180914,  256,    0
194360,20180915,  241,    0
194360,20180916,  244,    0
194360,20180917,  236,    0
194360,20180918,  232,    0
194360,20180919,  243,    0
194360,20180920,  246,    0
194360,20180921,  256,    0
194360,20180922,  255,    0
194360,20180923,  240,    0
194360,20180924,  210,    0
194360,20180925,  168,    0
194360,20180926,  156,    0
194360,20180927,  172,    0
194360,20180928,  199,    0
194360,20180929,  192,    0
194360,20180930,  174,    0
194360,20181001,  138,    0
194360,20181002,  145,    0
194360,20181003,  160,    0
194360,20181004,  174,    0
194360,20181005,  169,    0
194360,20181006,  157,    0
194360,20181007,  182,    0
194360,20181008,  187,    0
194360,20181009,  191,    0
194360,20181010,  190,    0
194360,20181011,  176,    0
194360,20181012,  190,    0
194360,20181013,  184,    0
194360,20181014,  174,    0
194360,20181015,  174,    0
194360,20181016,  161,    0
194360,20181017,  168,    0
194360,20181018,  187,    0
194360,20181019,  187,    0
194360,20181020,  180,    0
194360,20181021,  144,    0
194360,20181022,  128,    0
194360,20181023,  147,    0
194360,20181024,  203,    0
194360,20181025,  157,    0
194360,20181026,  157,    0
194360,20181027,  210,    0
194360,20181028,  202,    0
194360,20181029,  171,    0
194360,20181030,  146,    0
194360,20181031,  146,    0
194360,20181101,  141,    0
194360,20181102,  132,    0
194360,20181103,  145,    0
194360,20181104,  151,    0
194360,20181105,  160,    0
194360,20181106,  155,    0
194360,20181107,  152,    0
194360,20181108,  161,    0
194360,20181109,  135,    0
194360,20181110,  131,    0
194360,20181111,  148,    0
194360,20181112,  144,    0
194360,20181113,  155,    0
194360,20181114,  138,    0
194360,20181115,  114,    0
194360,20181116,  100,    0
194360,20181117,   86,    0
194360,20181118,   63,    0
194360,20181119,   57,    0
194360,20181120,   41,    0
194360,20181121,   84,    0
194360,20181122,   91,    0
194360,20181123,   89,    0
194360,20181124,   99,    0
194360,20181125,   93,    0
194360,20181126,  107,    0
194360,20181127,  102,    0
194360,20181128,   87,    0
194360,20181129,   61,    0
194360,20181130,   38,    0
194360,20181201,   55,    0
194360,20181202,   58,    0
194360,20181203,   80,    0
194360,20181204,   89,    0
194360,20181205,   81,    0
194360,20181206,   80,    0
194360,20181207,   82,    0
194360,20181208,   96,    0
194360,20181209,   89,    0
194360,20181210,  112,    0
194360,20181211,   85,    0
194360,20181212,   53,    0
194360,20181213,   30,    0
194360,20181214,   33,    0
194360,20181215,   27,    0
194360,20181216,   12,    0
194360,20181217,   20,    0
194360,20181218,   10,    0
194360,20181219,    0,    0
194360,20181220,   24,    0
194360,20181221,   38,    0
194360,20181222,   55,    0
194360,20181223,   40,    0
194360,20181224,   43,    0
194360,20181225,   40,    0
194360,20181226,   14,    0
194360,20181227,   10,    0
194360,20181228,   62,    0
194360,20181229,   65,    0
194360,20181230,   70,    0
194360,20181231,   73,    0
194360,20190101,   22,    0
194360,20190102,   15,    0
194360,20190103,   37,    0
194360,20190104,   31,    0
194360,20190105,   26,    0
194360,20190106,   62,    0
194360,20190107,   41,    0
194360,20190108,   12,    0
194360,20190109,   16,    0
194360,20190110,   50,    0
194360,20190111,   42,    0
194360,20190112,   46,    0
194360,20190113,   53,    0
194360,20190114,   90,    0
194360,20190115,   93,    0
194360,20190116,  106,    0
194360,20190117,   96,    0
194360,20190118,   63,    0
194360,20190119,   42,    0
194360,20190120,   41,    0
194360,20190121,   38,    0
194360,20190122,   24,    0
194360,20190123,   18,    0
194360,20190124,   23,    0
194360,20190125,   30,    0
194360,20190126,   39,    0
194360,20190127,   20,    0
194360,20190128,   34,    0
194360,20190129,   49,    0
194360,20190130,   17,    0
194360,20190131,   23,    0
194360,20190201,   20,    0
194360,20190202,   35,    0
194360,20190203,   64,    0
194360,20190204,   68,    0
194360,20190205,   61,    0
194360,20190206,   69,    0
194360,20190207,   69,    0
194360,20190208,   76,    0
194360,20190209,   84,    0
194360,20190210,  101,    0
194360,20190211,   91,    0
194360,20190212,   98,    0
194360,20190213,   73,    0
194360,20190214,   86,    0
194360,20190215,   90,    0
194360,20190216,   94,    0
194360,20190217,  106,    0
194360,20190218,  121,    0
194360,20190219,  104,    0
194360,20190220,   71,    0
194360,20190221,   97,    0
194360,20190222,  125,    0
194360,20190223,   67,    0
194360,20190224,   50,    0
194360,20190225,  101,    0
194360,20190226,  134,    0
194360,20190227,  152,    0
194360,20190228,  131,    0
194360,20190301,  105,    0
194360,20190302,  128,    0
194360,20190303,  135,    0
194360,20190304,  139,    0
194360,20190305,  130,    0
194360,20190306,  130,    0
194360,20190307,  160,    0
194360,20190308,  153,    0
194360,20190309,  146,    0
194360,20190310,  143,    0
194360,20190311,  131,    0
194360,20190312,  105,    0
194360,20190313,   86,    0
194360,20190314,  109,    0
194360,20190315,  148,    0
194360,20190316,  168,    0
194360,20190317,  142,    0
194360,20190318,  101,    0
194360,20190319,   82,    0
194360,20190320,   90,    0
194360,20190321,   97,    0
194360,20190322,  128,    0
194360,20190323,  156,    0
194360,20190324,  178,    0
194360,20190325,  172,    0
194360,20190326,   92,    0
194360,20190327,  100,    0
194360,20190328,  105,    0
194360,20190329,  120,    0
194360,20190330,  142,    0
194360,20190331,  155,    0
194360,20190401,  171,    0
194360,20190402,  166,    0
194360,20190403,  152,    0
194360,20190404,  131,    0
194360,20190405,  116,    0
194360,20190406,  129,    0
194360,20190407,  124,    0
194360,20190408,  133,    0
194360,20190409,  148,    0
194360,20190410,  144,    0
194360,20190411,  121,    0
194360,20190412,  116,    0
194360,20190413,   98,    0
194360,20190414,   96,    0
194360,20190415,  124,    0
194360,20190416,  147,    0
194360,20190417,  162,    0
194360,20190418,  156,    0
194360,20190419,  157,    0
194360,20190420,  170,    0
194360,20190421,  168,    0
194360,20190422,  147,    0
194360,20190423,  148,    0
194360,20190424,  185,    0
194360,20190425,  169,    0
194360,20190426,  177,    0
194360,20190427,  169,    0
194360,20190428,  127,    0
194360,20190429,   93,    0
194360,20190430,  160,    0
194360,20190501,  179,    0
194360,20190502,  184,    0
194360,20190503,  170,    0
194360,20190504,  148,    0
194360,20190505,   86,    0
194360,20190506,  113,    0
194360,20190507,  141,    0
194360,20190508,  146,    0
194360,20190509,  154,    0
194360,20190510,  183,    0
194360,20190511,  180,    0
194360,20190512,  110,    0
194360,20190513,  123,    0
194360,20190514,  126,    0
194360,20190515,   97,    0
194360,20190516,  140,    0
194360,20190517,  149,    0
194360,20190518,  135,    0
194360,20190519,  140,    0
194360,20190520,  161,    0
194360,20190521,  186,    0
194360,20190522,  187,    0
194360,20190523,  198,    0
194360,20190524,  209,    0
194360,20190525,  201,    0
194360,20190526,  170,    0
194360,20190527,  155,    0
194360,20190528,  173,    0
194360,20190529,  135,    0
194360,20190530,  175,    0
194360,20190531,-9999,    9
194360,20190601,-9999,    9
194360,20190602,-9999,    9
194360,20190603,-9999,    9
194360,20190604,-9999,    9
194360,20190605,-9999,    9
194360,20190606,-9999,    9
194360,20190607,-9999,    9
194360,20190608,-9999,    9
194360,20190609,-9999,    9
194360,20190610,-9999,    9
194360,20190611,-9999,    9
194360,20190612,-9999,    9
194360,20190613,-9999,    9
194360,20190614,-9999,    9
194360,20190615,-9999,    9
194360,20190616,-9999,    9
194360,20190617,-9999,    9
194360,20190618,-9999,    9
194360,20190619,-9999,    9
194360,20190620,-9999,    9
194360,20190621,-9999,    9
194360,20190622,-9999,    9
194360,20190623,-9999,    9
194360,20190624,-9999,    9
194360,20190625,-9999,    9
194360,20190626,-9999,    9
194360,20190627,-9999,    9
194360,20190628,-9999,    9
194360,20190629,-9999,    9
194360,20190630,-9999,    9
194360,20190701,-9999,    9
194360,20190702,-9999,    9
194360,20190703,-9999,    9
194360,20190704,-9999,    9
194360,20190705,-9999,    9
194360,20190706,-9999,    9
194360,20190707,-9999,    9
194360,20190708,-9999,    9
194360,20190709,-9999,    9
194360,20190710,-9999,    9
194360,20190711,-9999,    9
194360,20190712,-9999,    9
194360,20190713,-9999,    9
194360,20190714,-9999,    9
194360,20190715,-9999,    9
194360,20190716,-9999,    9
194360,20190717,-9999,    9
194360,20190718,-9999,    9
194360,20190719,-9999,    9
194360,20190720,-9999,    9
194360,20190721,-9999,    9
194360,20190722,-9999,    9
194360,20190723,-9999,    9
194360,20190724,-9999,    9
194360,20190725,-9999,    9
194360,20190726,-9999,    9
194360,20190727,-9999,    9
194360,20190728,-9999,    9
194360,20190729,-9999,    9
194360,20190730,-9999,    9
194360,20190731,-9999,    9
194360,20190801,-9999,    9
194360,20190802,-9999,    9
194360,20190803,-9999,    9
194360,20190804,-9999,    9
194360,20190805,-9999,    9
194360,20190806,-9999,    9
194360,20190807,-9999,    9
194360,20190808,-9999,    9
194360,20190809,-9999,    9
194360,20190810,-9999,    9
194360,20190811,-9999,    9
194360,20190812,-9999,    9
194360,20190813,-9999,    9
194360,20190814,-9999,    9
194360,20190815,-9999,    9
194360,20190816,-9999,    9
194360,20190817,-9999,    9
194360,20190818,-9999,    9
194360,20190819,-9999,    9
194360,20190820,-9999,    9
194360,20190821,-9999,    9
194360,20190822,-9999,    9
194360,20190823,-9999,    9
194360,20190824,-9999,    9
194360,20190825,-9999,    9
194360,20190826,-9999,    9
194360,20190827,-9999,    9
194360,20190828,-9999,    9
194360,20190829,-9999,    9
194360,20190830,-9999,    9
194360,20190831,-9999,    9
194360,20190901,-9999,    9
194360,20190902,-9999,    9
194360,20190903,-9999,    9
194360,20190904,-9999,    9
194360,20190905,-9999,    9
194360,20190906,-9999,    9
194360,20190907,-9999,    9
194360,20190908,-9999,    9
194360,20190909,-9999,    9
194360,20190910,-9999,    9
194360,20190911,-9999,    9
194360,20190912,-9999,    9
194360,20190913,-9999,    9
194360,20190914,-9999,    9
194360,20190915,-9999,    9
194360,20190916,-9999,    9
194360,20190917,-9999,    9
194360,20190918,-9999,    9
194360,20190919,-9999,    9
194360,20190920,-9999,    9
194360,20190921,-9999,    9
194360,20190922,-9999,    9
194360,20190923,-9999,    9
194360,20190924,-9999,    9
194360,20190925,-9999,    9
194360,20190926,-9999,    9
194360,20190927,-9999,    9
194360,20190928,-9999,    9
194360,20190929,-9999,    9
194360,20190930,-9999,    9
194360,20191001,-9999,    9
194360,20191002,-9999,    9
194360,20191003,-9999,    9
194360,20191004,-9999,    9
194360,20191005,-9999,    9
194360,20191006,-9999,    9
194360,20191007,-9999,    9
194360,20191008,-9999,    9
194360,20191009,-9999,    9
194360,20191010,-9999,    9
194360,20191011,-9999,    9
194360,20191012,-9999,    9
194360,20191013,-9999,    9
194360,20191014,-9999,    9
194360,20191015,-9999,    9
194360,20191016,-9999,    9
194360,20191017,-9999,    9
194360,20191018,-9999,    9
194360,20191019,-9999,    9
194360,20191020,-9999,    9
194360,20191021,-9999,    9
194360,20191022,-9999,    9
194360,20191023,-9999,    9
194360,20191024,-9999,    9
194360,20191025,-9999,    9
194360,20191026,-9999,    9
194360,20191027,-9999,    9
194360,20191028,-9999,    9
194360,20191029,-9999,    9
194360,20191030,-9999,    9
194360,20191031,-9999,    9
194360,20191101,-9999,    9
194360,20191102,-9999,    9
194360,20191103,-9999,    9
194360,20191104,-9999,    9
194360,20191105,-9999,    9
194360,20191106,-9999,    9
194360,20191107,-9999,    9
194360,20191108,-9999,    9
194360,20191109,-9999,    9
194360,20191110,-9999,    9
194360,20191111,-9999,    9
194360,20191112,-9999,    9
194360,20191113,-9999,    9
194360,20191114,-9999,    9
194360,20191115,-9999,    9
194360,20191116,-9999,    9
194360,20191117,-9999,    9
194360,20191118,-9999,    9
194360,20191119,-9999,    9
194360,20191120,-9999,    9
194360,20191121,-9999,    9
194360,20191122,-9999,    9
194360,20191123,-9999,    9
194360,20191124,-9999,    9
194360,20191125,-9999,    9
194360,20191126,-9999,    9
194360,20191127,-9999,    9
194360,20191128,-9999,    9
194360,20191129,-9999,    9
194360,20191130,-9999,    9
194360,20191201,-9999,    9
194360,20191202,-9999,    9
194360,20191203,-9999,    9
194360,20191204,-9999,    9
194360,20191205,-9999,    9
194360,20191206,-9999,    9
194360,20191207,-9999,    9
194360,20191208,-9999,    9
194360,20191209,-9999,    9
194360,20191210,-9999,    9
194360,20191211,-9999,    9
194360,20191212,-9999,    9
194360,20191213,-9999,    9
194360,20191214,-9999,    9
194360,20191215,-9999,    9
194360,20191216,-9999,    9
194360,20191217,-9999,    9
194360,20191218,-9999,    9
194360,20191219,-9999,    9
194360,20191220,-9999,    9
194360,20191221,-9999,    9
194360,20191222,-9999,    9
194360,20191223,-9999,    9
194360,20191224,-9999,    9
194360,20191225,-9999,    9
194360,20191226,-9999,    9
194360,20191227,-9999,    9
194360,20191228,-9999,    9
194360,20191229,-9999,    9
194360,20191230,-9999,    9
194360,20191231,   53,    0
194360,20200101,   60,    0
194360,20200102,   53,    0
194360,20200103,   81,    0
194360,20200104,   86,    0
194360,20200105,   74,    0
194360,20200106,   42,    0
194360,20200107,    9,    0
194360,20200108,   13,    0
194360,20200109,   42,    0
194360,20200110,   65,    0
194360,20200111,   78,    0
194360,20200112,   62,    0
194360,20200113,   40,    0
194360,20200114,   45,    0
194360,20200115,   62,    0
194360,20200116,   69,    0
194360,20200117,   83,    0
194360,20200118,   66,    0
194360,20200119,   70,    0
194360,20200120,   56,    0
194360,20200121,   51,    0
194360,20200122,   62,    0
194360,20200123,   54,    0
194360,20200124,   56,    0
194360,20200125,   53,    0
194360,20200126,   72,    0
194360,20200127,   83,    0
194360,20200128,   82,    0
194360,20200129,  114,    0
194360,20200130,   97,    0
194360,20200131,-9999,    9
194360,20200201,-9999,    9
194360,20200202,-9999,    9
194360,20200203,-9999,    9
194360,20200204,-9999,    9
194360,20200205,-9999,    9
194360,20200206,-9999,    9
194360,20200207,-9999,    9
194360,20200208,-9999,    9
194360,20200209,-9999,    9
194360,20200210,-9999,    9
194360,20200211,-9999,    9
194360,20200212,-9999,    9
194360,20200213,-9999,    9
194360,20200214,-9999,    9
194360,20200215,-9999,    9
194360,20200216,-9999,    9
194360,20200217,-9999,    9
194360,20200218,-9999,    9
194360,20200219,-9999,    9
194360,20200220,-9999,    9
194360,20200221,-9999,    9
194360,20200222,-9999,    9
194360,20200223,-9999,    9
194360,20200224,-9999,    9
194360,20200225,-9999,    9
194360,20200226,-9999,    9
194360,20200227,-9999,    9
194360,20200228,-9999,    9
194360,20200229,-9999,    9
194360,20200301,-9999,    9
194360,20200302,-9999,    9
194360,20200303,-9999,    9
194360,20200304,-9999,    9
194360,20200305,-9999,    9
194360,20200306,-9999,    9
194360,20200307,-9999,    9
194360,20200308,-9999,    9
194360,20200309,-9999,    9
194360,20200310,-9999,    9
194360,20200311,-9999,    9
194360,20200312,-9999,    9
194360,20200313,-9999,    9
194360,20200314,-9999,    9
194360,20200315,-9999,    9
194360,20200316,-9999,    9
194360,20200317,-9999,    9
194360,20200318,-9999,    9
194360,20200319,-9999,    9
194360,20200320,-9999,    9
194360,20200321,-9999,    9
194360,20200322,-9999,    9
194360,20200323,-9999,    9
194360,20200324,-9999,    9
194360,20200325,-9999,    9
194360,20200326,-9999,    9
194360,20200327,-9999,    9
194360,20200328,-9999,    9
194360,20200329,-9999,    9
194360,20200330,-9999,    9
194360,20200331,-9999,    9
194360,20200401,-9999,    9
194360,20200402,-9999,    9
194360,20200403,-9999,    9
194360,20200404,-9999,    9
194360,20200405,-9999,    9
194360,20200406,-9999,    9
194360,20200407,-9999,    9
194360,20200408,-9999,    9
194360,20200409,-9999,    9
194360,20200410,-9999,    9
194360,20200411,-9999,    9
194360,20200412,-9999,    9
194360,20200413,-9999,    9
194360,20200414,-9999,    9
194360,20200415,-9999,    9
194360,20200416,-9999,    9
194360,20200417,-9999,    9
194360,20200418,-9999,    9
194360,20200419,-9999,    9
194360,20200420,-9999,    9
194360,20200421,-9999,    9
194360,20200422,-9999,    9
194360,20200423,-9999,    9
194360,20200424,-9999,    9
194360,20200425,-9999,    9
194360,20200426,-9999,    9
194360,20200427,-9999,    9
194360,20200428,-9999,    9
194360,20200429,-9999,    9
194360,20200430,  188,    0
194360,20200501,  188,    0
194360,20200502,  201,    0
194360,20200503,  174,    0
194360,20200504,  188,    0
194360,20200505,  206,    0
194360,20200506,  171,    0
194360,20200507,  180,    0
194360,20200508,  207,    0
194360,20200509,  225,    0
194360,20200510,  212,    0
194360,20200511,  189,    0
194360,20200512,  198,    0
194360,20200513,  173,    0
194360,20200514,  194,    0
194360,20200515,  207,    0
194360,20200516,  184,    0
194360,20200517,  209,    0
194360,20200518,  206,    0
194360,20200519,  193,    0
194360,20200520,  193,    0
194360,20200521,  212,    0
194360,20200522,  233,    0
194360,20200523,  248,    0
194360,20200524,  210,    0
194360,20200525,  219,    0
194360,20200526,  202,    0
194360,20200527,  199,    0
194360,20200528,  213,    0
194360,20200529,  157,    0
194360,20200530,  180,    0
194360,20200531,  188,    0
194360,20200601,  211,    0
194360,20200602,  231,    0
194360,20200603,  227,    0
194360,20200604,  192,    0
194360,20200605,  207,    0
194360,20200606,  230,    0
194360,20200607,  221,    0
194360,20200608,  193,    0
194360,20200609,  186,    0
194360,20200610,  184,    0
194360,20200611,  175,    0
194360,20200612,  221,    0
194360,20200613,  223,    0
194360,20200614,  214,    0
194360,20200615,  212,    0
194360,20200616,  225,    0
194360,20200617,  218,    0
194360,20200618,  227,    0
194360,20200619,  226,    0
194360,20200620,  235,    0
194360,20200621,  247,    0
194360,20200622,  267,    0
194360,20200623,  278,    0
194360,20200624,  261,    0
194360,20200625,  249,    0
194360,20200626,  257,    0
194360,20200627,  280,    0
194360,20200628,  287,    0
194360,20200629,  286,    0
194360,20200630,  275,    0
194360,20200701,  279,    0
194360,20200702,  273,    0
194360,20200703,  246,    0
194360,20200704,  239,    0
194360,20200705,  271,    0
194360,20200706,  289,    0
194360,20200707,  224,    0
194360,20200708,  239,    0
194360,20200709,  265,    0
194360,20200710,  281,    0
194360,20200711,  256,    0
194360,20200712,  230,    0
194360,20200713,  228,    0
194360,20200714,  228,    0
194360,20200715,  232,    0
194360,20200716,  251,    0
194360,20200717,  231,    0
194360,20200718,  232,    0
194360,20200719,  250,    0
194360,20200720,  271,    0
194360,20200721,  284,    0
194360,20200722,  284,    0
194360,20200723,  260,    0
194360,20200724,  216,    0
194360,20200725,  255,    0
194360,20200726,  274,    0
194360,20200727,  274,    0
194360,20200728,  293,    0
194360,20200729,  297,    0
194360,20200730,  305,    0
194360,20200731,  296,    0
194360,20200801,  314,    0
194360,20200802,  267,    0
194360,20200803,  226,    0
194360,20200804,  204,    0
194360,20200805,  221,    0
194360,20200806,  244,    0
194360,20200807,  262,    0
194360,20200808,  282,    0
194360,20200809,  289,    0
194360,20200810,  294,    0
194360,20200811,  290,    0
194360,20200812,  288,    0
194360,20200813,  284,    0
194360,20200814,  274,    0
194360,20200815,  265,    0
194360,20200816,  271,    0
194360,20200817,  267,    0
194360,20200818,  258,    0
194360,20200819,  263,    0
194360,20200820,  276,    0
194360,20200821,  289,    0
194360,20200822,  299,    0
194360,20200823,  269,    0
194360,20200824,  247,    0
194360,20200825,  256,    0
194360,20200826,  273,    0
194360,20200827,  271,    0
194360,20200828,  284,    0
194360,20200829,  270,    0
194360,20200830,  251,    0
194360,20200831,  198,    0
194360,20200901,  216,    0
194360,20200902,  205,    0
194360,20200903,  215,    0
194360,20200904,  237,    0
194360,20200905,  252,    0
194360,20200906,  252,    0
194360,20200907,  232,    0
194360,20200908,  228,    0
194360,20200909,  241,    0
194360,20200910,  255,    0
194360,20200911,  251,    0
194360,20200912,  250,    0
194360,20200913,  256,    0
194360,20200914,  251,    0
194360,20200915,  248,    0
194360,20200916,  254,    0
194360,20200917,  256,    0
194360,20200918,  238,    0
194360,20200919,  221,    0
194360,20200920,  213,    0
194360,20200921,  212,    0
194360,20200922,  199,    0
194360,20200923,  211,    0
194360,20200924,  215,    0
194360,20200925,  194,    0
194360,20200926,  167,    0
194360,20200927,  135,    0
194360,20200928,  153,    0
194360,20200929,  175,    0
194360,20200930,  186,    0
194360,20201001,  197,    0
194360,20201002,  197,    0
194360,20201003,  190,    0
194360,20201004,  179,    0
194360,20201005,  174,    0
194360,20201006,  175,    0
194360,20201007,  171,    0
194360,20201008,  171,    0
194360,20201009,  172,    0
194360,20201010,  181,    0
194360,20201011,  119,    0
194360,20201012,  114,    0
194360,20201013,  127,    0
194360,20201014,  130,    0
194360,20201015,  110,    0
194360,20201016,  119,    0
194360,20201017,  134,    0
194360,20201018,  135,    0
194360,20201019,  135,    0
194360,20201020,  142,    0
194360,20201021,  145,    0
194360,20201022,  153,    0
194360,20201023,  135,    0
194360,20201024,  145,    0
194360,20201025,  163,    0
194360,20201026,  178,    0
194360,20201027,  136,    0
194360,20201028,  133,    0
194360,20201029,  144,    0
194360,20201030,  144,    0
194360,20201031,  147,    0
194360,20201101,  141,    0
194360,20201102,  127,    0
194360,20201103,  143,    0
194360,20201104,  149,    0
194360,20201105,  150,    0
194360,20201106,  137,    0
194360,20201107,  139,    0
194360,20201108,  136,    0
194360,20201109,  143,    0
194360,20201110,  132,    0
194360,20201111,  104,    0
194360,20201112,  127,    0
194360,20201113,  123,    0
194360,20201114,  117,    0
194360,20201115,  124,    0
194360,20201116,  114,    0
194360,20201117,  118,    0
194360,20201118,  103,    0
194360,20201119,   84,    0
194360,20201120,   86,    0
194360,20201121,   72,    0
194360,20201122,   57,    0
194360,20201123,   62,    0
194360,20201124,   67,    0
194360,20201125,   74,    0
194360,20201126,   61,    0
194360,20201127,   56,    0
194360,20201128,   61,    0
194360,20201129,   70,    0
194360,20201130,   62,    0
194360,20201201,   49,    0
194360,20201202,   16,    0
194360,20201203,   38,    0
194360,20201204,   78,    0
194360,20201205,   71,    0
194360,20201206,   58,    0
194360,20201207,   75,    0
194360,20201208,   54,    0
194360,20201209,   61,    0
194360,20201210,   68,    0
194360,20201211,   71,    0
194360,20201212,   55,    0
194360,20201213,   66,    0
194360,20201214,   56,    0
194360,20201215,   69,    0
194360,20201216,   83,    0
194360,20201217,   85,    0
194360,20201218,   88,    0
194360,20201219,   82,    0
194360,20201220,   82,    0
194360,20201221,   85,    0
194360,20201222,  100,    0
194360,20201223,  100,    0
194360,20201224,   83,    0
194360,20201225,   75,    0
194360,20201226,   57,    0
194360,20201227,   31,    0
194360,20201228,   38,    0
194360,20201229,   65,    0
194360,20201230,   35,    0
194360,20201231,   62,    0
194360,20210101,   39,    0
194360,20210102,   54,    0
194360,20210103,   62,    0
194360,20210104,   53,    0
194360,20210105,   43,    0
194360,20210106,   42,    0
194360,20210107,   49,    0
194360,20210108,   43,    0
194360,20210109,   30,    0
194360,20210110,   19,    0
194360,20210111,   20,    0
194360,20210112,   31,    0
194360,20210113,   38,    0
194360,20210114,   39,    0
194360,20210115,   36,    0
194360,20210116,   36,    0
194360,20210117,   26,    0
194360,20210118,   26,    0
194360,20210119,    0,    0
194360,20210120,   11,    0
194360,20210121,   26,    0
194360,20210122,   50,    0
194360,20210123,   86,    0
194360,20210124,   53,    0
194360,20210125,   45,    0
194360,20210126,   65,    0
194360,20210127,   50,    0
194360,20210128,   51,    0
194360,20210129,   44,    0
194360,20210130,   85,    0
194360,20210131,   60,    0
194360,20210201,   59,    0
194360,20210202,   68,    0
194360,20210203,-9999,    9
194360,20210204,-9999,    9
194360,20210205,   93,    0
194360,20210206,   89,    0
194360,20210207,   91,    0
194360,20210208,  108,    0
194360,20210209,   97,    0
194360,20210210,  104,    0
194360,20210211,   90,    0
194360,20210212,   39,    0
194360,20210213,    0,    0
194360,20210214,   12,    0
194360,20210215,   38,    0
194360,20210216,   70,    0
194360,20210217,   77,    0
194360,20210218,   95,    0
194360,20210219,  111,    0
194360,20210220,  110,    0
194360,20210221,  100,    0
194360,20210222,  102,    0
194360,20210223,  117,    0
194360,20210224,  144,    0
194360,20210225,  152,    0
194360,20210226,  147,    0
194360,20210227,  124,    0
194360,20210228,   90,    0
194360,20210301,   98,    0
194360,20210302,  109,    0
194360,20210303,  119,    0
194360,20210304,  118,    0
194360,20210305,  129,    0
194360,20210306,   77,    0
194360,20210307,   73,    0
194360,20210308,   80,    0
194360,20210309,   87,    0
194360,20210310,   95,    0
194360,20210311,  115,    0
194360,20210312,  119,    0
194360,20210313,  136,    0
194360,20210314,  102,    0
194360,20210315,  101,    0
194360,20210316,  114,    0
194360,20210317,  104,    0
194360,20210318,   81,    0
194360,20210319,   63,    0
194360,20210320,   57,    0
194360,20210321,   57,    0
194360,20210322,   95,    0
194360,20210323,  101,    0
194360,20210324,  118,    0
194360,20210325,  129,    0
194360,20210326,  137,    0
194360,20210327,  145,    0
194360,20210328,  154,    0
194360,20210329,  162,    0
194360,20210330,  176,    0
194360,20210331,-9999,    9
