EUROPEAN CLIMATE ASSESSMENT & DATASET (ECA&D), file created on 12-05-2021
THESE DATA CAN BE USED FREELY PROVIDED THAT THE FOLLOWING SOURCE IS ACKNOWLEDGED:

Klein Tank, A.M.G. and Coauthors, 2002. Daily dataset of 20th-century surface
air temperature and precipitation series for the European Climate Assessment.
Int. J. of Climatol., 22, 1441-1453.
Data and metadata available at http://www.ecad.eu

FILE FORMAT (MISSING VALUE CODE IS -9999):

01-06 SOUID: Source identifier
08-15 DATE : Date YYYYMMDD
17-21 TG   : mean temperature in 0.1 &#176;C
23-27 Q_TG : Quality code for TG (0='valid'; 1='suspect'; 9='missing')

This is the blended series of station ITALY, MEZZANO_NORD-OVEST (STAID: 17678).
Blended and updated with sources: 194176 195928 
See file sources.txt and stations.txt for more info.

 SOUID,    DATE,   TG, Q_TG
195928,20181101,-9999,    9
195928,20181102,-9999,    9
195928,20181103,-9999,    9
195928,20181104,-9999,    9
195928,20181105,-9999,    9
195928,20181106,-9999,    9
195928,20181107,  154,    0
195928,20181108,  141,    0
195928,20181109,  131,    0
195928,20181110,  133,    0
195928,20181111,  141,    0
195928,20181112,  138,    0
195928,20181113,  145,    0
195928,20181114,  131,    0
195928,20181115,  111,    0
195928,20181116,   98,    0
195928,20181117,   84,    0
195928,20181118,   55,    0
195928,20181119,   57,    0
195928,20181120,   55,    0
195928,20181121,   80,    0
195928,20181122,   83,    0
195928,20181123,   92,    0
195928,20181124,  113,    0
195928,20181125,   95,    0
195928,20181126,   93,    0
195928,20181127,   94,    0
195928,20181128,   80,    0
195928,20181129,   41,    0
194176,20181130,   28,    0
195928,20181201,   53,    0
195928,20181202,   57,    0
195928,20181203,   77,    0
195928,20181204,   66,    0
195928,20181205,   48,    0
195928,20181206,   78,    0
195928,20181207,   64,    0
195928,20181208,   73,    0
195928,20181209,   38,    0
195928,20181210,   58,    0
195928,20181211,   34,    0
195928,20181212,   13,    0
195928,20181213,   33,    0
195928,20181214,   29,    0
195928,20181215,    1,    0
195928,20181216,    0,    0
195928,20181217,   12,    0
195928,20181218,   -6,    0
195928,20181219,    0,    0
195928,20181220,   18,    0
195928,20181221,   15,    0
195928,20181222,   33,    0
195928,20181223,   44,    0
195928,20181224,   41,    0
195928,20181225,   38,    0
195928,20181226,   16,    0
195928,20181227,   11,    0
195928,20181228,    8,    0
195928,20181229,   -2,    0
195928,20181230,    6,    0
195928,20181231,   15,    0
195928,20190101,   22,    0
195928,20190102,   15,    0
195928,20190103,    1,    0
195928,20190104,    1,    0
195928,20190105,  -15,    0
195928,20190106,   -4,    0
195928,20190107,    9,    0
195928,20190108,   -4,    0
195928,20190109,   -2,    0
195928,20190110,    6,    0
195928,20190111,   13,    0
195928,20190112,    3,    0
195928,20190113,   15,    0
195928,20190114,   38,    0
195928,20190115,   39,    0
195928,20190116,   37,    0
195928,20190117,   80,    0
195928,20190118,   60,    0
195928,20190119,   46,    0
195928,20190120,   25,    0
195928,20190121,   32,    0
195928,20190122,   28,    0
195928,20190123,   20,    0
195928,20190124,   36,    0
195928,20190125,   20,    0
195928,20190126,   11,    0
195928,20190127,   19,    0
195928,20190128,   32,    0
195928,20190129,   40,    0
195928,20190130,   17,    0
195928,20190131,   33,    0
195928,20190201,   43,    0
195928,20190202,   41,    0
195928,20190203,   58,    0
195928,20190204,   60,    0
195928,20190205,   38,    0
195928,20190206,   42,    0
195928,20190207,   39,    0
195928,20190208,   50,    0
195928,20190209,   52,    0
195928,20190210,   99,    0
195928,20190211,   69,    0
195928,20190212,   56,    0
195928,20190213,   51,    0
195928,20190214,   45,    0
195928,20190215,   45,    0
195928,20190216,   53,    0
195928,20190217,   70,    0
195928,20190218,   71,    0
195928,20190219,   66,    0
195928,20190220,   64,    0
195928,20190221,   49,    0
195928,20190222,   71,    0
195928,20190223,   53,    0
195928,20190224,   40,    0
195928,20190225,   71,    0
195928,20190226,   98,    0
195928,20190227,   98,    0
195928,20190228,   87,    0
195928,20190301,   74,    0
195928,20190302,   79,    0
195928,20190303,   76,    0
195928,20190304,   96,    0
195928,20190305,  104,    0
195928,20190306,   90,    0
195928,20190307,  146,    0
195928,20190308,  140,    0
195928,20190309,  121,    0
195928,20190310,  118,    0
195928,20190311,  101,    0
195928,20190312,   68,    0
195928,20190313,   59,    0
195928,20190314,   71,    0
195928,20190315,   93,    0
195928,20190316,  110,    0
195928,20190317,  112,    0
195928,20190318,   91,    0
195928,20190319,   78,    0
195928,20190320,   90,    0
195928,20190321,   84,    0
195928,20190322,   99,    0
195928,20190323,  119,    0
195928,20190324,  136,    0
195928,20190325,  141,    0
195928,20190326,   90,    0
195928,20190327,-9999,    9
195928,20190328,   96,    0
195928,20190329,  101,    0
195928,20190330,  112,    0
195928,20190331,  123,    0
195928,20190401,  131,    0
195928,20190402,  140,    0
195928,20190403,-9999,    9
195928,20190404,  130,    0
195928,20190405,  101,    0
195928,20190406,  112,    0
195928,20190407,  121,    0
195928,20190408,  116,    0
195928,20190409,  131,    0
195928,20190410,  131,    0
195928,20190411,  133,    0
195928,20190412,-9999,    9
195928,20190413,   98,    0
195928,20190414,   97,    0
195928,20190415,  125,    0
195928,20190416,-9999,    9
195928,20190417,  139,    0
195928,20190418,  140,    0
195928,20190419,  143,    0
195928,20190420,  149,    0
195928,20190421,  149,    0
195928,20190422,  149,    0
195928,20190423,  150,    0
195928,20190424,  169,    0
195928,20190425,  152,    0
195928,20190426,  169,    0
195928,20190427,  161,    0
195928,20190428,  108,    0
195928,20190429,   96,    0
195928,20190430,  143,    0
195928,20190501,  158,    0
195928,20190502,  171,    0
195928,20190503,  154,    0
195928,20190504,  148,    0
195928,20190505,   94,    0
195928,20190506,  107,    0
195928,20190507,  117,    0
195928,20190508,  139,    0
195928,20190509,  148,    0
195928,20190510,  158,    0
195928,20190511,  174,    0
195928,20190512,  122,    0
195928,20190513,  132,    0
195928,20190514,  117,    0
195928,20190515,-9999,    9
195928,20190516,  125,    0
195928,20190517,  143,    0
195928,20190518,  147,    0
195928,20190519,  148,    0
195928,20190520,  160,    0
195928,20190521,  171,    0
195928,20190522,  171,    0
195928,20190523,  189,    0
195928,20190524,  192,    0
195928,20190525,  197,    0
195928,20190526,  181,    0
195928,20190527,  161,    0
195928,20190528,  179,    0
195928,20190529,  142,    0
195928,20190530,  170,    0
195928,20190531,-9999,    9
195928,20190601,-9999,    9
195928,20190602,-9999,    9
195928,20190603,-9999,    9
195928,20190604,-9999,    9
195928,20190605,-9999,    9
195928,20190606,-9999,    9
195928,20190607,-9999,    9
195928,20190608,-9999,    9
195928,20190609,-9999,    9
195928,20190610,-9999,    9
195928,20190611,-9999,    9
195928,20190612,-9999,    9
195928,20190613,-9999,    9
195928,20190614,-9999,    9
195928,20190615,-9999,    9
195928,20190616,-9999,    9
195928,20190617,-9999,    9
195928,20190618,-9999,    9
195928,20190619,-9999,    9
195928,20190620,-9999,    9
195928,20190621,-9999,    9
195928,20190622,-9999,    9
195928,20190623,-9999,    9
195928,20190624,-9999,    9
195928,20190625,-9999,    9
195928,20190626,-9999,    9
195928,20190627,-9999,    9
195928,20190628,-9999,    9
195928,20190629,-9999,    9
195928,20190630,-9999,    9
195928,20190701,-9999,    9
195928,20190702,-9999,    9
195928,20190703,-9999,    9
195928,20190704,-9999,    9
195928,20190705,-9999,    9
195928,20190706,-9999,    9
195928,20190707,-9999,    9
195928,20190708,-9999,    9
195928,20190709,-9999,    9
195928,20190710,-9999,    9
195928,20190711,-9999,    9
195928,20190712,-9999,    9
195928,20190713,-9999,    9
195928,20190714,-9999,    9
195928,20190715,-9999,    9
195928,20190716,-9999,    9
195928,20190717,-9999,    9
195928,20190718,-9999,    9
195928,20190719,-9999,    9
195928,20190720,-9999,    9
195928,20190721,-9999,    9
195928,20190722,-9999,    9
195928,20190723,-9999,    9
195928,20190724,-9999,    9
195928,20190725,-9999,    9
195928,20190726,-9999,    9
195928,20190727,-9999,    9
195928,20190728,-9999,    9
195928,20190729,-9999,    9
195928,20190730,-9999,    9
195928,20190731,-9999,    9
195928,20190801,-9999,    9
195928,20190802,-9999,    9
195928,20190803,-9999,    9
195928,20190804,-9999,    9
195928,20190805,-9999,    9
195928,20190806,-9999,    9
195928,20190807,-9999,    9
195928,20190808,-9999,    9
195928,20190809,-9999,    9
195928,20190810,-9999,    9
195928,20190811,-9999,    9
195928,20190812,-9999,    9
195928,20190813,-9999,    9
195928,20190814,-9999,    9
195928,20190815,-9999,    9
195928,20190816,-9999,    9
195928,20190817,-9999,    9
195928,20190818,-9999,    9
195928,20190819,-9999,    9
195928,20190820,-9999,    9
195928,20190821,-9999,    9
195928,20190822,-9999,    9
195928,20190823,-9999,    9
195928,20190824,-9999,    9
195928,20190825,-9999,    9
195928,20190826,-9999,    9
195928,20190827,-9999,    9
195928,20190828,-9999,    9
195928,20190829,-9999,    9
195928,20190830,-9999,    9
195928,20190831,-9999,    9
195928,20190901,-9999,    9
195928,20190902,-9999,    9
195928,20190903,-9999,    9
195928,20190904,-9999,    9
195928,20190905,-9999,    9
195928,20190906,-9999,    9
195928,20190907,-9999,    9
195928,20190908,-9999,    9
195928,20190909,-9999,    9
195928,20190910,-9999,    9
195928,20190911,-9999,    9
195928,20190912,-9999,    9
195928,20190913,-9999,    9
195928,20190914,-9999,    9
195928,20190915,-9999,    9
195928,20190916,-9999,    9
195928,20190917,-9999,    9
195928,20190918,-9999,    9
195928,20190919,-9999,    9
195928,20190920,-9999,    9
195928,20190921,-9999,    9
195928,20190922,-9999,    9
195928,20190923,-9999,    9
195928,20190924,-9999,    9
195928,20190925,-9999,    9
195928,20190926,-9999,    9
195928,20190927,-9999,    9
195928,20190928,-9999,    9
195928,20190929,-9999,    9
195928,20190930,-9999,    9
195928,20191001,-9999,    9
195928,20191002,-9999,    9
195928,20191003,-9999,    9
195928,20191004,-9999,    9
195928,20191005,-9999,    9
195928,20191006,-9999,    9
195928,20191007,-9999,    9
195928,20191008,-9999,    9
195928,20191009,-9999,    9
195928,20191010,-9999,    9
195928,20191011,-9999,    9
195928,20191012,-9999,    9
195928,20191013,-9999,    9
195928,20191014,-9999,    9
195928,20191015,-9999,    9
195928,20191016,-9999,    9
195928,20191017,-9999,    9
195928,20191018,-9999,    9
195928,20191019,-9999,    9
195928,20191020,-9999,    9
195928,20191021,-9999,    9
195928,20191022,-9999,    9
195928,20191023,-9999,    9
195928,20191024,-9999,    9
195928,20191025,-9999,    9
195928,20191026,-9999,    9
195928,20191027,-9999,    9
195928,20191028,-9999,    9
195928,20191029,-9999,    9
195928,20191030,-9999,    9
195928,20191031,-9999,    9
195928,20191101,-9999,    9
195928,20191102,-9999,    9
195928,20191103,-9999,    9
195928,20191104,-9999,    9
195928,20191105,-9999,    9
195928,20191106,-9999,    9
195928,20191107,-9999,    9
195928,20191108,-9999,    9
195928,20191109,-9999,    9
195928,20191110,-9999,    9
195928,20191111,-9999,    9
195928,20191112,-9999,    9
195928,20191113,-9999,    9
195928,20191114,-9999,    9
195928,20191115,-9999,    9
195928,20191116,-9999,    9
195928,20191117,-9999,    9
195928,20191118,-9999,    9
195928,20191119,-9999,    9
195928,20191120,-9999,    9
195928,20191121,-9999,    9
195928,20191122,-9999,    9
195928,20191123,-9999,    9
195928,20191124,-9999,    9
195928,20191125,-9999,    9
195928,20191126,-9999,    9
195928,20191127,-9999,    9
195928,20191128,-9999,    9
195928,20191129,-9999,    9
195928,20191130,-9999,    9
195928,20191201,-9999,    9
195928,20191202,-9999,    9
195928,20191203,-9999,    9
195928,20191204,-9999,    9
195928,20191205,-9999,    9
195928,20191206,-9999,    9
195928,20191207,-9999,    9
195928,20191208,-9999,    9
195928,20191209,-9999,    9
195928,20191210,-9999,    9
195928,20191211,-9999,    9
195928,20191212,-9999,    9
195928,20191213,-9999,    9
195928,20191214,-9999,    9
195928,20191215,-9999,    9
195928,20191216,-9999,    9
195928,20191217,-9999,    9
195928,20191218,-9999,    9
195928,20191219,-9999,    9
195928,20191220,-9999,    9
195928,20191221,-9999,    9
195928,20191222,-9999,    9
195928,20191223,-9999,    9
195928,20191224,-9999,    9
195928,20191225,-9999,    9
195928,20191226,-9999,    9
195928,20191227,-9999,    9
195928,20191228,-9999,    9
195928,20191229,-9999,    9
195928,20191230,-9999,    9
195928,20191231,   22,    0
195928,20200101,   21,    0
195928,20200102,   22,    0
195928,20200103,   28,    0
195928,20200104,   41,    0
195928,20200105,   30,    0
195928,20200106,   26,    0
195928,20200107,    3,    0
195928,20200108,    3,    0
195928,20200109,    6,    0
195928,20200110,   18,    0
195928,20200111,   33,    0
195928,20200112,   25,    0
195928,20200113,    0,    0
195928,20200114,   19,    0
195928,20200115,   51,    0
195928,20200116,   50,    0
195928,20200117,   56,    0
195928,20200118,   68,    0
195928,20200119,   67,    0
195928,20200120,   50,    0
195928,20200121,   30,    0
195928,20200122,   29,    0
195928,20200123,   27,    0
195928,20200124,   36,    0
195928,20200125,   54,    0
195928,20200126,   58,    0
195928,20200127,   54,    0
195928,20200128,   86,    0
195928,20200129,   60,    0
195928,20200130,   56,    0
195928,20200131,-9999,    9
195928,20200201,-9999,    9
195928,20200202,-9999,    9
195928,20200203,-9999,    9
195928,20200204,-9999,    9
195928,20200205,-9999,    9
195928,20200206,-9999,    9
195928,20200207,-9999,    9
195928,20200208,-9999,    9
195928,20200209,-9999,    9
195928,20200210,-9999,    9
195928,20200211,-9999,    9
195928,20200212,-9999,    9
195928,20200213,-9999,    9
195928,20200214,-9999,    9
195928,20200215,-9999,    9
195928,20200216,-9999,    9
195928,20200217,-9999,    9
195928,20200218,-9999,    9
195928,20200219,-9999,    9
195928,20200220,-9999,    9
195928,20200221,-9999,    9
195928,20200222,-9999,    9
195928,20200223,-9999,    9
195928,20200224,-9999,    9
195928,20200225,-9999,    9
195928,20200226,-9999,    9
195928,20200227,-9999,    9
195928,20200228,-9999,    9
195928,20200229,-9999,    9
195928,20200301,-9999,    9
195928,20200302,-9999,    9
195928,20200303,-9999,    9
195928,20200304,-9999,    9
195928,20200305,-9999,    9
195928,20200306,-9999,    9
195928,20200307,-9999,    9
195928,20200308,-9999,    9
195928,20200309,-9999,    9
195928,20200310,-9999,    9
195928,20200311,-9999,    9
195928,20200312,-9999,    9
195928,20200313,-9999,    9
195928,20200314,-9999,    9
195928,20200315,-9999,    9
195928,20200316,-9999,    9
195928,20200317,-9999,    9
195928,20200318,-9999,    9
195928,20200319,-9999,    9
195928,20200320,-9999,    9
195928,20200321,-9999,    9
195928,20200322,-9999,    9
195928,20200323,-9999,    9
195928,20200324,-9999,    9
195928,20200325,-9999,    9
195928,20200326,-9999,    9
195928,20200327,-9999,    9
195928,20200328,-9999,    9
195928,20200329,-9999,    9
195928,20200330,-9999,    9
195928,20200331,-9999,    9
195928,20200401,-9999,    9
195928,20200402,-9999,    9
195928,20200403,-9999,    9
195928,20200404,-9999,    9
195928,20200405,-9999,    9
195928,20200406,-9999,    9
195928,20200407,-9999,    9
195928,20200408,-9999,    9
195928,20200409,-9999,    9
195928,20200410,-9999,    9
195928,20200411,-9999,    9
195928,20200412,-9999,    9
195928,20200413,-9999,    9
195928,20200414,-9999,    9
195928,20200415,-9999,    9
195928,20200416,-9999,    9
195928,20200417,-9999,    9
195928,20200418,-9999,    9
195928,20200419,-9999,    9
195928,20200420,-9999,    9
195928,20200421,-9999,    9
195928,20200422,-9999,    9
195928,20200423,-9999,    9
195928,20200424,-9999,    9
195928,20200425,-9999,    9
195928,20200426,-9999,    9
195928,20200427,-9999,    9
195928,20200428,-9999,    9
195928,20200429,-9999,    9
195928,20200430,-9999,    9
195928,20200501,-9999,    9
195928,20200502,-9999,    9
195928,20200503,-9999,    9
195928,20200504,-9999,    9
195928,20200505,-9999,    9
195928,20200506,-9999,    9
195928,20200507,-9999,    9
195928,20200508,-9999,    9
195928,20200509,-9999,    9
195928,20200510,-9999,    9
195928,20200511,-9999,    9
195928,20200512,-9999,    9
195928,20200513,-9999,    9
195928,20200514,-9999,    9
195928,20200515,-9999,    9
195928,20200516,-9999,    9
195928,20200517,-9999,    9
195928,20200518,-9999,    9
195928,20200519,-9999,    9
195928,20200520,-9999,    9
195928,20200521,-9999,    9
195928,20200522,-9999,    9
195928,20200523,-9999,    9
195928,20200524,-9999,    9
195928,20200525,-9999,    9
195928,20200526,-9999,    9
195928,20200527,-9999,    9
195928,20200528,-9999,    9
195928,20200529,-9999,    9
195928,20200530,-9999,    9
195928,20200531,-9999,    9
195928,20200601,-9999,    9
195928,20200602,-9999,    9
195928,20200603,-9999,    9
195928,20200604,-9999,    9
195928,20200605,-9999,    9
195928,20200606,-9999,    9
195928,20200607,-9999,    9
195928,20200608,-9999,    9
195928,20200609,-9999,    9
195928,20200610,-9999,    9
195928,20200611,-9999,    9
195928,20200612,-9999,    9
195928,20200613,-9999,    9
195928,20200614,-9999,    9
195928,20200615,-9999,    9
195928,20200616,-9999,    9
195928,20200617,-9999,    9
195928,20200618,-9999,    9
195928,20200619,-9999,    9
195928,20200620,-9999,    9
195928,20200621,-9999,    9
195928,20200622,-9999,    9
195928,20200623,-9999,    9
195928,20200624,-9999,    9
195928,20200625,-9999,    9
195928,20200626,-9999,    9
195928,20200627,-9999,    9
195928,20200628,-9999,    9
195928,20200629,-9999,    9
195928,20200630,-9999,    9
195928,20200701,-9999,    9
195928,20200702,-9999,    9
195928,20200703,-9999,    9
195928,20200704,-9999,    9
195928,20200705,-9999,    9
195928,20200706,-9999,    9
195928,20200707,-9999,    9
195928,20200708,-9999,    9
195928,20200709,-9999,    9
195928,20200710,-9999,    9
195928,20200711,-9999,    9
195928,20200712,-9999,    9
195928,20200713,-9999,    9
195928,20200714,-9999,    9
195928,20200715,-9999,    9
195928,20200716,-9999,    9
195928,20200717,-9999,    9
195928,20200718,-9999,    9
195928,20200719,-9999,    9
195928,20200720,-9999,    9
195928,20200721,-9999,    9
195928,20200722,-9999,    9
195928,20200723,-9999,    9
195928,20200724,-9999,    9
195928,20200725,-9999,    9
195928,20200726,-9999,    9
195928,20200727,-9999,    9
195928,20200728,-9999,    9
195928,20200729,-9999,    9
195928,20200730,-9999,    9
195928,20200731,-9999,    9
195928,20200801,-9999,    9
195928,20200802,-9999,    9
195928,20200803,-9999,    9
195928,20200804,-9999,    9
195928,20200805,-9999,    9
195928,20200806,-9999,    9
195928,20200807,-9999,    9
195928,20200808,-9999,    9
195928,20200809,-9999,    9
195928,20200810,-9999,    9
195928,20200811,-9999,    9
195928,20200812,-9999,    9
195928,20200813,-9999,    9
195928,20200814,-9999,    9
195928,20200815,-9999,    9
195928,20200816,-9999,    9
195928,20200817,-9999,    9
195928,20200818,-9999,    9
195928,20200819,-9999,    9
195928,20200820,-9999,    9
195928,20200821,-9999,    9
195928,20200822,-9999,    9
195928,20200823,-9999,    9
195928,20200824,-9999,    9
195928,20200825,-9999,    9
195928,20200826,-9999,    9
195928,20200827,-9999,    9
195928,20200828,-9999,    9
195928,20200829,-9999,    9
195928,20200830,-9999,    9
195928,20200831,-9999,    9
195928,20200901,-9999,    9
195928,20200902,-9999,    9
195928,20200903,-9999,    9
195928,20200904,-9999,    9
195928,20200905,-9999,    9
195928,20200906,-9999,    9
195928,20200907,-9999,    9
195928,20200908,-9999,    9
195928,20200909,-9999,    9
195928,20200910,-9999,    9
195928,20200911,-9999,    9
195928,20200912,-9999,    9
195928,20200913,-9999,    9
195928,20200914,-9999,    9
195928,20200915,-9999,    9
195928,20200916,-9999,    9
195928,20200917,-9999,    9
195928,20200918,-9999,    9
195928,20200919,-9999,    9
195928,20200920,-9999,    9
195928,20200921,-9999,    9
195928,20200922,-9999,    9
195928,20200923,-9999,    9
195928,20200924,-9999,    9
195928,20200925,-9999,    9
195928,20200926,-9999,    9
195928,20200927,-9999,    9
195928,20200928,-9999,    9
195928,20200929,-9999,    9
195928,20200930,-9999,    9
195928,20201001,-9999,    9
195928,20201002,-9999,    9
195928,20201003,-9999,    9
195928,20201004,-9999,    9
195928,20201005,-9999,    9
195928,20201006,-9999,    9
195928,20201007,-9999,    9
195928,20201008,-9999,    9
195928,20201009,-9999,    9
195928,20201010,-9999,    9
195928,20201011,-9999,    9
195928,20201012,-9999,    9
195928,20201013,-9999,    9
195928,20201014,-9999,    9
195928,20201015,-9999,    9
195928,20201016,-9999,    9
195928,20201017,-9999,    9
195928,20201018,-9999,    9
195928,20201019,-9999,    9
195928,20201020,-9999,    9
195928,20201021,-9999,    9
195928,20201022,-9999,    9
195928,20201023,-9999,    9
195928,20201024,-9999,    9
195928,20201025,-9999,    9
195928,20201026,-9999,    9
195928,20201027,-9999,    9
195928,20201028,-9999,    9
195928,20201029,-9999,    9
195928,20201030,-9999,    9
195928,20201031,-9999,    9
195928,20201101,-9999,    9
195928,20201102,-9999,    9
195928,20201103,-9999,    9
195928,20201104,-9999,    9
195928,20201105,-9999,    9
195928,20201106,-9999,    9
195928,20201107,-9999,    9
195928,20201108,-9999,    9
195928,20201109,-9999,    9
195928,20201110,-9999,    9
195928,20201111,-9999,    9
195928,20201112,-9999,    9
195928,20201113,-9999,    9
195928,20201114,-9999,    9
195928,20201115,-9999,    9
195928,20201116,-9999,    9
195928,20201117,-9999,    9
195928,20201118,-9999,    9
195928,20201119,-9999,    9
195928,20201120,-9999,    9
195928,20201121,-9999,    9
195928,20201122,-9999,    9
195928,20201123,-9999,    9
195928,20201124,-9999,    9
195928,20201125,-9999,    9
195928,20201126,-9999,    9
195928,20201127,-9999,    9
195928,20201128,-9999,    9
195928,20201129,-9999,    9
195928,20201130,-9999,    9
195928,20201201,-9999,    9
195928,20201202,-9999,    9
195928,20201203,-9999,    9
195928,20201204,-9999,    9
195928,20201205,-9999,    9
195928,20201206,-9999,    9
195928,20201207,-9999,    9
195928,20201208,-9999,    9
195928,20201209,-9999,    9
195928,20201210,-9999,    9
195928,20201211,-9999,    9
195928,20201212,-9999,    9
195928,20201213,-9999,    9
195928,20201214,-9999,    9
195928,20201215,-9999,    9
195928,20201216,-9999,    9
195928,20201217,-9999,    9
195928,20201218,-9999,    9
195928,20201219,-9999,    9
195928,20201220,-9999,    9
195928,20201221,-9999,    9
195928,20201222,-9999,    9
195928,20201223,-9999,    9
195928,20201224,-9999,    9
195928,20201225,-9999,    9
195928,20201226,-9999,    9
195928,20201227,-9999,    9
195928,20201228,-9999,    9
195928,20201229,-9999,    9
195928,20201230,-9999,    9
195928,20201231,-9999,    9
195928,20210101,-9999,    9
195928,20210102,-9999,    9
195928,20210103,-9999,    9
195928,20210104,-9999,    9
195928,20210105,-9999,    9
195928,20210106,-9999,    9
195928,20210107,-9999,    9
195928,20210108,-9999,    9
195928,20210109,-9999,    9
195928,20210110,-9999,    9
195928,20210111,-9999,    9
195928,20210112,-9999,    9
195928,20210113,-9999,    9
195928,20210114,-9999,    9
195928,20210115,-9999,    9
195928,20210116,-9999,    9
195928,20210117,-9999,    9
195928,20210118,-9999,    9
195928,20210119,-9999,    9
195928,20210120,-9999,    9
195928,20210121,-9999,    9
195928,20210122,-9999,    9
195928,20210123,-9999,    9
195928,20210124,-9999,    9
195928,20210125,-9999,    9
195928,20210126,-9999,    9
195928,20210127,-9999,    9
195928,20210128,-9999,    9
195928,20210129,-9999,    9
195928,20210130,-9999,    9
195928,20210131,-9999,    9
195928,20210201,-9999,    9
195928,20210202,-9999,    9
195928,20210203,-9999,    9
195928,20210204,-9999,    9
195928,20210205,-9999,    9
195928,20210206,-9999,    9
195928,20210207,-9999,    9
195928,20210208,-9999,    9
195928,20210209,-9999,    9
195928,20210210,-9999,    9
195928,20210211,-9999,    9
195928,20210212,-9999,    9
195928,20210213,-9999,    9
195928,20210214,-9999,    9
195928,20210215,-9999,    9
195928,20210216,-9999,    9
195928,20210217,-9999,    9
195928,20210218,-9999,    9
195928,20210219,-9999,    9
195928,20210220,-9999,    9
195928,20210221,-9999,    9
195928,20210222,-9999,    9
195928,20210223,-9999,    9
195928,20210224,-9999,    9
195928,20210225,-9999,    9
195928,20210226,-9999,    9
195928,20210227,-9999,    9
195928,20210228,-9999,    9
195928,20210301,-9999,    9
195928,20210302,-9999,    9
195928,20210303,-9999,    9
195928,20210304,-9999,    9
195928,20210305,-9999,    9
195928,20210306,-9999,    9
195928,20210307,-9999,    9
195928,20210308,-9999,    9
195928,20210309,-9999,    9
195928,20210310,-9999,    9
195928,20210311,-9999,    9
195928,20210312,-9999,    9
195928,20210313,-9999,    9
195928,20210314,-9999,    9
195928,20210315,-9999,    9
195928,20210316,-9999,    9
195928,20210317,-9999,    9
195928,20210318,-9999,    9
195928,20210319,-9999,    9
195928,20210320,-9999,    9
195928,20210321,-9999,    9
195928,20210322,-9999,    9
195928,20210323,-9999,    9
195928,20210324,-9999,    9
195928,20210325,-9999,    9
195928,20210326,-9999,    9
195928,20210327,-9999,    9
195928,20210328,-9999,    9
195928,20210329,-9999,    9
195928,20210330,-9999,    9
195928,20210331,-9999,    9
