EUROPEAN CLIMATE ASSESSMENT & DATASET (ECA&D), file created on 12-05-2021
THESE DATA CAN BE USED FREELY PROVIDED THAT THE FOLLOWING SOURCE IS ACKNOWLEDGED:

Klein Tank, A.M.G. and Coauthors, 2002. Daily dataset of 20th-century surface
air temperature and precipitation series for the European Climate Assessment.
Int. J. of Climatol., 22, 1441-1453.
Data and metadata available at http://www.ecad.eu

FILE FORMAT (MISSING VALUE CODE IS -9999):

01-06 SOUID: Source identifier
08-15 DATE : Date YYYYMMDD
17-21 TG   : mean temperature in 0.1 &#176;C
23-27 Q_TG : Quality code for TG (0='valid'; 1='suspect'; 9='missing')

This is the blended series of station ITALY, CASSA_DOSOLO (STAID: 17571).
Blended and updated with sources: 194720 
See file sources.txt and stations.txt for more info.

 SOUID,    DATE,   TG, Q_TG
194720,20141201,-9999,    9
194720,20141202,-9999,    9
194720,20141203,-9999,    9
194720,20141204,-9999,    9
194720,20141205,-9999,    9
194720,20141206,-9999,    9
194720,20141207,-9999,    9
194720,20141208,-9999,    9
194720,20141209,-9999,    9
194720,20141210,-9999,    9
194720,20141211,-9999,    9
194720,20141212,-9999,    9
194720,20141213,-9999,    9
194720,20141214,-9999,    9
194720,20141215,-9999,    9
194720,20141216,-9999,    9
194720,20141217,-9999,    9
194720,20141218,-9999,    9
194720,20141219,-9999,    9
194720,20141220,-9999,    9
194720,20141221,-9999,    9
194720,20141222,-9999,    9
194720,20141223,-9999,    9
194720,20141224,   28,    0
194720,20141225,   55,    0
194720,20141226,   44,    0
194720,20141227,   -5,    0
194720,20141228,   12,    0
194720,20141229,   14,    0
194720,20141230,    0,    0
194720,20141231,  -13,    0
194720,20150101,   -7,    0
194720,20150102,   26,    0
194720,20150103,   32,    0
194720,20150104,   44,    0
194720,20150105,   47,    0
194720,20150106,   27,    0
194720,20150107,   36,    0
194720,20150108,   47,    0
194720,20150109,   32,    0
194720,20150110,   26,    0
194720,20150111,   19,    0
194720,20150112,   64,    0
194720,20150113,   44,    0
194720,20150114,   42,    0
194720,20150115,-9999,    9
194720,20150116,-9999,    9
194720,20150117,-9999,    9
194720,20150118,-9999,    9
194720,20150119,-9999,    9
194720,20150120,-9999,    9
194720,20150121,-9999,    9
194720,20150122,-9999,    9
194720,20150123,-9999,    9
194720,20150124,-9999,    9
194720,20150125,-9999,    9
194720,20150126,-9999,    9
194720,20150127,-9999,    9
194720,20150128,-9999,    9
194720,20150129,-9999,    9
194720,20150130,-9999,    9
194720,20150131,-9999,    9
194720,20150201,-9999,    9
194720,20150202,-9999,    9
194720,20150203,-9999,    9
194720,20150204,-9999,    9
194720,20150205,-9999,    9
194720,20150206,-9999,    9
194720,20150207,-9999,    9
194720,20150208,-9999,    9
194720,20150209,-9999,    9
194720,20150210,-9999,    9
194720,20150211,-9999,    9
194720,20150212,-9999,    9
194720,20150213,-9999,    9
194720,20150214,-9999,    9
194720,20150215,-9999,    9
194720,20150216,-9999,    9
194720,20150217,-9999,    9
194720,20150218,-9999,    9
194720,20150219,-9999,    9
194720,20150220,-9999,    9
194720,20150221,-9999,    9
194720,20150222,-9999,    9
194720,20150223,-9999,    9
194720,20150224,-9999,    9
194720,20150225,-9999,    9
194720,20150226,-9999,    9
194720,20150227,-9999,    9
194720,20150228,-9999,    9
194720,20150301,-9999,    9
194720,20150302,-9999,    9
194720,20150303,-9999,    9
194720,20150304,-9999,    9
194720,20150305,-9999,    9
194720,20150306,-9999,    9
194720,20150307,-9999,    9
194720,20150308,-9999,    9
194720,20150309,-9999,    9
194720,20150310,-9999,    9
194720,20150311,-9999,    9
194720,20150312,-9999,    9
194720,20150313,-9999,    9
194720,20150314,-9999,    9
194720,20150315,-9999,    9
194720,20150316,-9999,    9
194720,20150317,-9999,    9
194720,20150318,-9999,    9
194720,20150319,-9999,    9
194720,20150320,-9999,    9
194720,20150321,-9999,    9
194720,20150322,-9999,    9
194720,20150323,-9999,    9
194720,20150324,-9999,    9
194720,20150325,-9999,    9
194720,20150326,-9999,    9
194720,20150327,-9999,    9
194720,20150328,-9999,    9
194720,20150329,-9999,    9
194720,20150330,-9999,    9
194720,20150331,-9999,    9
194720,20150401,-9999,    9
194720,20150402,-9999,    9
194720,20150403,-9999,    9
194720,20150404,-9999,    9
194720,20150405,-9999,    9
194720,20150406,-9999,    9
194720,20150407,-9999,    9
194720,20150408,-9999,    9
194720,20150409,-9999,    9
194720,20150410,-9999,    9
194720,20150411,-9999,    9
194720,20150412,-9999,    9
194720,20150413,-9999,    9
194720,20150414,-9999,    9
194720,20150415,-9999,    9
194720,20150416,-9999,    9
194720,20150417,-9999,    9
194720,20150418,-9999,    9
194720,20150419,-9999,    9
194720,20150420,-9999,    9
194720,20150421,-9999,    9
194720,20150422,-9999,    9
194720,20150423,-9999,    9
194720,20150424,-9999,    9
194720,20150425,-9999,    9
194720,20150426,-9999,    9
194720,20150427,-9999,    9
194720,20150428,-9999,    9
194720,20150429,-9999,    9
194720,20150430,-9999,    9
194720,20150501,-9999,    9
194720,20150502,-9999,    9
194720,20150503,-9999,    9
194720,20150504,-9999,    9
194720,20150505,-9999,    9
194720,20150506,-9999,    9
194720,20150507,-9999,    9
194720,20150508,-9999,    9
194720,20150509,-9999,    9
194720,20150510,-9999,    9
194720,20150511,-9999,    9
194720,20150512,-9999,    9
194720,20150513,-9999,    9
194720,20150514,-9999,    9
194720,20150515,-9999,    9
194720,20150516,-9999,    9
194720,20150517,-9999,    9
194720,20150518,-9999,    9
194720,20150519,-9999,    9
194720,20150520,-9999,    9
194720,20150521,-9999,    9
194720,20150522,-9999,    9
194720,20150523,-9999,    9
194720,20150524,-9999,    9
194720,20150525,-9999,    9
194720,20150526,-9999,    9
194720,20150527,-9999,    9
194720,20150528,-9999,    9
194720,20150529,-9999,    9
194720,20150530,-9999,    9
194720,20150531,-9999,    9
194720,20150601,-9999,    9
194720,20150602,-9999,    9
194720,20150603,-9999,    9
194720,20150604,-9999,    9
194720,20150605,-9999,    9
194720,20150606,-9999,    9
194720,20150607,-9999,    9
194720,20150608,-9999,    9
194720,20150609,-9999,    9
194720,20150610,-9999,    9
194720,20150611,-9999,    9
194720,20150612,-9999,    9
194720,20150613,-9999,    9
194720,20150614,-9999,    9
194720,20150615,-9999,    9
194720,20150616,-9999,    9
194720,20150617,-9999,    9
194720,20150618,-9999,    9
194720,20150619,-9999,    9
194720,20150620,-9999,    9
194720,20150621,-9999,    9
194720,20150622,-9999,    9
194720,20150623,-9999,    9
194720,20150624,-9999,    9
194720,20150625,-9999,    9
194720,20150626,-9999,    9
194720,20150627,-9999,    9
194720,20150628,-9999,    9
194720,20150629,-9999,    9
194720,20150630,-9999,    9
194720,20150701,-9999,    9
194720,20150702,-9999,    9
194720,20150703,-9999,    9
194720,20150704,-9999,    9
194720,20150705,-9999,    9
194720,20150706,-9999,    9
194720,20150707,-9999,    9
194720,20150708,-9999,    9
194720,20150709,-9999,    9
194720,20150710,-9999,    9
194720,20150711,-9999,    9
194720,20150712,-9999,    9
194720,20150713,-9999,    9
194720,20150714,-9999,    9
194720,20150715,-9999,    9
194720,20150716,-9999,    9
194720,20150717,-9999,    9
194720,20150718,-9999,    9
194720,20150719,-9999,    9
194720,20150720,-9999,    9
194720,20150721,-9999,    9
194720,20150722,-9999,    9
194720,20150723,-9999,    9
194720,20150724,-9999,    9
194720,20150725,-9999,    9
194720,20150726,-9999,    9
194720,20150727,-9999,    9
194720,20150728,-9999,    9
194720,20150729,-9999,    9
194720,20150730,-9999,    9
194720,20150731,-9999,    9
194720,20150801,-9999,    9
194720,20150802,-9999,    9
194720,20150803,-9999,    9
194720,20150804,-9999,    9
194720,20150805,-9999,    9
194720,20150806,-9999,    9
194720,20150807,-9999,    9
194720,20150808,-9999,    9
194720,20150809,-9999,    9
194720,20150810,-9999,    9
194720,20150811,-9999,    9
194720,20150812,-9999,    9
194720,20150813,-9999,    9
194720,20150814,-9999,    9
194720,20150815,-9999,    9
194720,20150816,-9999,    9
194720,20150817,-9999,    9
194720,20150818,-9999,    9
194720,20150819,-9999,    9
194720,20150820,-9999,    9
194720,20150821,-9999,    9
194720,20150822,-9999,    9
194720,20150823,-9999,    9
194720,20150824,-9999,    9
194720,20150825,-9999,    9
194720,20150826,-9999,    9
194720,20150827,-9999,    9
194720,20150828,-9999,    9
194720,20150829,-9999,    9
194720,20150830,-9999,    9
194720,20150831,-9999,    9
194720,20150901,-9999,    9
194720,20150902,-9999,    9
194720,20150903,-9999,    9
194720,20150904,-9999,    9
194720,20150905,-9999,    9
194720,20150906,-9999,    9
194720,20150907,-9999,    9
194720,20150908,-9999,    9
194720,20150909,-9999,    9
194720,20150910,-9999,    9
194720,20150911,-9999,    9
194720,20150912,-9999,    9
194720,20150913,-9999,    9
194720,20150914,-9999,    9
194720,20150915,-9999,    9
194720,20150916,-9999,    9
194720,20150917,-9999,    9
194720,20150918,-9999,    9
194720,20150919,-9999,    9
194720,20150920,-9999,    9
194720,20150921,-9999,    9
194720,20150922,-9999,    9
194720,20150923,-9999,    9
194720,20150924,-9999,    9
194720,20150925,-9999,    9
194720,20150926,-9999,    9
194720,20150927,-9999,    9
194720,20150928,-9999,    9
194720,20150929,-9999,    9
194720,20150930,-9999,    9
194720,20151001,-9999,    9
194720,20151002,-9999,    9
194720,20151003,-9999,    9
194720,20151004,-9999,    9
194720,20151005,-9999,    9
194720,20151006,-9999,    9
194720,20151007,-9999,    9
194720,20151008,-9999,    9
194720,20151009,-9999,    9
194720,20151010,-9999,    9
194720,20151011,-9999,    9
194720,20151012,-9999,    9
194720,20151013,-9999,    9
194720,20151014,-9999,    9
194720,20151015,-9999,    9
194720,20151016,-9999,    9
194720,20151017,-9999,    9
194720,20151018,-9999,    9
194720,20151019,-9999,    9
194720,20151020,-9999,    9
194720,20151021,-9999,    9
194720,20151022,-9999,    9
194720,20151023,-9999,    9
194720,20151024,-9999,    9
194720,20151025,-9999,    9
194720,20151026,-9999,    9
194720,20151027,-9999,    9
194720,20151028,-9999,    9
194720,20151029,-9999,    9
194720,20151030,-9999,    9
194720,20151031,-9999,    9
194720,20151101,-9999,    9
194720,20151102,-9999,    9
194720,20151103,-9999,    9
194720,20151104,-9999,    9
194720,20151105,-9999,    9
194720,20151106,-9999,    9
194720,20151107,-9999,    9
194720,20151108,-9999,    9
194720,20151109,-9999,    9
194720,20151110,-9999,    9
194720,20151111,-9999,    9
194720,20151112,-9999,    9
194720,20151113,-9999,    9
194720,20151114,-9999,    9
194720,20151115,-9999,    9
194720,20151116,-9999,    9
194720,20151117,-9999,    9
194720,20151118,-9999,    9
194720,20151119,-9999,    9
194720,20151120,-9999,    9
194720,20151121,-9999,    9
194720,20151122,-9999,    9
194720,20151123,-9999,    9
194720,20151124,-9999,    9
194720,20151125,-9999,    9
194720,20151126,-9999,    9
194720,20151127,-9999,    9
194720,20151128,-9999,    9
194720,20151129,-9999,    9
194720,20151130,-9999,    9
194720,20151201,-9999,    9
194720,20151202,-9999,    9
194720,20151203,-9999,    9
194720,20151204,-9999,    9
194720,20151205,-9999,    9
194720,20151206,-9999,    9
194720,20151207,-9999,    9
194720,20151208,-9999,    9
194720,20151209,-9999,    9
194720,20151210,-9999,    9
194720,20151211,-9999,    9
194720,20151212,-9999,    9
194720,20151213,-9999,    9
194720,20151214,-9999,    9
194720,20151215,-9999,    9
194720,20151216,-9999,    9
194720,20151217,-9999,    9
194720,20151218,-9999,    9
194720,20151219,-9999,    9
194720,20151220,-9999,    9
194720,20151221,-9999,    9
194720,20151222,-9999,    9
194720,20151223,-9999,    9
194720,20151224,-9999,    9
194720,20151225,-9999,    9
194720,20151226,-9999,    9
194720,20151227,-9999,    9
194720,20151228,-9999,    9
194720,20151229,-9999,    9
194720,20151230,-9999,    9
194720,20151231,-9999,    9
194720,20160101,-9999,    9
194720,20160102,-9999,    9
194720,20160103,-9999,    9
194720,20160104,-9999,    9
194720,20160105,-9999,    9
194720,20160106,-9999,    9
194720,20160107,-9999,    9
194720,20160108,-9999,    9
194720,20160109,-9999,    9
194720,20160110,-9999,    9
194720,20160111,-9999,    9
194720,20160112,-9999,    9
194720,20160113,-9999,    9
194720,20160114,-9999,    9
194720,20160115,-9999,    9
194720,20160116,-9999,    9
194720,20160117,-9999,    9
194720,20160118,-9999,    9
194720,20160119,-9999,    9
194720,20160120,-9999,    9
194720,20160121,-9999,    9
194720,20160122,-9999,    9
194720,20160123,-9999,    9
194720,20160124,-9999,    9
194720,20160125,-9999,    9
194720,20160126,-9999,    9
194720,20160127,-9999,    9
194720,20160128,-9999,    9
194720,20160129,-9999,    9
194720,20160130,-9999,    9
194720,20160131,-9999,    9
194720,20160201,-9999,    9
194720,20160202,-9999,    9
194720,20160203,-9999,    9
194720,20160204,-9999,    9
194720,20160205,-9999,    9
194720,20160206,-9999,    9
194720,20160207,-9999,    9
194720,20160208,-9999,    9
194720,20160209,-9999,    9
194720,20160210,-9999,    9
194720,20160211,-9999,    9
194720,20160212,-9999,    9
194720,20160213,-9999,    9
194720,20160214,-9999,    9
194720,20160215,-9999,    9
194720,20160216,-9999,    9
194720,20160217,-9999,    9
194720,20160218,-9999,    9
194720,20160219,-9999,    9
194720,20160220,-9999,    9
194720,20160221,-9999,    9
194720,20160222,-9999,    9
194720,20160223,-9999,    9
194720,20160224,-9999,    9
194720,20160225,-9999,    9
194720,20160226,-9999,    9
194720,20160227,-9999,    9
194720,20160228,-9999,    9
194720,20160229,-9999,    9
194720,20160301,-9999,    9
194720,20160302,-9999,    9
194720,20160303,-9999,    9
194720,20160304,-9999,    9
194720,20160305,-9999,    9
194720,20160306,-9999,    9
194720,20160307,-9999,    9
194720,20160308,-9999,    9
194720,20160309,-9999,    9
194720,20160310,-9999,    9
194720,20160311,-9999,    9
194720,20160312,-9999,    9
194720,20160313,-9999,    9
194720,20160314,-9999,    9
194720,20160315,-9999,    9
194720,20160316,-9999,    9
194720,20160317,-9999,    9
194720,20160318,-9999,    9
194720,20160319,-9999,    9
194720,20160320,-9999,    9
194720,20160321,-9999,    9
194720,20160322,-9999,    9
194720,20160323,-9999,    9
194720,20160324,-9999,    9
194720,20160325,-9999,    9
194720,20160326,-9999,    9
194720,20160327,-9999,    9
194720,20160328,-9999,    9
194720,20160329,-9999,    9
194720,20160330,-9999,    9
194720,20160331,-9999,    9
194720,20160401,-9999,    9
194720,20160402,-9999,    9
194720,20160403,-9999,    9
194720,20160404,-9999,    9
194720,20160405,-9999,    9
194720,20160406,-9999,    9
194720,20160407,-9999,    9
194720,20160408,-9999,    9
194720,20160409,-9999,    9
194720,20160410,-9999,    9
194720,20160411,-9999,    9
194720,20160412,-9999,    9
194720,20160413,-9999,    9
194720,20160414,-9999,    9
194720,20160415,-9999,    9
194720,20160416,-9999,    9
194720,20160417,-9999,    9
194720,20160418,-9999,    9
194720,20160419,-9999,    9
194720,20160420,-9999,    9
194720,20160421,-9999,    9
194720,20160422,-9999,    9
194720,20160423,-9999,    9
194720,20160424,-9999,    9
194720,20160425,-9999,    9
194720,20160426,-9999,    9
194720,20160427,-9999,    9
194720,20160428,-9999,    9
194720,20160429,-9999,    9
194720,20160430,-9999,    9
194720,20160501,-9999,    9
194720,20160502,-9999,    9
194720,20160503,-9999,    9
194720,20160504,-9999,    9
194720,20160505,-9999,    9
194720,20160506,-9999,    9
194720,20160507,-9999,    9
194720,20160508,-9999,    9
194720,20160509,-9999,    9
194720,20160510,-9999,    9
194720,20160511,-9999,    9
194720,20160512,-9999,    9
194720,20160513,-9999,    9
194720,20160514,-9999,    9
194720,20160515,-9999,    9
194720,20160516,-9999,    9
194720,20160517,-9999,    9
194720,20160518,-9999,    9
194720,20160519,-9999,    9
194720,20160520,-9999,    9
194720,20160521,-9999,    9
194720,20160522,-9999,    9
194720,20160523,-9999,    9
194720,20160524,-9999,    9
194720,20160525,-9999,    9
194720,20160526,-9999,    9
194720,20160527,-9999,    9
194720,20160528,-9999,    9
194720,20160529,-9999,    9
194720,20160530,-9999,    9
194720,20160531,-9999,    9
194720,20160601,-9999,    9
194720,20160602,-9999,    9
194720,20160603,-9999,    9
194720,20160604,-9999,    9
194720,20160605,-9999,    9
194720,20160606,-9999,    9
194720,20160607,-9999,    9
194720,20160608,-9999,    9
194720,20160609,-9999,    9
194720,20160610,-9999,    9
194720,20160611,-9999,    9
194720,20160612,-9999,    9
194720,20160613,-9999,    9
194720,20160614,-9999,    9
194720,20160615,-9999,    9
194720,20160616,-9999,    9
194720,20160617,-9999,    9
194720,20160618,-9999,    9
194720,20160619,-9999,    9
194720,20160620,-9999,    9
194720,20160621,-9999,    9
194720,20160622,-9999,    9
194720,20160623,-9999,    9
194720,20160624,-9999,    9
194720,20160625,-9999,    9
194720,20160626,-9999,    9
194720,20160627,-9999,    9
194720,20160628,-9999,    9
194720,20160629,-9999,    9
194720,20160630,-9999,    9
194720,20160701,-9999,    9
194720,20160702,-9999,    9
194720,20160703,-9999,    9
194720,20160704,-9999,    9
194720,20160705,-9999,    9
194720,20160706,-9999,    9
194720,20160707,-9999,    9
194720,20160708,-9999,    9
194720,20160709,-9999,    9
194720,20160710,-9999,    9
194720,20160711,-9999,    9
194720,20160712,-9999,    9
194720,20160713,-9999,    9
194720,20160714,-9999,    9
194720,20160715,-9999,    9
194720,20160716,-9999,    9
194720,20160717,-9999,    9
194720,20160718,-9999,    9
194720,20160719,-9999,    9
194720,20160720,-9999,    9
194720,20160721,-9999,    9
194720,20160722,-9999,    9
194720,20160723,-9999,    9
194720,20160724,-9999,    9
194720,20160725,-9999,    9
194720,20160726,-9999,    9
194720,20160727,-9999,    9
194720,20160728,-9999,    9
194720,20160729,-9999,    9
194720,20160730,-9999,    9
194720,20160731,-9999,    9
194720,20160801,-9999,    9
194720,20160802,-9999,    9
194720,20160803,-9999,    9
194720,20160804,-9999,    9
194720,20160805,-9999,    9
194720,20160806,-9999,    9
194720,20160807,-9999,    9
194720,20160808,-9999,    9
194720,20160809,-9999,    9
194720,20160810,-9999,    9
194720,20160811,-9999,    9
194720,20160812,-9999,    9
194720,20160813,-9999,    9
194720,20160814,-9999,    9
194720,20160815,-9999,    9
194720,20160816,-9999,    9
194720,20160817,-9999,    9
194720,20160818,-9999,    9
194720,20160819,-9999,    9
194720,20160820,-9999,    9
194720,20160821,-9999,    9
194720,20160822,-9999,    9
194720,20160823,-9999,    9
194720,20160824,-9999,    9
194720,20160825,-9999,    9
194720,20160826,-9999,    9
194720,20160827,-9999,    9
194720,20160828,-9999,    9
194720,20160829,-9999,    9
194720,20160830,-9999,    9
194720,20160831,-9999,    9
194720,20160901,-9999,    9
194720,20160902,-9999,    9
194720,20160903,-9999,    9
194720,20160904,-9999,    9
194720,20160905,-9999,    9
194720,20160906,-9999,    9
194720,20160907,-9999,    9
194720,20160908,-9999,    9
194720,20160909,-9999,    9
194720,20160910,-9999,    9
194720,20160911,-9999,    9
194720,20160912,-9999,    9
194720,20160913,-9999,    9
194720,20160914,-9999,    9
194720,20160915,-9999,    9
194720,20160916,-9999,    9
194720,20160917,-9999,    9
194720,20160918,-9999,    9
194720,20160919,-9999,    9
194720,20160920,-9999,    9
194720,20160921,-9999,    9
194720,20160922,-9999,    9
194720,20160923,-9999,    9
194720,20160924,-9999,    9
194720,20160925,-9999,    9
194720,20160926,-9999,    9
194720,20160927,-9999,    9
194720,20160928,-9999,    9
194720,20160929,-9999,    9
194720,20160930,-9999,    9
194720,20161001,-9999,    9
194720,20161002,-9999,    9
194720,20161003,-9999,    9
194720,20161004,-9999,    9
194720,20161005,-9999,    9
194720,20161006,-9999,    9
194720,20161007,-9999,    9
194720,20161008,-9999,    9
194720,20161009,-9999,    9
194720,20161010,-9999,    9
194720,20161011,-9999,    9
194720,20161012,-9999,    9
194720,20161013,-9999,    9
194720,20161014,-9999,    9
194720,20161015,-9999,    9
194720,20161016,-9999,    9
194720,20161017,-9999,    9
194720,20161018,-9999,    9
194720,20161019,-9999,    9
194720,20161020,-9999,    9
194720,20161021,-9999,    9
194720,20161022,-9999,    9
194720,20161023,-9999,    9
194720,20161024,-9999,    9
194720,20161025,-9999,    9
194720,20161026,-9999,    9
194720,20161027,-9999,    9
194720,20161028,-9999,    9
194720,20161029,-9999,    9
194720,20161030,-9999,    9
194720,20161031,-9999,    9
194720,20161101,-9999,    9
194720,20161102,-9999,    9
194720,20161103,-9999,    9
194720,20161104,-9999,    9
194720,20161105,-9999,    9
194720,20161106,-9999,    9
194720,20161107,-9999,    9
194720,20161108,-9999,    9
194720,20161109,-9999,    9
194720,20161110,-9999,    9
194720,20161111,-9999,    9
194720,20161112,-9999,    9
194720,20161113,-9999,    9
194720,20161114,-9999,    9
194720,20161115,-9999,    9
194720,20161116,-9999,    9
194720,20161117,-9999,    9
194720,20161118,-9999,    9
194720,20161119,-9999,    9
194720,20161120,-9999,    9
194720,20161121,-9999,    9
194720,20161122,-9999,    9
194720,20161123,-9999,    9
194720,20161124,-9999,    9
194720,20161125,-9999,    9
194720,20161126,-9999,    9
194720,20161127,-9999,    9
194720,20161128,-9999,    9
194720,20161129,-9999,    9
194720,20161130,-9999,    9
194720,20161201,-9999,    9
194720,20161202,-9999,    9
194720,20161203,-9999,    9
194720,20161204,-9999,    9
194720,20161205,-9999,    9
194720,20161206,-9999,    9
194720,20161207,-9999,    9
194720,20161208,-9999,    9
194720,20161209,-9999,    9
194720,20161210,-9999,    9
194720,20161211,-9999,    9
194720,20161212,-9999,    9
194720,20161213,-9999,    9
194720,20161214,-9999,    9
194720,20161215,-9999,    9
194720,20161216,-9999,    9
194720,20161217,-9999,    9
194720,20161218,-9999,    9
194720,20161219,-9999,    9
194720,20161220,-9999,    9
194720,20161221,-9999,    9
194720,20161222,-9999,    9
194720,20161223,-9999,    9
194720,20161224,-9999,    9
194720,20161225,-9999,    9
194720,20161226,-9999,    9
194720,20161227,-9999,    9
194720,20161228,-9999,    9
194720,20161229,-9999,    9
194720,20161230,-9999,    9
194720,20161231,    5,    0
194720,20170101,   10,    0
194720,20170102,   21,    0
194720,20170103,   28,    0
194720,20170104,   15,    0
194720,20170105,   23,    0
194720,20170106,  -16,    0
194720,20170107,  -28,    0
194720,20170108,  -30,    0
194720,20170109,  -19,    0
194720,20170110,  -16,    0
194720,20170111,  -11,    0
194720,20170112,  -11,    0
194720,20170113,    7,    0
194720,20170114,   22,    0
194720,20170115,    8,    0
194720,20170116,    8,    0
194720,20170117,   31,    0
194720,20170118,   26,    0
194720,20170119,   21,    0
194720,20170120,   -2,    0
194720,20170121,  -12,    0
194720,20170122,    9,    0
194720,20170123,   34,    0
194720,20170124,   57,    0
194720,20170125,   14,    0
194720,20170126,    0,    0
194720,20170127,    4,    0
194720,20170128,    2,    0
194720,20170129,   11,    0
194720,20170130,   17,    0
194720,20170131,   32,    0
194720,20170201,   45,    0
194720,20170202,   49,    0
194720,20170203,   72,    0
194720,20170204,   67,    0
194720,20170205,   50,    0
194720,20170206,   62,    0
194720,20170207,   84,    0
194720,20170208,   57,    0
194720,20170209,   36,    0
194720,20170210,   49,    0
194720,20170211,   60,    0
194720,20170212,   70,    0
194720,20170213,   72,    0
194720,20170214,   61,    0
194720,20170215,   66,    0
194720,20170216,   80,    0
194720,20170217,   83,    0
194720,20170218,   72,    0
194720,20170219,   51,    0
194720,20170220,   42,    0
194720,20170221,   59,    0
194720,20170222,   73,    0
194720,20170223,   50,    0
194720,20170224,   63,    0
194720,20170225,   72,    0
194720,20170226,   65,    0
194720,20170227,   75,    0
194720,20170228,  127,    0
194720,20170301,  119,    0
194720,20170302,   90,    0
194720,20170303,   97,    0
194720,20170304,   97,    0
194720,20170305,  116,    0
194720,20170306,  100,    0
194720,20170307,  108,    0
194720,20170308,   99,    0
194720,20170309,  109,    0
194720,20170310,  125,    0
194720,20170311,   97,    0
194720,20170312,   94,    0
194720,20170313,-9999,    9
194720,20170314,  114,    0
194720,20170315,  120,    0
194720,20170316,  122,    0
194720,20170317,  131,    0
194720,20170318,  139,    0
194720,20170319,  127,    0
194720,20170320,  112,    0
194720,20170321,  122,    0
194720,20170322,  131,    0
194720,20170323,  146,    0
194720,20170324,  148,    0
194720,20170325,  149,    0
194720,20170326,  130,    0
194720,20170327,   99,    0
194720,20170328,  110,    0
194720,20170329,  141,    0
194720,20170330,  165,    0
194720,20170331,  162,    0
194720,20170401,  150,    0
194720,20170402,  147,    0
194720,20170403,  157,    0
194720,20170404,  169,    0
194720,20170405,  129,    0
194720,20170406,  136,    0
194720,20170407,  146,    0
194720,20170408,  148,    0
194720,20170409,  161,    0
194720,20170410,  170,    0
194720,20170411,  159,    0
194720,20170412,  159,    0
194720,20170413,  177,    0
194720,20170414,  171,    0
194720,20170415,  160,    0
194720,20170416,  168,    0
194720,20170417,  139,    0
194720,20170418,   81,    0
194720,20170419,   88,    0
194720,20170420,   91,    0
194720,20170421,  101,    0
194720,20170422,  128,    0
194720,20170423,  139,    0
194720,20170424,  156,    0
194720,20170425,  171,    0
194720,20170426,  169,    0
194720,20170427,  155,    0
194720,20170428,  132,    0
194720,20170429,  114,    0
194720,20170430,  124,    0
194720,20170501,  128,    0
194720,20170502,  140,    0
194720,20170503,  145,    0
194720,20170504,  145,    0
194720,20170505,  157,    0
194720,20170506,  140,    0
194720,20170507,  125,    0
194720,20170508,  146,    0
194720,20170509,  149,    0
194720,20170510,  151,    0
194720,20170511,  166,    0
194720,20170512,  180,    0
194720,20170513,  198,    0
194720,20170514,  206,    0
194720,20170515,  189,    0
194720,20170516,-9999,    9
194720,20170517,-9999,    9
194720,20170518,  208,    0
194720,20170519,  202,    0
194720,20170520,  169,    0
194720,20170521,  200,    0
194720,20170522,  216,    0
194720,20170523,  229,    0
194720,20170524,  229,    0
194720,20170525,  205,    0
194720,20170526,  200,    0
194720,20170527,  222,    0
194720,20170528,  232,    0
194720,20170529,  233,    0
194720,20170530,  245,    0
194720,20170531,  247,    0
194720,20170601,  240,    0
194720,20170602,  238,    0
194720,20170603,  247,    0
194720,20170604,  243,    0
194720,20170605,  226,    0
194720,20170606,  222,    0
194720,20170607,  224,    0
194720,20170608,  203,    0
194720,20170609,  221,    0
194720,20170610,  238,    0
194720,20170611,  239,    0
194720,20170612,  251,    0
194720,20170613,  264,    0
194720,20170614,  257,    0
194720,20170615,  250,    0
194720,20170616,  272,    0
194720,20170617,  259,    0
194720,20170618,  235,    0
194720,20170619,  238,    0
194720,20170620,  263,    0
194720,20170621,  271,    0
194720,20170622,  283,    0
194720,20170623,  296,    0
194720,20170624,  295,    0
194720,20170625,  262,    0
194720,20170626,  257,    0
194720,20170627,  248,    0
194720,20170628,  232,    0
194720,20170629,  230,    0
194720,20170630,  216,    0
194720,20170701,  222,    0
194720,20170702,  221,    0
194720,20170703,  255,    0
194720,20170704,  248,    0
194720,20170705,  262,    0
194720,20170706,  272,    0
194720,20170707,  285,    0
194720,20170708,  286,    0
194720,20170709,  283,    0
194720,20170710,  286,    0
194720,20170711,  250,    0
194720,20170712,  263,    0
194720,20170713,  270,    0
194720,20170714,  237,    0
194720,20170715,-9999,    9
194720,20170716,  227,    0
194720,20170717,  232,    0
194720,20170718,  251,    0
194720,20170719,  267,    0
194720,20170720,  269,    0
194720,20170721,  269,    0
194720,20170722,  280,    0
194720,20170723,  285,    0
194720,20170724,  251,    0
194720,20170725,  233,    0
194720,20170726,  231,    0
194720,20170727,  248,    0
194720,20170728,  261,    0
194720,20170729,  267,    0
194720,20170730,  266,    0
194720,20170731,  281,    0
194720,20170801,  294,    0
194720,20170802,  313,    0
194720,20170803,  317,    0
194720,20170804,  319,    0
194720,20170805,  309,    0
194720,20170806,  278,    0
194720,20170807,  252,    0
194720,20170808,  258,    0
194720,20170809,  284,    0
194720,20170810,  250,    0
194720,20170811,  229,    0
194720,20170812,  220,    0
194720,20170813,  242,    0
194720,20170814,  250,    0
194720,20170815,  264,    0
194720,20170816,  267,    0
194720,20170817,  275,    0
194720,20170818,  281,    0
194720,20170819,  264,    0
194720,20170820,  228,    0
194720,20170821,  221,    0
194720,20170822,  223,    0
194720,20170823,  234,    0
194720,20170824,  252,    0
194720,20170825,  264,    0
194720,20170826,  274,    0
194720,20170827,  287,    0
194720,20170828,  277,    0
194720,20170829,  250,    0
194720,20170830,  258,    0
194720,20170831,  270,    0
194720,20170901,  244,    0
194720,20170902,  171,    0
194720,20170903,  186,    0
194720,20170904,  191,    0
194720,20170905,  221,    0
194720,20170906,  226,    0
194720,20170907,  217,    0
194720,20170908,  204,    0
194720,20170909,  213,    0
194720,20170910,  187,    0
194720,20170911,  179,    0
194720,20170912,  171,    0
194720,20170913,  183,    0
194720,20170914,  208,    0
194720,20170915,  178,    0
194720,20170916,  163,    0
194720,20170917,  175,    0
194720,20170918,  151,    0
194720,20170919,  136,    0
194720,20170920,-9999,    9
194720,20170921,  157,    0
194720,20170922,  168,    0
194720,20170923,  178,    0
194720,20170924,  159,    0
194720,20170925,  157,    0
194720,20170926,  158,    0
194720,20170927,  172,    0
194720,20170928,  175,    0
194720,20170929,  168,    0
194720,20170930,  165,    0
194720,20171001,  144,    0
194720,20171002,  163,    0
194720,20171003,  165,    0
194720,20171004,  182,    0
194720,20171005,  176,    0
194720,20171006,  157,    0
194720,20171007,  139,    0
194720,20171008,  154,    0
194720,20171009,  150,    0
194720,20171010,  157,    0
194720,20171011,  160,    0
194720,20171012,  165,    0
194720,20171013,  161,    0
194720,20171014,  162,    0
194720,20171015,  164,    0
194720,20171016,  166,    0
194720,20171017,  154,    0
194720,20171018,  143,    0
194720,20171019,  128,    0
194720,20171020,  136,    0
194720,20171021,  150,    0
194720,20171022,  148,    0
194720,20171023,  127,    0
194720,20171024,  130,    0
194720,20171025,  124,    0
194720,20171026,  126,    0
194720,20171027,  127,    0
194720,20171028,  116,    0
194720,20171029,  133,    0
194720,20171030,  117,    0
194720,20171031,  102,    0
194720,20171101,   98,    0
194720,20171102,  111,    0
194720,20171103,  125,    0
194720,20171104,  122,    0
194720,20171105,  120,    0
194720,20171106,   98,    0
194720,20171107,   95,    0
194720,20171108,   97,    0
194720,20171109,  102,    0
194720,20171110,   99,    0
194720,20171111,   84,    0
194720,20171112,   84,    0
194720,20171113,   38,    0
194720,20171114,   67,    0
194720,20171115,   69,    0
194720,20171116,   74,    0
194720,20171117,   70,    0
194720,20171118,   73,    0
194720,20171119,   67,    0
194720,20171120,   34,    0
194720,20171121,   63,    0
194720,20171122,   76,    0
194720,20171123,   80,    0
194720,20171124,   84,    0
194720,20171125,   93,    0
194720,20171126,   63,    0
194720,20171127,   33,    0
194720,20171128,   24,    0
194720,20171129,   33,    0
194720,20171130,   47,    0
194720,20171201,   19,    0
194720,20171202,   50,    0
194720,20171203,   25,    0
194720,20171204,   17,    0
194720,20171205,   21,    0
194720,20171206,   43,    0
194720,20171207,   52,    0
194720,20171208,   43,    0
194720,20171209,   31,    0
194720,20171210,   13,    0
194720,20171211,   26,    0
194720,20171212,   42,    0
194720,20171213,   38,    0
194720,20171214,   34,    0
194720,20171215,   36,    0
194720,20171216,   31,    0
194720,20171217,   21,    0
194720,20171218,    4,    0
194720,20171219,    0,    0
194720,20171220,    7,    0
194720,20171221,    0,    0
194720,20171222,   11,    0
194720,20171223,   30,    0
194720,20171224,   41,    0
194720,20171225,   49,    0
194720,20171226,   53,    0
194720,20171227,   65,    0
194720,20171228,   37,    0
194720,20171229,   43,    0
194720,20171230,   20,    0
194720,20171231,   19,    0
194720,20180101,   17,    0
194720,20180102,   54,    0
194720,20180103,   38,    0
194720,20180104,   52,    0
194720,20180105,   37,    0
194720,20180106,   59,    0
194720,20180107,   74,    0
194720,20180108,   94,    0
194720,20180109,  107,    0
194720,20180110,   80,    0
194720,20180111,   69,    0
194720,20180112,   63,    0
194720,20180113,   45,    0
194720,20180114,   27,    0
194720,20180115,   23,    0
194720,20180116,   34,    0
194720,20180117,   55,    0
194720,20180118,   59,    0
194720,20180119,   40,    0
194720,20180120,   27,    0
194720,20180121,   50,    0
194720,20180122,   34,    0
194720,20180123,   48,    0
194720,20180124,   56,    0
194720,20180125,   51,    0
194720,20180126,   67,    0
194720,20180127,   73,    0
194720,20180128,   73,    0
194720,20180129,   34,    0
194720,20180130,   33,    0
194720,20180131,   54,    0
194720,20180201,   89,    0
194720,20180202,   64,    0
194720,20180203,   28,    0
194720,20180204,   42,    0
194720,20180205,   56,    0
194720,20180206,   45,    0
194720,20180207,   38,    0
194720,20180208,   50,    0
194720,20180209,   62,    0
194720,20180210,   29,    0
194720,20180211,   44,    0
194720,20180212,   27,    0
194720,20180213,   32,    0
194720,20180214,   22,    0
194720,20180215,   29,    0
194720,20180216,   49,    0
194720,20180217,   46,    0
194720,20180218,-9999,    9
194720,20180219,   36,    0
194720,20180220,   22,    0
194720,20180221,   42,    0
194720,20180222,   32,    0
194720,20180223,   25,    0
194720,20180224,   45,    0
194720,20180225,    9,    0
194720,20180226,  -28,    0
194720,20180227,  -39,    0
194720,20180228,  -24,    0
194720,20180301,  -26,    0
194720,20180302,   -5,    0
194720,20180303,    0,    0
194720,20180304,    0,    0
194720,20180305,   23,    0
194720,20180306,-9999,    9
194720,20180307,   74,    0
194720,20180308,   91,    0
194720,20180309,   98,    0
194720,20180310,  102,    0
194720,20180311,   93,    0
194720,20180312,  106,    0
194720,20180313,  110,    0
194720,20180314,  111,    0
194720,20180315,   90,    0
194720,20180316,  109,    0
194720,20180317,   99,    0
194720,20180318,   73,    0
194720,20180319,   23,    0
194720,20180320,   57,    0
194720,20180321,   52,    0
194720,20180322,   43,    0
194720,20180323,   63,    0
194720,20180324,   74,    0
194720,20180325,   61,    0
194720,20180326,   90,    0
194720,20180327,  122,    0
194720,20180328,  105,    0
194720,20180329,  123,    0
194720,20180330,  162,    0
194720,20180331,  116,    0
194720,20180401,  126,    0
194720,20180402,  127,    0
194720,20180403,  129,    0
194720,20180404,  125,    0
194720,20180405,  126,    0
194720,20180406,  131,    0
194720,20180407,  135,    0
194720,20180408,  128,    0
194720,20180409,  119,    0
194720,20180410,  136,    0
194720,20180411,-9999,    9
194720,20180412,  136,    0
194720,20180413,  144,    0
194720,20180414,  148,    0
194720,20180415,  141,    0
194720,20180416,  174,    0
194720,20180417,  172,    0
194720,20180418,  174,    0
194720,20180419,  175,    0
194720,20180420,  192,    0
194720,20180421,  197,    0
194720,20180422,  186,    0
194720,20180423,-9999,    9
194720,20180424,  202,    0
194720,20180425,  211,    0
194720,20180426,  207,    0
194720,20180427,  184,    0
194720,20180428,  195,    0
194720,20180429,  198,    0
194720,20180430,  185,    0
194720,20180501,  148,    0
194720,20180502,  140,    0
194720,20180503,  158,    0
194720,20180504,  180,    0
194720,20180505,  179,    0
194720,20180506,  210,    0
194720,20180507,  207,    0
194720,20180508,  199,    0
194720,20180509,  180,    0
194720,20180510,  182,    0
194720,20180511,  200,    0
194720,20180512,  191,    0
194720,20180513,  201,    0
194720,20180514,  155,    0
194720,20180515,  147,    0
194720,20180516,  162,    0
194720,20180517,  162,    0
194720,20180518,  187,    0
194720,20180519,  192,    0
194720,20180520,  195,    0
194720,20180521,  193,    0
194720,20180522,  177,    0
194720,20180523,  191,    0
194720,20180524,  214,    0
194720,20180525,  230,    0
194720,20180526,  240,    0
194720,20180527,  241,    0
194720,20180528,  229,    0
194720,20180529,  227,    0
194720,20180530,  233,    0
194720,20180531,  226,    0
194720,20180601,  231,    0
194720,20180602,  235,    0
194720,20180603,  238,    0
194720,20180604,  224,    0
194720,20180605,  228,    0
194720,20180606,  229,    0
194720,20180607,  236,    0
194720,20180608,  196,    0
194720,20180609,  237,    0
194720,20180610,  249,    0
194720,20180611,  247,    0
194720,20180612,  234,    0
194720,20180613,  218,    0
194720,20180614,  206,    0
194720,20180615,  221,    0
194720,20180616,  228,    0
194720,20180617,  248,    0
194720,20180618,  232,    0
194720,20180619,  246,    0
194720,20180620,  249,    0
194720,20180621,  268,    0
194720,20180622,  213,    0
194720,20180623,  203,    0
194720,20180624,  206,    0
194720,20180625,  185,    0
194720,20180626,  205,    0
194720,20180627,  213,    0
194720,20180628,  222,    0
194720,20180629,  250,    0
194720,20180630,  275,    0
194720,20180701,  246,    0
194720,20180702,  253,    0
194720,20180703,  262,    0
194720,20180704,  256,    0
194720,20180705,  253,    0
194720,20180706,  233,    0
194720,20180707,  257,    0
194720,20180708,  257,    0
194720,20180709,  254,    0
194720,20180710,  257,    0
194720,20180711,  210,    0
194720,20180712,  244,    0
194720,20180713,  257,    0
194720,20180714,  263,    0
194720,20180715,  256,    0
194720,20180716,  215,    0
194720,20180717,  240,    0
194720,20180718,  267,    0
194720,20180719,  268,    0
194720,20180720,  260,    0
194720,20180721,  227,    0
194720,20180722,  241,    0
194720,20180723,  251,    0
194720,20180724,  266,    0
194720,20180725,  276,    0
194720,20180726,  260,    0
194720,20180727,  266,    0
194720,20180728,  273,    0
194720,20180729,  278,    0
194720,20180730,  290,    0
194720,20180731,  300,    0
194720,20180801,  302,    0
194720,20180802,  278,    0
194720,20180803,  278,    0
194720,20180804,  281,    0
194720,20180805,  287,    0
194720,20180806,  288,    0
194720,20180807,  271,    0
194720,20180808,  264,    0
194720,20180809,  261,    0
194720,20180810,  263,    0
194720,20180811,  275,    0
194720,20180812,  249,    0
194720,20180813,  244,    0
194720,20180814,  220,    0
194720,20180815,  236,    0
194720,20180816,  241,    0
194720,20180817,  252,    0
194720,20180818,  256,    0
194720,20180819,  262,    0
194720,20180820,  266,    0
194720,20180821,  266,    0
194720,20180822,  266,    0
194720,20180823,  263,    0
194720,20180824,  259,    0
194720,20180825,  222,    0
194720,20180826,  180,    0
194720,20180827,  192,    0
194720,20180828,  220,    0
194720,20180829,  236,    0
194720,20180830,  240,    0
194720,20180831,  221,    0
194720,20180901,  191,    0
194720,20180902,  183,    0
194720,20180903,  200,    0
194720,20180904,  214,    0
194720,20180905,  226,    0
194720,20180906,  227,    0
194720,20180907,  209,    0
194720,20180908,  220,    0
194720,20180909,  229,    0
194720,20180910,  242,    0
194720,20180911,  247,    0
194720,20180912,  250,    0
194720,20180913,  231,    0
194720,20180914,  245,    0
194720,20180915,  229,    0
194720,20180916,  235,    0
194720,20180917,  228,    0
194720,20180918,  226,    0
194720,20180919,  231,    0
194720,20180920,  232,    0
194720,20180921,  237,    0
194720,20180922,-9999,    9
194720,20180923,-9999,    9
194720,20180924,-9999,    9
194720,20180925,  160,    0
194720,20180926,  141,    0
194720,20180927,  146,    0
194720,20180928,  172,    0
194720,20180929,  178,    0
194720,20180930,  167,    0
194720,20181001,  130,    0
194720,20181002,  144,    0
194720,20181003,  142,    0
194720,20181004,  156,    0
194720,20181005,  156,    0
194720,20181006,  154,    0
194720,20181007,  172,    0
194720,20181008,-9999,    9
194720,20181009,  177,    0
194720,20181010,  177,    0
194720,20181011,  175,    0
194720,20181012,  180,    0
194720,20181013,  164,    0
194720,20181014,  158,    0
194720,20181015,  164,    0
194720,20181016,  157,    0
194720,20181017,  167,    0
194720,20181018,  178,    0
194720,20181019,  166,    0
194720,20181020,  160,    0
194720,20181021,  128,    0
194720,20181022,  117,    0
194720,20181023,  125,    0
194720,20181024,  179,    0
194720,20181025,  151,    0
194720,20181026,  144,    0
194720,20181027,  203,    0
194720,20181028,  192,    0
194720,20181029,  173,    0
194720,20181030,  138,    0
194720,20181031,  133,    0
194720,20181101,  144,    0
194720,20181102,  132,    0
194720,20181103,  144,    0
194720,20181104,  145,    0
194720,20181105,  161,    0
194720,20181106,-9999,    9
194720,20181107,  146,    0
194720,20181108,  142,    0
194720,20181109,  117,    0
194720,20181110,  130,    0
194720,20181111,  144,    0
194720,20181112,  140,    0
194720,20181113,  147,    0
194720,20181114,  128,    0
194720,20181115,  108,    0
194720,20181116,   89,    0
194720,20181117,   80,    0
194720,20181118,   52,    0
194720,20181119,   48,    0
194720,20181120,   40,    0
194720,20181121,   76,    0
194720,20181122,   85,    0
194720,20181123,   84,    0
194720,20181124,   99,    0
194720,20181125,   90,    0
194720,20181126,  100,    0
194720,20181127,   98,    0
194720,20181128,   70,    0
194720,20181129,-9999,    9
194720,20181130,   22,    0
194720,20181201,   41,    0
194720,20181202,   38,    0
194720,20181203,   69,    0
194720,20181204,   63,    0
194720,20181205,   47,    0
194720,20181206,   71,    0
194720,20181207,   68,    0
194720,20181208,   82,    0
194720,20181209,   38,    0
194720,20181210,   87,    0
194720,20181211,   51,    0
194720,20181212,   20,    0
194720,20181213,   21,    0
194720,20181214,   16,    0
194720,20181215,    0,    0
194720,20181216,   -4,    0
194720,20181217,    7,    0
194720,20181218,  -22,    0
194720,20181219,   -9,    0
194720,20181220,    8,    0
194720,20181221,    5,    0
194720,20181222,-9999,    9
194720,20181223,   36,    0
194720,20181224,   38,    0
194720,20181225,   31,    0
194720,20181226,    7,    0
194720,20181227,-9999,    9
194720,20181228,-9999,    9
194720,20181229,   28,    0
194720,20181230,   29,    0
194720,20181231,   32,    0
194720,20190101,    7,    0
194720,20190102,    2,    0
194720,20190103,   -4,    0
194720,20190104,   -1,    0
194720,20190105,   -3,    0
194720,20190106,   32,    0
194720,20190107,    3,    0
194720,20190108,  -11,    0
194720,20190109,   -1,    0
194720,20190110,   11,    0
194720,20190111,    8,    0
194720,20190112,   13,    0
194720,20190113,   22,    0
194720,20190114,   60,    0
194720,20190115,   56,    0
194720,20190116,   55,    0
194720,20190117,   58,    0
194720,20190118,   57,    0
194720,20190119,   34,    0
194720,20190120,   29,    0
194720,20190121,   29,    0
194720,20190122,   20,    0
194720,20190123,   12,    0
194720,20190124,   11,    0
194720,20190125,    9,    0
194720,20190126,    7,    0
194720,20190127,    1,    0
194720,20190128,   24,    0
194720,20190129,   31,    0
194720,20190130,   11,    0
194720,20190131,    0,    0
194720,20190201,   11,    0
194720,20190202,   30,    0
194720,20190203,   59,    0
194720,20190204,   57,    0
194720,20190205,   35,    0
194720,20190206,   43,    0
194720,20190207,   42,    0
194720,20190208,   49,    0
194720,20190209,   59,    0
194720,20190210,   74,    0
194720,20190211,   75,    0
194720,20190212,   73,    0
194720,20190213,   48,    0
194720,20190214,   54,    0
194720,20190215,   61,    0
194720,20190216,   62,    0
194720,20190217,   73,    0
194720,20190218,   83,    0
194720,20190219,   74,    0
194720,20190220,   60,    0
194720,20190221,   62,    0
194720,20190222,   94,    0
194720,20190223,   55,    0
194720,20190224,   30,    0
194720,20190225,   72,    0
194720,20190226,  100,    0
194720,20190227,  119,    0
194720,20190228,   97,    0
194720,20190301,   72,    0
194720,20190302,  102,    0
194720,20190303,  103,    0
194720,20190304,  108,    0
194720,20190305,  111,    0
194720,20190306,   96,    0
194720,20190307,  150,    0
194720,20190308,-9999,    9
194720,20190309,-9999,    9
194720,20190310,-9999,    9
194720,20190311,-9999,    9
194720,20190312,   88,    0
194720,20190313,   58,    0
194720,20190314,   80,    0
194720,20190315,  116,    0
194720,20190316,  125,    0
194720,20190317,  118,    0
194720,20190318,   97,    0
194720,20190319,   76,    0
194720,20190320,   76,    0
194720,20190321,   73,    0
194720,20190322,   97,    0
194720,20190323,  128,    0
194720,20190324,  147,    0
194720,20190325,  150,    0
194720,20190326,   84,    0
194720,20190327,   79,    0
194720,20190328,   86,    0
194720,20190329,   98,    0
194720,20190330,  117,    0
194720,20190331,  127,    0
194720,20190401,  137,    0
194720,20190402,  146,    0
194720,20190403,  148,    0
194720,20190404,  124,    0
194720,20190405,  109,    0
194720,20190406,  114,    0
194720,20190407,  117,    0
194720,20190408,  119,    0
194720,20190409,-9999,    9
194720,20190410,-9999,    9
194720,20190411,  122,    0
194720,20190412,  119,    0
194720,20190413,  100,    0
194720,20190414,   90,    0
194720,20190415,  119,    0
194720,20190416,  127,    0
194720,20190417,  144,    0
194720,20190418,  141,    0
194720,20190419,  140,    0
194720,20190420,  152,    0
194720,20190421,  152,    0
194720,20190422,  147,    0
194720,20190423,  149,    0
194720,20190424,  176,    0
194720,20190425,  157,    0
194720,20190426,  168,    0
194720,20190427,  158,    0
194720,20190428,  108,    0
194720,20190429,-9999,    9
194720,20190430,  144,    0
194720,20190501,  173,    0
194720,20190502,  167,    0
194720,20190503,  149,    0
194720,20190504,  140,    0
194720,20190505,   83,    0
194720,20190506,  105,    0
194720,20190507,  127,    0
194720,20190508,  133,    0
194720,20190509,  147,    0
194720,20190510,  169,    0
194720,20190511,  164,    0
194720,20190512,  109,    0
194720,20190513,  124,    0
194720,20190514,  122,    0
194720,20190515,   90,    0
194720,20190516,-9999,    9
194720,20190517,  146,    0
194720,20190518,  136,    0
194720,20190519,  145,    0
194720,20190520,  158,    0
194720,20190521,  177,    0
194720,20190522,  187,    0
194720,20190523,  193,    0
194720,20190524,  201,    0
194720,20190525,  189,    0
194720,20190526,  175,    0
194720,20190527,  156,    0
194720,20190528,  178,    0
194720,20190529,  136,    0
194720,20190530,  168,    0
194720,20190531,-9999,    9
194720,20190601,-9999,    9
194720,20190602,-9999,    9
194720,20190603,-9999,    9
194720,20190604,-9999,    9
194720,20190605,-9999,    9
194720,20190606,-9999,    9
194720,20190607,-9999,    9
194720,20190608,-9999,    9
194720,20190609,-9999,    9
194720,20190610,-9999,    9
194720,20190611,-9999,    9
194720,20190612,-9999,    9
194720,20190613,-9999,    9
194720,20190614,-9999,    9
194720,20190615,-9999,    9
194720,20190616,-9999,    9
194720,20190617,-9999,    9
194720,20190618,-9999,    9
194720,20190619,-9999,    9
194720,20190620,-9999,    9
194720,20190621,-9999,    9
194720,20190622,-9999,    9
194720,20190623,-9999,    9
194720,20190624,-9999,    9
194720,20190625,-9999,    9
194720,20190626,-9999,    9
194720,20190627,-9999,    9
194720,20190628,-9999,    9
194720,20190629,-9999,    9
194720,20190630,-9999,    9
194720,20190701,-9999,    9
194720,20190702,-9999,    9
194720,20190703,-9999,    9
194720,20190704,-9999,    9
194720,20190705,-9999,    9
194720,20190706,-9999,    9
194720,20190707,-9999,    9
194720,20190708,-9999,    9
194720,20190709,-9999,    9
194720,20190710,-9999,    9
194720,20190711,-9999,    9
194720,20190712,-9999,    9
194720,20190713,-9999,    9
194720,20190714,-9999,    9
194720,20190715,-9999,    9
194720,20190716,-9999,    9
194720,20190717,-9999,    9
194720,20190718,-9999,    9
194720,20190719,-9999,    9
194720,20190720,-9999,    9
194720,20190721,-9999,    9
194720,20190722,-9999,    9
194720,20190723,-9999,    9
194720,20190724,-9999,    9
194720,20190725,-9999,    9
194720,20190726,-9999,    9
194720,20190727,-9999,    9
194720,20190728,-9999,    9
194720,20190729,-9999,    9
194720,20190730,-9999,    9
194720,20190731,-9999,    9
194720,20190801,-9999,    9
194720,20190802,-9999,    9
194720,20190803,-9999,    9
194720,20190804,-9999,    9
194720,20190805,-9999,    9
194720,20190806,-9999,    9
194720,20190807,-9999,    9
194720,20190808,-9999,    9
194720,20190809,-9999,    9
194720,20190810,-9999,    9
194720,20190811,-9999,    9
194720,20190812,-9999,    9
194720,20190813,-9999,    9
194720,20190814,-9999,    9
194720,20190815,-9999,    9
194720,20190816,-9999,    9
194720,20190817,-9999,    9
194720,20190818,-9999,    9
194720,20190819,-9999,    9
194720,20190820,-9999,    9
194720,20190821,-9999,    9
194720,20190822,-9999,    9
194720,20190823,-9999,    9
194720,20190824,-9999,    9
194720,20190825,-9999,    9
194720,20190826,-9999,    9
194720,20190827,-9999,    9
194720,20190828,-9999,    9
194720,20190829,-9999,    9
194720,20190830,-9999,    9
194720,20190831,-9999,    9
194720,20190901,-9999,    9
194720,20190902,-9999,    9
194720,20190903,-9999,    9
194720,20190904,-9999,    9
194720,20190905,-9999,    9
194720,20190906,-9999,    9
194720,20190907,-9999,    9
194720,20190908,-9999,    9
194720,20190909,-9999,    9
194720,20190910,-9999,    9
194720,20190911,-9999,    9
194720,20190912,-9999,    9
194720,20190913,-9999,    9
194720,20190914,-9999,    9
194720,20190915,-9999,    9
194720,20190916,-9999,    9
194720,20190917,-9999,    9
194720,20190918,-9999,    9
194720,20190919,-9999,    9
194720,20190920,-9999,    9
194720,20190921,-9999,    9
194720,20190922,-9999,    9
194720,20190923,-9999,    9
194720,20190924,-9999,    9
194720,20190925,-9999,    9
194720,20190926,-9999,    9
194720,20190927,-9999,    9
194720,20190928,-9999,    9
194720,20190929,-9999,    9
194720,20190930,-9999,    9
194720,20191001,-9999,    9
194720,20191002,-9999,    9
194720,20191003,-9999,    9
194720,20191004,-9999,    9
194720,20191005,-9999,    9
194720,20191006,-9999,    9
194720,20191007,-9999,    9
194720,20191008,-9999,    9
194720,20191009,-9999,    9
194720,20191010,-9999,    9
194720,20191011,-9999,    9
194720,20191012,-9999,    9
194720,20191013,-9999,    9
194720,20191014,-9999,    9
194720,20191015,-9999,    9
194720,20191016,-9999,    9
194720,20191017,-9999,    9
194720,20191018,-9999,    9
194720,20191019,-9999,    9
194720,20191020,-9999,    9
194720,20191021,-9999,    9
194720,20191022,-9999,    9
194720,20191023,-9999,    9
194720,20191024,-9999,    9
194720,20191025,-9999,    9
194720,20191026,-9999,    9
194720,20191027,-9999,    9
194720,20191028,-9999,    9
194720,20191029,-9999,    9
194720,20191030,-9999,    9
194720,20191031,-9999,    9
194720,20191101,-9999,    9
194720,20191102,-9999,    9
194720,20191103,-9999,    9
194720,20191104,-9999,    9
194720,20191105,-9999,    9
194720,20191106,-9999,    9
194720,20191107,-9999,    9
194720,20191108,-9999,    9
194720,20191109,-9999,    9
194720,20191110,-9999,    9
194720,20191111,-9999,    9
194720,20191112,-9999,    9
194720,20191113,-9999,    9
194720,20191114,-9999,    9
194720,20191115,-9999,    9
194720,20191116,-9999,    9
194720,20191117,-9999,    9
194720,20191118,-9999,    9
194720,20191119,-9999,    9
194720,20191120,-9999,    9
194720,20191121,-9999,    9
194720,20191122,-9999,    9
194720,20191123,-9999,    9
194720,20191124,-9999,    9
194720,20191125,-9999,    9
194720,20191126,-9999,    9
194720,20191127,-9999,    9
194720,20191128,-9999,    9
194720,20191129,-9999,    9
194720,20191130,-9999,    9
194720,20191201,-9999,    9
194720,20191202,-9999,    9
194720,20191203,-9999,    9
194720,20191204,-9999,    9
194720,20191205,-9999,    9
194720,20191206,-9999,    9
194720,20191207,-9999,    9
194720,20191208,-9999,    9
194720,20191209,-9999,    9
194720,20191210,-9999,    9
194720,20191211,-9999,    9
194720,20191212,-9999,    9
194720,20191213,-9999,    9
194720,20191214,-9999,    9
194720,20191215,-9999,    9
194720,20191216,-9999,    9
194720,20191217,-9999,    9
194720,20191218,-9999,    9
194720,20191219,-9999,    9
194720,20191220,-9999,    9
194720,20191221,-9999,    9
194720,20191222,-9999,    9
194720,20191223,-9999,    9
194720,20191224,-9999,    9
194720,20191225,-9999,    9
194720,20191226,-9999,    9
194720,20191227,-9999,    9
194720,20191228,-9999,    9
194720,20191229,-9999,    9
194720,20191230,-9999,    9
194720,20191231,-9999,    9
194720,20200101,-9999,    9
194720,20200102,-9999,    9
194720,20200103,-9999,    9
194720,20200104,-9999,    9
194720,20200105,-9999,    9
194720,20200106,-9999,    9
194720,20200107,-9999,    9
194720,20200108,-9999,    9
194720,20200109,-9999,    9
194720,20200110,-9999,    9
194720,20200111,-9999,    9
194720,20200112,-9999,    9
194720,20200113,-9999,    9
194720,20200114,-9999,    9
194720,20200115,-9999,    9
194720,20200116,-9999,    9
194720,20200117,-9999,    9
194720,20200118,-9999,    9
194720,20200119,-9999,    9
194720,20200120,-9999,    9
194720,20200121,-9999,    9
194720,20200122,-9999,    9
194720,20200123,-9999,    9
194720,20200124,-9999,    9
194720,20200125,-9999,    9
194720,20200126,-9999,    9
194720,20200127,-9999,    9
194720,20200128,-9999,    9
194720,20200129,-9999,    9
194720,20200130,-9999,    9
194720,20200131,-9999,    9
194720,20200201,-9999,    9
194720,20200202,-9999,    9
194720,20200203,-9999,    9
194720,20200204,-9999,    9
194720,20200205,-9999,    9
194720,20200206,-9999,    9
194720,20200207,-9999,    9
194720,20200208,-9999,    9
194720,20200209,-9999,    9
194720,20200210,-9999,    9
194720,20200211,-9999,    9
194720,20200212,-9999,    9
194720,20200213,-9999,    9
194720,20200214,-9999,    9
194720,20200215,-9999,    9
194720,20200216,-9999,    9
194720,20200217,-9999,    9
194720,20200218,-9999,    9
194720,20200219,-9999,    9
194720,20200220,-9999,    9
194720,20200221,-9999,    9
194720,20200222,-9999,    9
194720,20200223,-9999,    9
194720,20200224,-9999,    9
194720,20200225,-9999,    9
194720,20200226,-9999,    9
194720,20200227,-9999,    9
194720,20200228,-9999,    9
194720,20200229,-9999,    9
194720,20200301,-9999,    9
194720,20200302,-9999,    9
194720,20200303,-9999,    9
194720,20200304,-9999,    9
194720,20200305,-9999,    9
194720,20200306,-9999,    9
194720,20200307,-9999,    9
194720,20200308,-9999,    9
194720,20200309,-9999,    9
194720,20200310,-9999,    9
194720,20200311,-9999,    9
194720,20200312,-9999,    9
194720,20200313,-9999,    9
194720,20200314,-9999,    9
194720,20200315,-9999,    9
194720,20200316,-9999,    9
194720,20200317,-9999,    9
194720,20200318,-9999,    9
194720,20200319,-9999,    9
194720,20200320,-9999,    9
194720,20200321,-9999,    9
194720,20200322,-9999,    9
194720,20200323,-9999,    9
194720,20200324,-9999,    9
194720,20200325,-9999,    9
194720,20200326,-9999,    9
194720,20200327,-9999,    9
194720,20200328,-9999,    9
194720,20200329,-9999,    9
194720,20200330,-9999,    9
194720,20200331,-9999,    9
194720,20200401,-9999,    9
194720,20200402,-9999,    9
194720,20200403,-9999,    9
194720,20200404,-9999,    9
194720,20200405,-9999,    9
194720,20200406,-9999,    9
194720,20200407,-9999,    9
194720,20200408,-9999,    9
194720,20200409,-9999,    9
194720,20200410,-9999,    9
194720,20200411,-9999,    9
194720,20200412,-9999,    9
194720,20200413,-9999,    9
194720,20200414,-9999,    9
194720,20200415,-9999,    9
194720,20200416,-9999,    9
194720,20200417,-9999,    9
194720,20200418,-9999,    9
194720,20200419,-9999,    9
194720,20200420,-9999,    9
194720,20200421,-9999,    9
194720,20200422,-9999,    9
194720,20200423,-9999,    9
194720,20200424,-9999,    9
194720,20200425,-9999,    9
194720,20200426,-9999,    9
194720,20200427,-9999,    9
194720,20200428,-9999,    9
194720,20200429,-9999,    9
194720,20200430,-9999,    9
194720,20200501,-9999,    9
194720,20200502,-9999,    9
194720,20200503,-9999,    9
194720,20200504,-9999,    9
194720,20200505,-9999,    9
194720,20200506,-9999,    9
194720,20200507,-9999,    9
194720,20200508,-9999,    9
194720,20200509,-9999,    9
194720,20200510,-9999,    9
194720,20200511,-9999,    9
194720,20200512,-9999,    9
194720,20200513,-9999,    9
194720,20200514,-9999,    9
194720,20200515,-9999,    9
194720,20200516,-9999,    9
194720,20200517,-9999,    9
194720,20200518,-9999,    9
194720,20200519,-9999,    9
194720,20200520,-9999,    9
194720,20200521,-9999,    9
194720,20200522,-9999,    9
194720,20200523,-9999,    9
194720,20200524,-9999,    9
194720,20200525,-9999,    9
194720,20200526,-9999,    9
194720,20200527,-9999,    9
194720,20200528,-9999,    9
194720,20200529,-9999,    9
194720,20200530,-9999,    9
194720,20200531,-9999,    9
194720,20200601,-9999,    9
194720,20200602,-9999,    9
194720,20200603,-9999,    9
194720,20200604,-9999,    9
194720,20200605,-9999,    9
194720,20200606,-9999,    9
194720,20200607,-9999,    9
194720,20200608,-9999,    9
194720,20200609,-9999,    9
194720,20200610,-9999,    9
194720,20200611,-9999,    9
194720,20200612,-9999,    9
194720,20200613,-9999,    9
194720,20200614,-9999,    9
194720,20200615,-9999,    9
194720,20200616,-9999,    9
194720,20200617,-9999,    9
194720,20200618,-9999,    9
194720,20200619,-9999,    9
194720,20200620,-9999,    9
194720,20200621,-9999,    9
194720,20200622,-9999,    9
194720,20200623,-9999,    9
194720,20200624,-9999,    9
194720,20200625,-9999,    9
194720,20200626,-9999,    9
194720,20200627,-9999,    9
194720,20200628,-9999,    9
194720,20200629,-9999,    9
194720,20200630,-9999,    9
194720,20200701,-9999,    9
194720,20200702,-9999,    9
194720,20200703,-9999,    9
194720,20200704,-9999,    9
194720,20200705,-9999,    9
194720,20200706,-9999,    9
194720,20200707,-9999,    9
194720,20200708,-9999,    9
194720,20200709,-9999,    9
194720,20200710,-9999,    9
194720,20200711,-9999,    9
194720,20200712,-9999,    9
194720,20200713,-9999,    9
194720,20200714,-9999,    9
194720,20200715,-9999,    9
194720,20200716,-9999,    9
194720,20200717,-9999,    9
194720,20200718,-9999,    9
194720,20200719,-9999,    9
194720,20200720,-9999,    9
194720,20200721,-9999,    9
194720,20200722,-9999,    9
194720,20200723,-9999,    9
194720,20200724,-9999,    9
194720,20200725,-9999,    9
194720,20200726,-9999,    9
194720,20200727,-9999,    9
194720,20200728,-9999,    9
194720,20200729,-9999,    9
194720,20200730,-9999,    9
194720,20200731,-9999,    9
194720,20200801,-9999,    9
194720,20200802,-9999,    9
194720,20200803,-9999,    9
194720,20200804,-9999,    9
194720,20200805,-9999,    9
194720,20200806,-9999,    9
194720,20200807,-9999,    9
194720,20200808,-9999,    9
194720,20200809,-9999,    9
194720,20200810,-9999,    9
194720,20200811,-9999,    9
194720,20200812,-9999,    9
194720,20200813,-9999,    9
194720,20200814,-9999,    9
194720,20200815,-9999,    9
194720,20200816,-9999,    9
194720,20200817,-9999,    9
194720,20200818,-9999,    9
194720,20200819,-9999,    9
194720,20200820,-9999,    9
194720,20200821,-9999,    9
194720,20200822,-9999,    9
194720,20200823,-9999,    9
194720,20200824,-9999,    9
194720,20200825,-9999,    9
194720,20200826,-9999,    9
194720,20200827,-9999,    9
194720,20200828,-9999,    9
194720,20200829,-9999,    9
194720,20200830,-9999,    9
194720,20200831,-9999,    9
194720,20200901,-9999,    9
194720,20200902,-9999,    9
194720,20200903,-9999,    9
194720,20200904,-9999,    9
194720,20200905,-9999,    9
194720,20200906,-9999,    9
194720,20200907,-9999,    9
194720,20200908,-9999,    9
194720,20200909,-9999,    9
194720,20200910,-9999,    9
194720,20200911,-9999,    9
194720,20200912,-9999,    9
194720,20200913,-9999,    9
194720,20200914,-9999,    9
194720,20200915,-9999,    9
194720,20200916,-9999,    9
194720,20200917,-9999,    9
194720,20200918,-9999,    9
194720,20200919,-9999,    9
194720,20200920,-9999,    9
194720,20200921,-9999,    9
194720,20200922,-9999,    9
194720,20200923,-9999,    9
194720,20200924,-9999,    9
194720,20200925,-9999,    9
194720,20200926,-9999,    9
194720,20200927,-9999,    9
194720,20200928,-9999,    9
194720,20200929,-9999,    9
194720,20200930,-9999,    9
194720,20201001,-9999,    9
194720,20201002,-9999,    9
194720,20201003,-9999,    9
194720,20201004,-9999,    9
194720,20201005,-9999,    9
194720,20201006,-9999,    9
194720,20201007,-9999,    9
194720,20201008,-9999,    9
194720,20201009,-9999,    9
194720,20201010,-9999,    9
194720,20201011,-9999,    9
194720,20201012,-9999,    9
194720,20201013,-9999,    9
194720,20201014,-9999,    9
194720,20201015,-9999,    9
194720,20201016,-9999,    9
194720,20201017,-9999,    9
194720,20201018,-9999,    9
194720,20201019,-9999,    9
194720,20201020,-9999,    9
194720,20201021,-9999,    9
194720,20201022,-9999,    9
194720,20201023,-9999,    9
194720,20201024,-9999,    9
194720,20201025,-9999,    9
194720,20201026,-9999,    9
194720,20201027,-9999,    9
194720,20201028,-9999,    9
194720,20201029,-9999,    9
194720,20201030,-9999,    9
194720,20201031,-9999,    9
194720,20201101,-9999,    9
194720,20201102,-9999,    9
194720,20201103,-9999,    9
194720,20201104,-9999,    9
194720,20201105,-9999,    9
194720,20201106,-9999,    9
194720,20201107,-9999,    9
194720,20201108,-9999,    9
194720,20201109,-9999,    9
194720,20201110,-9999,    9
194720,20201111,-9999,    9
194720,20201112,-9999,    9
194720,20201113,-9999,    9
194720,20201114,-9999,    9
194720,20201115,-9999,    9
194720,20201116,-9999,    9
194720,20201117,-9999,    9
194720,20201118,-9999,    9
194720,20201119,-9999,    9
194720,20201120,-9999,    9
194720,20201121,-9999,    9
194720,20201122,-9999,    9
194720,20201123,-9999,    9
194720,20201124,-9999,    9
194720,20201125,-9999,    9
194720,20201126,-9999,    9
194720,20201127,-9999,    9
194720,20201128,-9999,    9
194720,20201129,-9999,    9
194720,20201130,-9999,    9
194720,20201201,-9999,    9
194720,20201202,-9999,    9
194720,20201203,-9999,    9
194720,20201204,-9999,    9
194720,20201205,-9999,    9
194720,20201206,-9999,    9
194720,20201207,-9999,    9
194720,20201208,-9999,    9
194720,20201209,-9999,    9
194720,20201210,-9999,    9
194720,20201211,-9999,    9
194720,20201212,-9999,    9
194720,20201213,-9999,    9
194720,20201214,-9999,    9
194720,20201215,-9999,    9
194720,20201216,-9999,    9
194720,20201217,-9999,    9
194720,20201218,-9999,    9
194720,20201219,-9999,    9
194720,20201220,-9999,    9
194720,20201221,-9999,    9
194720,20201222,-9999,    9
194720,20201223,-9999,    9
194720,20201224,-9999,    9
194720,20201225,-9999,    9
194720,20201226,-9999,    9
194720,20201227,-9999,    9
194720,20201228,-9999,    9
194720,20201229,-9999,    9
194720,20201230,-9999,    9
194720,20201231,-9999,    9
194720,20210101,-9999,    9
194720,20210102,-9999,    9
194720,20210103,-9999,    9
194720,20210104,-9999,    9
194720,20210105,-9999,    9
194720,20210106,-9999,    9
194720,20210107,-9999,    9
194720,20210108,-9999,    9
194720,20210109,-9999,    9
194720,20210110,-9999,    9
194720,20210111,-9999,    9
194720,20210112,-9999,    9
194720,20210113,-9999,    9
194720,20210114,-9999,    9
194720,20210115,-9999,    9
194720,20210116,-9999,    9
194720,20210117,-9999,    9
194720,20210118,-9999,    9
194720,20210119,-9999,    9
194720,20210120,-9999,    9
194720,20210121,-9999,    9
194720,20210122,-9999,    9
194720,20210123,-9999,    9
194720,20210124,-9999,    9
194720,20210125,-9999,    9
194720,20210126,-9999,    9
194720,20210127,-9999,    9
194720,20210128,-9999,    9
194720,20210129,-9999,    9
194720,20210130,-9999,    9
194720,20210131,-9999,    9
194720,20210201,-9999,    9
194720,20210202,-9999,    9
194720,20210203,-9999,    9
194720,20210204,-9999,    9
194720,20210205,-9999,    9
194720,20210206,-9999,    9
194720,20210207,-9999,    9
194720,20210208,-9999,    9
194720,20210209,-9999,    9
194720,20210210,-9999,    9
194720,20210211,-9999,    9
194720,20210212,-9999,    9
194720,20210213,-9999,    9
194720,20210214,-9999,    9
194720,20210215,-9999,    9
194720,20210216,-9999,    9
194720,20210217,-9999,    9
194720,20210218,-9999,    9
194720,20210219,-9999,    9
194720,20210220,-9999,    9
194720,20210221,-9999,    9
194720,20210222,-9999,    9
194720,20210223,-9999,    9
194720,20210224,-9999,    9
194720,20210225,-9999,    9
194720,20210226,-9999,    9
194720,20210227,-9999,    9
194720,20210228,-9999,    9
194720,20210301,-9999,    9
194720,20210302,-9999,    9
194720,20210303,-9999,    9
194720,20210304,-9999,    9
194720,20210305,-9999,    9
194720,20210306,-9999,    9
194720,20210307,-9999,    9
194720,20210308,-9999,    9
194720,20210309,-9999,    9
194720,20210310,-9999,    9
194720,20210311,-9999,    9
194720,20210312,-9999,    9
194720,20210313,-9999,    9
194720,20210314,-9999,    9
194720,20210315,-9999,    9
194720,20210316,-9999,    9
194720,20210317,-9999,    9
194720,20210318,-9999,    9
194720,20210319,-9999,    9
194720,20210320,-9999,    9
194720,20210321,-9999,    9
194720,20210322,-9999,    9
194720,20210323,-9999,    9
194720,20210324,-9999,    9
194720,20210325,-9999,    9
194720,20210326,-9999,    9
194720,20210327,-9999,    9
194720,20210328,-9999,    9
194720,20210329,-9999,    9
194720,20210330,-9999,    9
194720,20210331,-9999,    9
