EUROPEAN CLIMATE ASSESSMENT & DATASET (ECA&D), file created on 12-05-2021
THESE DATA CAN BE USED FREELY PROVIDED THAT THE FOLLOWING SOURCE IS ACKNOWLEDGED:

Klein Tank, A.M.G. and Coauthors, 2002. Daily dataset of 20th-century surface
air temperature and precipitation series for the European Climate Assessment.
Int. J. of Climatol., 22, 1441-1453.
Data and metadata available at http://www.ecad.eu

FILE FORMAT (MISSING VALUE CODE IS -9999):

01-06 SOUID: Source identifier
08-15 DATE : Date YYYYMMDD
17-21 TG   : mean temperature in 0.1 &#176;C
23-27 Q_TG : Quality code for TG (0='valid'; 1='suspect'; 9='missing')

This is the blended series of station ITALY, LUGO DI ROMAGNA (STAID: 2829).
Blended and updated with sources: 195744 
See file sources.txt and stations.txt for more info.

 SOUID,    DATE,   TG, Q_TG
195744,20130401,-9999,    9
195744,20130402,-9999,    9
195744,20130403,-9999,    9
195744,20130404,-9999,    9
195744,20130405,-9999,    9
195744,20130406,-9999,    9
195744,20130407,-9999,    9
195744,20130408,   99,    0
195744,20130409,  109,    0
195744,20130410,  118,    0
195744,20130411,  135,    0
195744,20130412,  169,    0
195744,20130413,  164,    0
195744,20130414,  160,    0
195744,20130415,  167,    0
195744,20130416,  166,    0
195744,20130417,  173,    0
195744,20130418,  187,    0
195744,20130419,  191,    0
195744,20130420,  160,    0
195744,20130421,  144,    0
195744,20130422,  124,    0
195744,20130423,  132,    0
195744,20130424,  152,    0
195744,20130425,  170,    0
195744,20130426,  170,    0
195744,20130427,  171,    0
195744,20130428,  184,    0
195744,20130429,  177,    0
195744,20130430,  174,    0
195744,20130501,  187,    0
195744,20130502,  170,    0
195744,20130503,  190,    0
195744,20130504,  189,    0
195744,20130505,  169,    0
195744,20130506,  167,    0
195744,20130507,  169,    0
195744,20130508,  179,    0
195744,20130509,  200,    0
195744,20130510,  190,    0
195744,20130511,  177,    0
195744,20130512,  170,    0
195744,20130513,  163,    0
195744,20130514,  179,    0
195744,20130515,  191,    0
195744,20130516,  177,    0
195744,20130517,  166,    0
195744,20130518,  179,    0
195744,20130519,  171,    0
195744,20130520,  166,    0
195744,20130521,  166,    0
195744,20130522,  171,    0
195744,20130523,  172,    0
195744,20130524,  124,    0
195744,20130525,  104,    0
195744,20130526,  145,    0
195744,20130527,  170,    0
195744,20130528,  167,    0
195744,20130529,  167,    0
195744,20130530,  143,    0
195744,20130531,  161,    0
195744,20130601,  176,    0
195744,20130602,  195,    0
195744,20130603,  190,    0
195744,20130604,  185,    0
195744,20130605,  203,    0
195744,20130606,  196,    0
195744,20130607,  214,    0
195744,20130608,  223,    0
195744,20130609,  197,    0
195744,20130610,  185,    0
195744,20130611,  208,    0
195744,20130612,  224,    0
195744,20130613,  231,    0
195744,20130614,  238,    0
195744,20130615,  254,    0
195744,20130616,  264,    0
195744,20130617,  268,    0
195744,20130618,  274,    0
195744,20130619,  277,    0
195744,20130620,  284,    0
195744,20130621,  257,    0
195744,20130622,  241,    0
195744,20130623,  242,    0
195744,20130624,  203,    0
195744,20130625,  200,    0
195744,20130626,  181,    0
195744,20130627,  183,    0
195744,20130628,  154,    0
195744,20130629,  186,    0
195744,20130630,  210,    0
195744,20130701,  227,    0
195744,20130702,  234,    0
195744,20130703,  246,    0
195744,20130704,  238,    0
195744,20130705,  254,    0
195744,20130706,  263,    0
195744,20130707,  252,    0
195744,20130708,  249,    0
195744,20130709,  255,    0
195744,20130710,  257,    0
195744,20130711,  247,    0
195744,20130712,  243,    0
195744,20130713,  236,    0
195744,20130714,  233,    0
195744,20130715,  254,    0
195744,20130716,  252,    0
195744,20130717,  251,    0
195744,20130718,  244,    0
195744,20130719,  249,    0
195744,20130720,  252,    0
195744,20130721,  258,    0
195744,20130722,  261,    0
195744,20130723,  268,    0
195744,20130724,  273,    0
195744,20130725,  223,    0
195744,20130726,-9999,    9
195744,20130727,-9999,    9
195744,20130728,-9999,    9
195744,20130729,-9999,    9
195744,20130730,-9999,    9
195744,20130731,-9999,    9
195744,20130801,-9999,    9
195744,20130802,-9999,    9
195744,20130803,-9999,    9
195744,20130804,-9999,    9
195744,20130805,-9999,    9
195744,20130806,-9999,    9
195744,20130807,-9999,    9
195744,20130808,-9999,    9
195744,20130809,-9999,    9
195744,20130810,-9999,    9
195744,20130811,-9999,    9
195744,20130812,-9999,    9
195744,20130813,-9999,    9
195744,20130814,-9999,    9
195744,20130815,-9999,    9
195744,20130816,-9999,    9
195744,20130817,-9999,    9
195744,20130818,-9999,    9
195744,20130819,-9999,    9
195744,20130820,-9999,    9
195744,20130821,-9999,    9
195744,20130822,-9999,    9
195744,20130823,-9999,    9
195744,20130824,-9999,    9
195744,20130825,-9999,    9
195744,20130826,-9999,    9
195744,20130827,-9999,    9
195744,20130828,-9999,    9
195744,20130829,-9999,    9
195744,20130830,-9999,    9
195744,20130831,-9999,    9
195744,20130901,-9999,    9
195744,20130902,-9999,    9
195744,20130903,-9999,    9
195744,20130904,-9999,    9
195744,20130905,-9999,    9
195744,20130906,-9999,    9
195744,20130907,-9999,    9
195744,20130908,-9999,    9
195744,20130909,-9999,    9
195744,20130910,-9999,    9
195744,20130911,-9999,    9
195744,20130912,-9999,    9
195744,20130913,-9999,    9
195744,20130914,-9999,    9
195744,20130915,-9999,    9
195744,20130916,-9999,    9
195744,20130917,  185,    0
195744,20130918,  145,    0
195744,20130919,-9999,    9
195744,20130920,-9999,    9
195744,20130921,-9999,    9
195744,20130922,-9999,    9
195744,20130923,-9999,    9
195744,20130924,-9999,    9
195744,20130925,-9999,    9
195744,20130926,-9999,    9
195744,20130927,-9999,    9
195744,20130928,-9999,    9
195744,20130929,  168,    0
195744,20130930,  141,    0
195744,20131001,  166,    0
195744,20131002,  170,    0
195744,20131003,  141,    0
195744,20131004,  135,    0
195744,20131005,-9999,    9
195744,20131006,  136,    0
195744,20131007,  146,    0
195744,20131008,  132,    0
195744,20131009,  153,    0
195744,20131010,  166,    0
195744,20131011,  131,    0
195744,20131012,  144,    0
195744,20131013,  137,    0
195744,20131014,  125,    0
195744,20131015,  139,    0
195744,20131016,  154,    0
195744,20131017,  140,    0
195744,20131018,  142,    0
195744,20131019,  147,    0
195744,20131020,  159,    0
195744,20131021,  150,    0
195744,20131022,  151,    0
195744,20131023,  179,    0
195744,20131024,  174,    0
195744,20131025,  167,    0
195744,20131026,  167,    0
195744,20131027,  186,    0
195744,20131028,  195,    0
195744,20131029,  200,    0
195744,20131030,  161,    0
195744,20131031,  152,    0
195744,20131101,  132,    0
195744,20131102,  135,    0
195744,20131103,  182,    0
195744,20131104,  158,    0
195744,20131105,  127,    0
195744,20131106,  129,    0
195744,20131107,  125,    0
195744,20131108,  146,    0
195744,20131109,  171,    0
195744,20131110,  141,    0
195744,20131111,  117,    0
195744,20131112,  116,    0
195744,20131113,  120,    0
195744,20131114,  116,    0
195744,20131115,  116,    0
195744,20131116,  103,    0
195744,20131117,  101,    0
195744,20131118,  106,    0
195744,20131119,  119,    0
195744,20131120,  108,    0
195744,20131121,   87,    0
195744,20131122,   75,    0
195744,20131123,   67,    0
195744,20131124,   78,    0
195744,20131125,   70,    0
195744,20131126,   30,    0
195744,20131127,   33,    0
195744,20131128,   34,    0
195744,20131129,   34,    0
195744,20131130,   29,    0
195744,20131201,   54,    0
195744,20131202,   62,    0
195744,20131203,   46,    0
195744,20131204,   41,    0
195744,20131205,   38,    0
195744,20131206,   50,    0
195744,20131207,   45,    0
195744,20131208,   33,    0
195744,20131209,   15,    0
195744,20131210,   25,    0
195744,20131211,   20,    0
195744,20131212,   23,    0
195744,20131213,   31,    0
195744,20131214,   42,    0
195744,20131215,   31,    0
195744,20131216,   41,    0
195744,20131217,   39,    0
195744,20131218,   30,    0
195744,20131219,   28,    0
195744,20131220,   45,    0
195744,20131221,   65,    0
195744,20131222,   52,    0
195744,20131223,   61,    0
195744,20131224,   44,    0
195744,20131225,  120,    0
195744,20131226,  111,    0
195744,20131227,   78,    0
195744,20131228,   70,    0
195744,20131229,   79,    0
195744,20131230,   72,    0
195744,20131231,   52,    0
195744,20140101,   39,    0
195744,20140102,   36,    0
195744,20140103,   51,    0
195744,20140104,   81,    0
195744,20140105,   71,    0
195744,20140106,   86,    0
195744,20140107,   68,    0
195744,20140108,   75,    0
195744,20140109,   67,    0
195744,20140110,   63,    0
195744,20140111,   86,    0
195744,20140112,   86,    0
195744,20140113,   76,    0
195744,20140114,   81,    0
195744,20140115,   50,    0
195744,20140116,   59,    0
195744,20140117,   82,    0
195744,20140118,   61,    0
195744,20140119,   68,    0
195744,20140120,   78,    0
195744,20140121,   93,    0
195744,20140122,   95,    0
195744,20140123,   83,    0
195744,20140124,   64,    0
195744,20140125,   59,    0
195744,20140126,   39,    0
195744,20140127,   42,    0
195744,20140128,   19,    0
195744,20140129,   49,    0
195744,20140130,   51,    0
195744,20140131,   39,    0
195744,20140201,-9999,    9
195744,20140202,-9999,    9
195744,20140203,   80,    0
195744,20140204,   66,    0
195744,20140205,-9999,    9
195744,20140206,   76,    0
195744,20140207,   87,    0
195744,20140208,   92,    0
195744,20140209,   90,    0
195744,20140210,   85,    0
195744,20140211,   73,    0
195744,20140212,   84,    0
195744,20140213,   93,    0
195744,20140214,   89,    0
195744,20140215,   90,    0
195744,20140216,   83,    0
195744,20140217,  106,    0
195744,20140218,  104,    0
195744,20140219,   93,    0
195744,20140220,   85,    0
195744,20140221,   84,    0
195744,20140222,-9999,    9
195744,20140223,-9999,    9
195744,20140224,-9999,    9
195744,20140225,-9999,    9
195744,20140226,-9999,    9
195744,20140227,-9999,    9
195744,20140228,-9999,    9
195744,20140301,-9999,    9
195744,20140302,   74,    0
195744,20140303,   97,    0
195744,20140304,   84,    0
195744,20140305,  100,    0
195744,20140306,  103,    0
195744,20140307,  108,    0
195744,20140308,  101,    0
195744,20140309,  100,    0
195744,20140310,  100,    0
195744,20140311,   91,    0
195744,20140312,   99,    0
195744,20140313,  113,    0
195744,20140314,  116,    0
195744,20140315,  120,    0
195744,20140316,  113,    0
195744,20140317,  124,    0
195744,20140318,  124,    0
195744,20140319,  141,    0
195744,20140320,  138,    0
195744,20140321,  139,    0
195744,20140322,  154,    0
195744,20140323,  125,    0
195744,20140324,   72,    0
195744,20140325,   84,    0
195744,20140326,   89,    0
195744,20140327,  115,    0
195744,20140328,  126,    0
195744,20140329,  130,    0
195744,20140330,  136,    0
195744,20140331,  148,    0
195744,20140401,  140,    0
195744,20140402,  146,    0
195744,20140403,  145,    0
195744,20140404,  134,    0
195744,20140405,  136,    0
195744,20140406,  158,    0
195744,20140407,  168,    0
195744,20140408,  178,    0
195744,20140409,  149,    0
195744,20140410,  146,    0
195744,20140411,  152,    0
195744,20140412,  142,    0
195744,20140413,  139,    0
195744,20140414,  162,    0
195744,20140415,  145,    0
195744,20140416,  121,    0
195744,20140417,   96,    0
195744,20140418,-9999,    9
195744,20140419,-9999,    9
195744,20140420,-9999,    9
195744,20140421,-9999,    9
195744,20140422,-9999,    9
195744,20140423,  182,    0
195744,20140424,  174,    0
195744,20140425,  183,    0
195744,20140426,  161,    0
195744,20140427,  142,    0
195744,20140428,  121,    0
195744,20140429,  141,    0
195744,20140430,  148,    0
195744,20140501,  159,    0
195744,20140502,  138,    0
195744,20140503,  144,    0
195744,20140504,  143,    0
195744,20140505,  144,    0
195744,20140506,  166,    0
195744,20140507,  170,    0
195744,20140508,  171,    0
195744,20140509,  183,    0
195744,20140510,  205,    0
195744,20140511,  200,    0
195744,20140512,  164,    0
195744,20140513,  128,    0
195744,20140514,  160,    0
195744,20140515,  159,    0
195744,20140516,  169,    0
195744,20140517,  172,    0
195744,20140518,  184,    0
195744,20140519,  183,    0
195744,20140520,  192,    0
195744,20140521,  206,    0
195744,20140522,  220,    0
195744,20140523,  210,    0
195744,20140524,  205,    0
195744,20140525,  204,    0
195744,20140526,  195,    0
195744,20140527,  187,    0
195744,20140528,  195,    0
195744,20140529,  185,    0
195744,20140530,  180,    0
195744,20140531,  172,    0
195744,20140601,  181,    0
195744,20140602,  193,    0
195744,20140603,  205,    0
195744,20140604,  202,    0
195744,20140605,  219,    0
195744,20140606,  220,    0
195744,20140607,  241,    0
195744,20140608,  257,    0
195744,20140609,  242,    0
195744,20140610,  263,    0
195744,20140611,  273,    0
195744,20140612,  274,    0
195744,20140613,  257,    0
195744,20140614,  222,    0
195744,20140615,  207,    0
195744,20140616,  190,    0
195744,20140617,  195,    0
195744,20140618,  199,    0
195744,20140619,  209,    0
195744,20140620,  230,    0
195744,20140621,  231,    0
195744,20140622,  242,    0
195744,20140623,  255,    0
195744,20140624,  254,    0
195744,20140625,  216,    0
195744,20140626,  199,    0
195744,20140627,  224,    0
195744,20140628,  239,    0
195744,20140629,  240,    0
195744,20140630,  211,    0
195744,20140701,  223,    0
195744,20140702,  224,    0
195744,20140703,  231,    0
195744,20140704,  231,    0
195744,20140705,  235,    0
195744,20140706,  254,    0
195744,20140707,  255,    0
195744,20140708,  219,    0
195744,20140709,  204,    0
195744,20140710,  168,    0
195744,20140711,  208,    0
195744,20140712,  211,    0
195744,20140713,  209,    0
195744,20140714,  200,    0
195744,20140715,  230,    0
195744,20140716,  250,    0
195744,20140717,  259,    0
195744,20140718,  270,    0
195744,20140719,  266,    0
195744,20140720,  274,    0
195744,20140721,  221,    0
195744,20140722,  220,    0
195744,20140723,  248,    0
195744,20140724,  213,    0
195744,20140725,  232,    0
195744,20140726,  205,    0
195744,20140727,  208,    0
195744,20140728,  241,    0
195744,20140729,  220,    0
195744,20140730,  198,    0
195744,20140731,  227,    0
195744,20140801,  245,    0
195744,20140802,  253,    0
195744,20140803,  234,    0
195744,20140804,  237,    0
195744,20140805,  225,    0
195744,20140806,  238,    0
195744,20140807,  243,    0
195744,20140808,  248,    0
195744,20140809,  264,    0
195744,20140810,-9999,    9
195744,20140811,  258,    0
195744,20140812,  275,    0
195744,20140813,  264,    0
195744,20140814,  239,    0
195744,20140815,  215,    0
195744,20140816,  184,    0
195744,20140817,  200,    0
195744,20140818,  218,    0
195744,20140819,  215,    0
195744,20140820,  228,    0
195744,20140821,  227,    0
195744,20140822,  222,    0
195744,20140823,  197,    0
195744,20140824,  209,    0
195744,20140825,  209,    0
195744,20140826,  222,    0
195744,20140827,  230,    0
195744,20140828,  224,    0
195744,20140829,  201,    0
195744,20140830,  233,    0
195744,20140831,  232,    0
195744,20140901,  169,    0
195744,20140902,  179,    0
195744,20140903,  173,    0
195744,20140904,  192,    0
195744,20140905,  188,    0
195744,20140906,-9999,    9
195744,20140907,-9999,    9
195744,20140908,  241,    0
195744,20140909,  228,    0
195744,20140910,  200,    0
195744,20140911,  184,    0
195744,20140912,  164,    0
195744,20140913,  178,    0
195744,20140914,  194,    0
195744,20140915,  196,    0
195744,20140916,  200,    0
195744,20140917,  190,    0
195744,20140918,  189,    0
195744,20140919,  187,    0
195744,20140920,  198,    0
195744,20140921,  208,    0
195744,20140922,  204,    0
195744,20140923,  167,    0
195744,20140924,  150,    0
195744,20140925,  167,    0
195744,20140926,  166,    0
195744,20140927,  180,    0
195744,20140928,  179,    0
195744,20140929,  164,    0
195744,20140930,  156,    0
195744,20141001,  141,    0
195744,20141002,  173,    0
195744,20141003,  152,    0
195744,20141004,  158,    0
195744,20141005,  158,    0
195744,20141006,  137,    0
195744,20141007,  173,    0
195744,20141008,  190,    0
195744,20141009,  186,    0
195744,20141010,  192,    0
195744,20141011,  201,    0
195744,20141012,  182,    0
195744,20141013,  202,    0
195744,20141014,  188,    0
195744,20141015,  175,    0
195744,20141016,  193,    0
195744,20141017,-9999,    9
195744,20141018,-9999,    9
195744,20141019,-9999,    9
195744,20141020,-9999,    9
195744,20141021,-9999,    9
195744,20141022,-9999,    9
195744,20141023,-9999,    9
195744,20141024,-9999,    9
195744,20141025,-9999,    9
195744,20141026,-9999,    9
195744,20141027,-9999,    9
195744,20141028,-9999,    9
195744,20141029,  110,    0
195744,20141030,   95,    0
195744,20141031,   74,    0
195744,20141101,-9999,    9
195744,20141102,-9999,    9
195744,20141103,-9999,    9
195744,20141104,-9999,    9
195744,20141105,-9999,    9
195744,20141106,-9999,    9
195744,20141107,-9999,    9
195744,20141108,-9999,    9
195744,20141109,-9999,    9
195744,20141110,-9999,    9
195744,20141111,-9999,    9
195744,20141112,-9999,    9
195744,20141113,  125,    0
195744,20141114,  125,    0
195744,20141115,  131,    0
195744,20141116,  137,    0
195744,20141117,  108,    0
195744,20141118,  102,    0
195744,20141119,   96,    0
195744,20141120,   76,    0
195744,20141121,   77,    0
195744,20141122,   89,    0
195744,20141123,  103,    0
195744,20141124,  105,    0
195744,20141125,   97,    0
195744,20141126,   90,    0
195744,20141127,   78,    0
195744,20141128,   89,    0
195744,20141129,  112,    0
195744,20141130,  121,    0
195744,20141201,  124,    0
195744,20141202,  100,    0
195744,20141203,   83,    0
195744,20141204,   86,    0
195744,20141205,   87,    0
195744,20141206,-9999,    9
195744,20141207,-9999,    9
195744,20141208,   52,    0
195744,20141209,   72,    0
195744,20141210,   55,    0
195744,20141211,   40,    0
195744,20141212,   42,    0
195744,20141213,   52,    0
195744,20141214,   64,    0
195744,20141215,   73,    0
195744,20141216,   80,    0
195744,20141217,   88,    0
195744,20141218,   69,    0
195744,20141219,   50,    0
195744,20141220,   46,    0
195744,20141221,   46,    0
195744,20141222,   26,    0
195744,20141223,   26,    0
195744,20141224,   27,    0
195744,20141225,   54,    0
195744,20141226,-9999,    9
195744,20141227,-9999,    9
195744,20141228,-9999,    9
195744,20141229,   12,    0
195744,20141230,   -9,    0
195744,20141231,   -3,    0
195744,20150101,    0,    0
195744,20150102,   29,    0
195744,20150103,   40,    0
195744,20150104,   46,    0
195744,20150105,   58,    0
195744,20150106,   41,    0
195744,20150107,   39,    0
195744,20150108,   55,    0
195744,20150109,   44,    0
195744,20150110,   38,    0
195744,20150111,   29,    0
195744,20150112,   74,    0
195744,20150113,   56,    0
195744,20150114,   54,    0
195744,20150115,   49,    0
195744,20150116,  102,    0
195744,20150117,  121,    0
195744,20150118,   78,    0
195744,20150119,   47,    0
195744,20150120,   41,    0
195744,20150121,   60,    0
195744,20150122,   57,    0
195744,20150123,   69,    0
195744,20150124,   79,    0
195744,20150125,   67,    0
195744,20150126,   54,    0
195744,20150127,   25,    0
195744,20150128,   29,    0
195744,20150129,   38,    0
195744,20150130,   28,    0
195744,20150131,-9999,    9
195744,20150201,   47,    0
195744,20150202,   24,    0
195744,20150203,-9999,    9
195744,20150204,   54,    0
195744,20150205,   54,    0
195744,20150206,   45,    0
195744,20150207,   25,    0
195744,20150208,   25,    0
195744,20150209,   30,    0
195744,20150210,   44,    0
195744,20150211,   45,    0
195744,20150212,   47,    0
195744,20150213,   52,    0
195744,20150214,   71,    0
195744,20150215,   70,    0
195744,20150216,   86,    0
195744,20150217,   74,    0
195744,20150218,   48,    0
195744,20150219,   50,    0
195744,20150220,   55,    0
195744,20150221,   78,    0
195744,20150222,   73,    0
195744,20150223,   86,    0
195744,20150224,   74,    0
195744,20150225,   73,    0
195744,20150226,   81,    0
195744,20150227,   84,    0
195744,20150228,   43,    0
195744,20150301,  103,    0
195744,20150302,  102,    0
195744,20150303,   84,    0
195744,20150304,   66,    0
195744,20150305,   18,    0
195744,20150306,-9999,    9
195744,20150307,-9999,    9
195744,20150308,-9999,    9
195744,20150309,-9999,    9
195744,20150310,-9999,    9
195744,20150311,-9999,    9
195744,20150312,-9999,    9
195744,20150313,-9999,    9
195744,20150314,-9999,    9
195744,20150315,-9999,    9
195744,20150316,-9999,    9
195744,20150317,-9999,    9
195744,20150318,-9999,    9
195744,20150319,-9999,    9
195744,20150320,-9999,    9
195744,20150321,-9999,    9
195744,20150322,-9999,    9
195744,20150323,-9999,    9
195744,20150324,-9999,    9
195744,20150325,-9999,    9
195744,20150326,-9999,    9
195744,20150327,-9999,    9
195744,20150328,-9999,    9
195744,20150329,-9999,    9
195744,20150330,-9999,    9
195744,20150331,-9999,    9
195744,20150401,-9999,    9
195744,20150402,-9999,    9
195744,20150403,-9999,    9
195744,20150404,-9999,    9
195744,20150405,-9999,    9
195744,20150406,-9999,    9
195744,20150407,-9999,    9
195744,20150408,-9999,    9
195744,20150409,-9999,    9
195744,20150410,-9999,    9
195744,20150411,-9999,    9
195744,20150412,-9999,    9
195744,20150413,-9999,    9
195744,20150414,-9999,    9
195744,20150415,-9999,    9
195744,20150416,-9999,    9
195744,20150417,-9999,    9
195744,20150418,-9999,    9
195744,20150419,-9999,    9
195744,20150420,-9999,    9
195744,20150421,-9999,    9
195744,20150422,-9999,    9
195744,20150423,-9999,    9
195744,20150424,-9999,    9
195744,20150425,-9999,    9
195744,20150426,-9999,    9
195744,20150427,-9999,    9
195744,20150428,-9999,    9
195744,20150429,-9999,    9
195744,20150430,-9999,    9
195744,20150501,-9999,    9
195744,20150502,-9999,    9
195744,20150503,-9999,    9
195744,20150504,-9999,    9
195744,20150505,-9999,    9
195744,20150506,-9999,    9
195744,20150507,-9999,    9
195744,20150508,-9999,    9
195744,20150509,-9999,    9
195744,20150510,-9999,    9
195744,20150511,-9999,    9
195744,20150512,-9999,    9
195744,20150513,-9999,    9
195744,20150514,-9999,    9
195744,20150515,-9999,    9
195744,20150516,-9999,    9
195744,20150517,-9999,    9
195744,20150518,-9999,    9
195744,20150519,-9999,    9
195744,20150520,-9999,    9
195744,20150521,-9999,    9
195744,20150522,-9999,    9
195744,20150523,-9999,    9
195744,20150524,-9999,    9
195744,20150525,-9999,    9
195744,20150526,-9999,    9
195744,20150527,-9999,    9
195744,20150528,-9999,    9
195744,20150529,-9999,    9
195744,20150530,-9999,    9
195744,20150531,-9999,    9
195744,20150601,-9999,    9
195744,20150602,-9999,    9
195744,20150603,-9999,    9
195744,20150604,-9999,    9
195744,20150605,-9999,    9
195744,20150606,-9999,    9
195744,20150607,-9999,    9
195744,20150608,-9999,    9
195744,20150609,-9999,    9
195744,20150610,-9999,    9
195744,20150611,-9999,    9
195744,20150612,-9999,    9
195744,20150613,-9999,    9
195744,20150614,-9999,    9
195744,20150615,-9999,    9
195744,20150616,-9999,    9
195744,20150617,-9999,    9
195744,20150618,-9999,    9
195744,20150619,-9999,    9
195744,20150620,-9999,    9
195744,20150621,-9999,    9
195744,20150622,-9999,    9
195744,20150623,-9999,    9
195744,20150624,-9999,    9
195744,20150625,-9999,    9
195744,20150626,-9999,    9
195744,20150627,-9999,    9
195744,20150628,-9999,    9
195744,20150629,-9999,    9
195744,20150630,-9999,    9
195744,20150701,-9999,    9
195744,20150702,-9999,    9
195744,20150703,-9999,    9
195744,20150704,-9999,    9
195744,20150705,-9999,    9
195744,20150706,-9999,    9
195744,20150707,-9999,    9
195744,20150708,-9999,    9
195744,20150709,-9999,    9
195744,20150710,-9999,    9
195744,20150711,-9999,    9
195744,20150712,-9999,    9
195744,20150713,-9999,    9
195744,20150714,-9999,    9
195744,20150715,-9999,    9
195744,20150716,-9999,    9
195744,20150717,-9999,    9
195744,20150718,-9999,    9
195744,20150719,-9999,    9
195744,20150720,-9999,    9
195744,20150721,-9999,    9
195744,20150722,-9999,    9
195744,20150723,-9999,    9
195744,20150724,-9999,    9
195744,20150725,-9999,    9
195744,20150726,-9999,    9
195744,20150727,-9999,    9
195744,20150728,-9999,    9
195744,20150729,-9999,    9
195744,20150730,-9999,    9
195744,20150731,-9999,    9
195744,20150801,-9999,    9
195744,20150802,-9999,    9
195744,20150803,-9999,    9
195744,20150804,-9999,    9
195744,20150805,-9999,    9
195744,20150806,-9999,    9
195744,20150807,-9999,    9
195744,20150808,-9999,    9
195744,20150809,-9999,    9
195744,20150810,-9999,    9
195744,20150811,-9999,    9
195744,20150812,-9999,    9
195744,20150813,-9999,    9
195744,20150814,-9999,    9
195744,20150815,-9999,    9
195744,20150816,-9999,    9
195744,20150817,-9999,    9
195744,20150818,-9999,    9
195744,20150819,-9999,    9
195744,20150820,-9999,    9
195744,20150821,-9999,    9
195744,20150822,-9999,    9
195744,20150823,-9999,    9
195744,20150824,-9999,    9
195744,20150825,-9999,    9
195744,20150826,-9999,    9
195744,20150827,-9999,    9
195744,20150828,-9999,    9
195744,20150829,-9999,    9
195744,20150830,-9999,    9
195744,20150831,-9999,    9
195744,20150901,-9999,    9
195744,20150902,-9999,    9
195744,20150903,-9999,    9
195744,20150904,-9999,    9
195744,20150905,-9999,    9
195744,20150906,-9999,    9
195744,20150907,-9999,    9
195744,20150908,-9999,    9
195744,20150909,-9999,    9
195744,20150910,-9999,    9
195744,20150911,-9999,    9
195744,20150912,-9999,    9
195744,20150913,-9999,    9
195744,20150914,-9999,    9
195744,20150915,-9999,    9
195744,20150916,-9999,    9
195744,20150917,-9999,    9
195744,20150918,-9999,    9
195744,20150919,-9999,    9
195744,20150920,-9999,    9
195744,20150921,-9999,    9
195744,20150922,-9999,    9
195744,20150923,-9999,    9
195744,20150924,-9999,    9
195744,20150925,-9999,    9
195744,20150926,-9999,    9
195744,20150927,-9999,    9
195744,20150928,-9999,    9
195744,20150929,-9999,    9
195744,20150930,-9999,    9
195744,20151001,-9999,    9
195744,20151002,-9999,    9
195744,20151003,-9999,    9
195744,20151004,-9999,    9
195744,20151005,-9999,    9
195744,20151006,-9999,    9
195744,20151007,-9999,    9
195744,20151008,-9999,    9
195744,20151009,-9999,    9
195744,20151010,-9999,    9
195744,20151011,-9999,    9
195744,20151012,-9999,    9
195744,20151013,-9999,    9
195744,20151014,-9999,    9
195744,20151015,-9999,    9
195744,20151016,-9999,    9
195744,20151017,-9999,    9
195744,20151018,-9999,    9
195744,20151019,-9999,    9
195744,20151020,-9999,    9
195744,20151021,-9999,    9
195744,20151022,-9999,    9
195744,20151023,-9999,    9
195744,20151024,-9999,    9
195744,20151025,-9999,    9
195744,20151026,-9999,    9
195744,20151027,-9999,    9
195744,20151028,-9999,    9
195744,20151029,-9999,    9
195744,20151030,-9999,    9
195744,20151031,-9999,    9
195744,20151101,-9999,    9
195744,20151102,-9999,    9
195744,20151103,-9999,    9
195744,20151104,-9999,    9
195744,20151105,-9999,    9
195744,20151106,-9999,    9
195744,20151107,-9999,    9
195744,20151108,-9999,    9
195744,20151109,-9999,    9
195744,20151110,-9999,    9
195744,20151111,-9999,    9
195744,20151112,-9999,    9
195744,20151113,-9999,    9
195744,20151114,-9999,    9
195744,20151115,-9999,    9
195744,20151116,-9999,    9
195744,20151117,-9999,    9
195744,20151118,-9999,    9
195744,20151119,-9999,    9
195744,20151120,-9999,    9
195744,20151121,-9999,    9
195744,20151122,-9999,    9
195744,20151123,-9999,    9
195744,20151124,-9999,    9
195744,20151125,-9999,    9
195744,20151126,-9999,    9
195744,20151127,-9999,    9
195744,20151128,-9999,    9
195744,20151129,-9999,    9
195744,20151130,-9999,    9
195744,20151201,-9999,    9
195744,20151202,-9999,    9
195744,20151203,-9999,    9
195744,20151204,-9999,    9
195744,20151205,-9999,    9
195744,20151206,-9999,    9
195744,20151207,-9999,    9
195744,20151208,-9999,    9
195744,20151209,-9999,    9
195744,20151210,-9999,    9
195744,20151211,-9999,    9
195744,20151212,-9999,    9
195744,20151213,-9999,    9
195744,20151214,-9999,    9
195744,20151215,-9999,    9
195744,20151216,-9999,    9
195744,20151217,-9999,    9
195744,20151218,-9999,    9
195744,20151219,-9999,    9
195744,20151220,-9999,    9
195744,20151221,-9999,    9
195744,20151222,-9999,    9
195744,20151223,-9999,    9
195744,20151224,-9999,    9
195744,20151225,-9999,    9
195744,20151226,-9999,    9
195744,20151227,-9999,    9
195744,20151228,-9999,    9
195744,20151229,-9999,    9
195744,20151230,-9999,    9
195744,20151231,-9999,    9
195744,20160101,-9999,    9
195744,20160102,-9999,    9
195744,20160103,-9999,    9
195744,20160104,-9999,    9
195744,20160105,-9999,    9
195744,20160106,-9999,    9
195744,20160107,-9999,    9
195744,20160108,-9999,    9
195744,20160109,-9999,    9
195744,20160110,-9999,    9
195744,20160111,-9999,    9
195744,20160112,-9999,    9
195744,20160113,-9999,    9
195744,20160114,-9999,    9
195744,20160115,-9999,    9
195744,20160116,-9999,    9
195744,20160117,-9999,    9
195744,20160118,-9999,    9
195744,20160119,-9999,    9
195744,20160120,-9999,    9
195744,20160121,-9999,    9
195744,20160122,-9999,    9
195744,20160123,-9999,    9
195744,20160124,-9999,    9
195744,20160125,-9999,    9
195744,20160126,-9999,    9
195744,20160127,-9999,    9
195744,20160128,-9999,    9
195744,20160129,-9999,    9
195744,20160130,-9999,    9
195744,20160131,-9999,    9
195744,20160201,-9999,    9
195744,20160202,-9999,    9
195744,20160203,-9999,    9
195744,20160204,-9999,    9
195744,20160205,-9999,    9
195744,20160206,-9999,    9
195744,20160207,-9999,    9
195744,20160208,-9999,    9
195744,20160209,-9999,    9
195744,20160210,-9999,    9
195744,20160211,-9999,    9
195744,20160212,-9999,    9
195744,20160213,-9999,    9
195744,20160214,-9999,    9
195744,20160215,-9999,    9
195744,20160216,-9999,    9
195744,20160217,-9999,    9
195744,20160218,-9999,    9
195744,20160219,-9999,    9
195744,20160220,-9999,    9
195744,20160221,-9999,    9
195744,20160222,-9999,    9
195744,20160223,-9999,    9
195744,20160224,-9999,    9
195744,20160225,-9999,    9
195744,20160226,-9999,    9
195744,20160227,-9999,    9
195744,20160228,-9999,    9
195744,20160229,-9999,    9
195744,20160301,-9999,    9
195744,20160302,-9999,    9
195744,20160303,-9999,    9
195744,20160304,-9999,    9
195744,20160305,-9999,    9
195744,20160306,-9999,    9
195744,20160307,-9999,    9
195744,20160308,-9999,    9
195744,20160309,-9999,    9
195744,20160310,-9999,    9
195744,20160311,-9999,    9
195744,20160312,-9999,    9
195744,20160313,-9999,    9
195744,20160314,-9999,    9
195744,20160315,-9999,    9
195744,20160316,-9999,    9
195744,20160317,-9999,    9
195744,20160318,-9999,    9
195744,20160319,-9999,    9
195744,20160320,-9999,    9
195744,20160321,-9999,    9
195744,20160322,-9999,    9
195744,20160323,-9999,    9
195744,20160324,-9999,    9
195744,20160325,-9999,    9
195744,20160326,-9999,    9
195744,20160327,-9999,    9
195744,20160328,-9999,    9
195744,20160329,-9999,    9
195744,20160330,-9999,    9
195744,20160331,-9999,    9
195744,20160401,-9999,    9
195744,20160402,-9999,    9
195744,20160403,-9999,    9
195744,20160404,-9999,    9
195744,20160405,-9999,    9
195744,20160406,-9999,    9
195744,20160407,-9999,    9
195744,20160408,-9999,    9
195744,20160409,-9999,    9
195744,20160410,-9999,    9
195744,20160411,-9999,    9
195744,20160412,-9999,    9
195744,20160413,-9999,    9
195744,20160414,-9999,    9
195744,20160415,-9999,    9
195744,20160416,-9999,    9
195744,20160417,-9999,    9
195744,20160418,-9999,    9
195744,20160419,-9999,    9
195744,20160420,-9999,    9
195744,20160421,-9999,    9
195744,20160422,-9999,    9
195744,20160423,-9999,    9
195744,20160424,-9999,    9
195744,20160425,-9999,    9
195744,20160426,-9999,    9
195744,20160427,-9999,    9
195744,20160428,-9999,    9
195744,20160429,-9999,    9
195744,20160430,-9999,    9
195744,20160501,-9999,    9
195744,20160502,-9999,    9
195744,20160503,-9999,    9
195744,20160504,-9999,    9
195744,20160505,-9999,    9
195744,20160506,-9999,    9
195744,20160507,-9999,    9
195744,20160508,-9999,    9
195744,20160509,-9999,    9
195744,20160510,-9999,    9
195744,20160511,-9999,    9
195744,20160512,-9999,    9
195744,20160513,-9999,    9
195744,20160514,-9999,    9
195744,20160515,-9999,    9
195744,20160516,-9999,    9
195744,20160517,-9999,    9
195744,20160518,-9999,    9
195744,20160519,-9999,    9
195744,20160520,-9999,    9
195744,20160521,-9999,    9
195744,20160522,-9999,    9
195744,20160523,-9999,    9
195744,20160524,-9999,    9
195744,20160525,-9999,    9
195744,20160526,-9999,    9
195744,20160527,-9999,    9
195744,20160528,-9999,    9
195744,20160529,-9999,    9
195744,20160530,-9999,    9
195744,20160531,-9999,    9
195744,20160601,-9999,    9
195744,20160602,-9999,    9
195744,20160603,-9999,    9
195744,20160604,-9999,    9
195744,20160605,-9999,    9
195744,20160606,-9999,    9
195744,20160607,-9999,    9
195744,20160608,-9999,    9
195744,20160609,-9999,    9
195744,20160610,-9999,    9
195744,20160611,-9999,    9
195744,20160612,-9999,    9
195744,20160613,-9999,    9
195744,20160614,-9999,    9
195744,20160615,-9999,    9
195744,20160616,-9999,    9
195744,20160617,-9999,    9
195744,20160618,-9999,    9
195744,20160619,-9999,    9
195744,20160620,-9999,    9
195744,20160621,-9999,    9
195744,20160622,-9999,    9
195744,20160623,-9999,    9
195744,20160624,-9999,    9
195744,20160625,-9999,    9
195744,20160626,-9999,    9
195744,20160627,-9999,    9
195744,20160628,-9999,    9
195744,20160629,-9999,    9
195744,20160630,-9999,    9
195744,20160701,-9999,    9
195744,20160702,-9999,    9
195744,20160703,-9999,    9
195744,20160704,-9999,    9
195744,20160705,-9999,    9
195744,20160706,-9999,    9
195744,20160707,-9999,    9
195744,20160708,-9999,    9
195744,20160709,-9999,    9
195744,20160710,-9999,    9
195744,20160711,-9999,    9
195744,20160712,-9999,    9
195744,20160713,-9999,    9
195744,20160714,-9999,    9
195744,20160715,-9999,    9
195744,20160716,-9999,    9
195744,20160717,-9999,    9
195744,20160718,-9999,    9
195744,20160719,-9999,    9
195744,20160720,-9999,    9
195744,20160721,-9999,    9
195744,20160722,-9999,    9
195744,20160723,-9999,    9
195744,20160724,-9999,    9
195744,20160725,-9999,    9
195744,20160726,-9999,    9
195744,20160727,-9999,    9
195744,20160728,-9999,    9
195744,20160729,-9999,    9
195744,20160730,-9999,    9
195744,20160731,-9999,    9
195744,20160801,-9999,    9
195744,20160802,-9999,    9
195744,20160803,-9999,    9
195744,20160804,-9999,    9
195744,20160805,-9999,    9
195744,20160806,-9999,    9
195744,20160807,-9999,    9
195744,20160808,-9999,    9
195744,20160809,-9999,    9
195744,20160810,-9999,    9
195744,20160811,-9999,    9
195744,20160812,-9999,    9
195744,20160813,-9999,    9
195744,20160814,-9999,    9
195744,20160815,-9999,    9
195744,20160816,-9999,    9
195744,20160817,-9999,    9
195744,20160818,-9999,    9
195744,20160819,-9999,    9
195744,20160820,-9999,    9
195744,20160821,-9999,    9
195744,20160822,-9999,    9
195744,20160823,-9999,    9
195744,20160824,-9999,    9
195744,20160825,-9999,    9
195744,20160826,-9999,    9
195744,20160827,-9999,    9
195744,20160828,-9999,    9
195744,20160829,-9999,    9
195744,20160830,-9999,    9
195744,20160831,-9999,    9
195744,20160901,-9999,    9
195744,20160902,-9999,    9
195744,20160903,-9999,    9
195744,20160904,-9999,    9
195744,20160905,-9999,    9
195744,20160906,-9999,    9
195744,20160907,-9999,    9
195744,20160908,-9999,    9
195744,20160909,-9999,    9
195744,20160910,-9999,    9
195744,20160911,-9999,    9
195744,20160912,-9999,    9
195744,20160913,-9999,    9
195744,20160914,-9999,    9
195744,20160915,-9999,    9
195744,20160916,-9999,    9
195744,20160917,-9999,    9
195744,20160918,-9999,    9
195744,20160919,-9999,    9
195744,20160920,-9999,    9
195744,20160921,-9999,    9
195744,20160922,-9999,    9
195744,20160923,-9999,    9
195744,20160924,-9999,    9
195744,20160925,-9999,    9
195744,20160926,-9999,    9
195744,20160927,-9999,    9
195744,20160928,-9999,    9
195744,20160929,-9999,    9
195744,20160930,-9999,    9
195744,20161001,-9999,    9
195744,20161002,-9999,    9
195744,20161003,-9999,    9
195744,20161004,-9999,    9
195744,20161005,-9999,    9
195744,20161006,-9999,    9
195744,20161007,-9999,    9
195744,20161008,-9999,    9
195744,20161009,-9999,    9
195744,20161010,-9999,    9
195744,20161011,-9999,    9
195744,20161012,-9999,    9
195744,20161013,-9999,    9
195744,20161014,-9999,    9
195744,20161015,-9999,    9
195744,20161016,-9999,    9
195744,20161017,-9999,    9
195744,20161018,-9999,    9
195744,20161019,-9999,    9
195744,20161020,-9999,    9
195744,20161021,-9999,    9
195744,20161022,-9999,    9
195744,20161023,-9999,    9
195744,20161024,-9999,    9
195744,20161025,-9999,    9
195744,20161026,-9999,    9
195744,20161027,-9999,    9
195744,20161028,-9999,    9
195744,20161029,-9999,    9
195744,20161030,-9999,    9
195744,20161031,-9999,    9
195744,20161101,-9999,    9
195744,20161102,-9999,    9
195744,20161103,-9999,    9
195744,20161104,-9999,    9
195744,20161105,-9999,    9
195744,20161106,-9999,    9
195744,20161107,-9999,    9
195744,20161108,-9999,    9
195744,20161109,-9999,    9
195744,20161110,-9999,    9
195744,20161111,-9999,    9
195744,20161112,-9999,    9
195744,20161113,-9999,    9
195744,20161114,-9999,    9
195744,20161115,-9999,    9
195744,20161116,-9999,    9
195744,20161117,-9999,    9
195744,20161118,-9999,    9
195744,20161119,-9999,    9
195744,20161120,-9999,    9
195744,20161121,-9999,    9
195744,20161122,-9999,    9
195744,20161123,-9999,    9
195744,20161124,-9999,    9
195744,20161125,-9999,    9
195744,20161126,-9999,    9
195744,20161127,-9999,    9
195744,20161128,-9999,    9
195744,20161129,-9999,    9
195744,20161130,-9999,    9
195744,20161201,-9999,    9
195744,20161202,-9999,    9
195744,20161203,-9999,    9
195744,20161204,-9999,    9
195744,20161205,-9999,    9
195744,20161206,-9999,    9
195744,20161207,-9999,    9
195744,20161208,-9999,    9
195744,20161209,-9999,    9
195744,20161210,-9999,    9
195744,20161211,-9999,    9
195744,20161212,-9999,    9
195744,20161213,-9999,    9
195744,20161214,-9999,    9
195744,20161215,-9999,    9
195744,20161216,-9999,    9
195744,20161217,-9999,    9
195744,20161218,-9999,    9
195744,20161219,-9999,    9
195744,20161220,-9999,    9
195744,20161221,-9999,    9
195744,20161222,-9999,    9
195744,20161223,-9999,    9
195744,20161224,-9999,    9
195744,20161225,-9999,    9
195744,20161226,-9999,    9
195744,20161227,-9999,    9
195744,20161228,-9999,    9
195744,20161229,-9999,    9
195744,20161230,-9999,    9
195744,20161231,-9999,    9
195744,20170101,-9999,    9
195744,20170102,-9999,    9
195744,20170103,-9999,    9
195744,20170104,-9999,    9
195744,20170105,-9999,    9
195744,20170106,-9999,    9
195744,20170107,-9999,    9
195744,20170108,-9999,    9
195744,20170109,-9999,    9
195744,20170110,-9999,    9
195744,20170111,-9999,    9
195744,20170112,-9999,    9
195744,20170113,-9999,    9
195744,20170114,-9999,    9
195744,20170115,-9999,    9
195744,20170116,-9999,    9
195744,20170117,-9999,    9
195744,20170118,-9999,    9
195744,20170119,-9999,    9
195744,20170120,-9999,    9
195744,20170121,-9999,    9
195744,20170122,-9999,    9
195744,20170123,-9999,    9
195744,20170124,-9999,    9
195744,20170125,-9999,    9
195744,20170126,-9999,    9
195744,20170127,-9999,    9
195744,20170128,-9999,    9
195744,20170129,-9999,    9
195744,20170130,-9999,    9
195744,20170131,-9999,    9
195744,20170201,-9999,    9
195744,20170202,-9999,    9
195744,20170203,-9999,    9
195744,20170204,-9999,    9
195744,20170205,-9999,    9
195744,20170206,-9999,    9
195744,20170207,-9999,    9
195744,20170208,-9999,    9
195744,20170209,-9999,    9
195744,20170210,-9999,    9
195744,20170211,-9999,    9
195744,20170212,-9999,    9
195744,20170213,-9999,    9
195744,20170214,-9999,    9
195744,20170215,-9999,    9
195744,20170216,-9999,    9
195744,20170217,-9999,    9
195744,20170218,-9999,    9
195744,20170219,-9999,    9
195744,20170220,-9999,    9
195744,20170221,-9999,    9
195744,20170222,-9999,    9
195744,20170223,-9999,    9
195744,20170224,-9999,    9
195744,20170225,-9999,    9
195744,20170226,-9999,    9
195744,20170227,-9999,    9
195744,20170228,-9999,    9
195744,20170301,-9999,    9
195744,20170302,-9999,    9
195744,20170303,-9999,    9
195744,20170304,-9999,    9
195744,20170305,-9999,    9
195744,20170306,-9999,    9
195744,20170307,-9999,    9
195744,20170308,-9999,    9
195744,20170309,-9999,    9
195744,20170310,-9999,    9
195744,20170311,-9999,    9
195744,20170312,-9999,    9
195744,20170313,-9999,    9
195744,20170314,-9999,    9
195744,20170315,-9999,    9
195744,20170316,-9999,    9
195744,20170317,-9999,    9
195744,20170318,-9999,    9
195744,20170319,-9999,    9
195744,20170320,-9999,    9
195744,20170321,-9999,    9
195744,20170322,-9999,    9
195744,20170323,-9999,    9
195744,20170324,-9999,    9
195744,20170325,-9999,    9
195744,20170326,-9999,    9
195744,20170327,-9999,    9
195744,20170328,-9999,    9
195744,20170329,-9999,    9
195744,20170330,-9999,    9
195744,20170331,-9999,    9
195744,20170401,-9999,    9
195744,20170402,-9999,    9
195744,20170403,-9999,    9
195744,20170404,-9999,    9
195744,20170405,-9999,    9
195744,20170406,-9999,    9
195744,20170407,-9999,    9
195744,20170408,-9999,    9
195744,20170409,-9999,    9
195744,20170410,-9999,    9
195744,20170411,-9999,    9
195744,20170412,-9999,    9
195744,20170413,-9999,    9
195744,20170414,-9999,    9
195744,20170415,-9999,    9
195744,20170416,-9999,    9
195744,20170417,-9999,    9
195744,20170418,-9999,    9
195744,20170419,-9999,    9
195744,20170420,-9999,    9
195744,20170421,-9999,    9
195744,20170422,-9999,    9
195744,20170423,-9999,    9
195744,20170424,-9999,    9
195744,20170425,-9999,    9
195744,20170426,-9999,    9
195744,20170427,-9999,    9
195744,20170428,-9999,    9
195744,20170429,-9999,    9
195744,20170430,-9999,    9
195744,20170501,-9999,    9
195744,20170502,-9999,    9
195744,20170503,-9999,    9
195744,20170504,-9999,    9
195744,20170505,-9999,    9
195744,20170506,-9999,    9
195744,20170507,-9999,    9
195744,20170508,-9999,    9
195744,20170509,-9999,    9
195744,20170510,-9999,    9
195744,20170511,-9999,    9
195744,20170512,-9999,    9
195744,20170513,-9999,    9
195744,20170514,-9999,    9
195744,20170515,-9999,    9
195744,20170516,-9999,    9
195744,20170517,-9999,    9
195744,20170518,-9999,    9
195744,20170519,-9999,    9
195744,20170520,-9999,    9
195744,20170521,-9999,    9
195744,20170522,-9999,    9
195744,20170523,-9999,    9
195744,20170524,-9999,    9
195744,20170525,-9999,    9
195744,20170526,-9999,    9
195744,20170527,-9999,    9
195744,20170528,-9999,    9
195744,20170529,-9999,    9
195744,20170530,-9999,    9
195744,20170531,-9999,    9
195744,20170601,-9999,    9
195744,20170602,-9999,    9
195744,20170603,-9999,    9
195744,20170604,-9999,    9
195744,20170605,-9999,    9
195744,20170606,-9999,    9
195744,20170607,-9999,    9
195744,20170608,-9999,    9
195744,20170609,-9999,    9
195744,20170610,-9999,    9
195744,20170611,-9999,    9
195744,20170612,-9999,    9
195744,20170613,-9999,    9
195744,20170614,-9999,    9
195744,20170615,-9999,    9
195744,20170616,-9999,    9
195744,20170617,-9999,    9
195744,20170618,-9999,    9
195744,20170619,-9999,    9
195744,20170620,-9999,    9
195744,20170621,-9999,    9
195744,20170622,-9999,    9
195744,20170623,-9999,    9
195744,20170624,-9999,    9
195744,20170625,-9999,    9
195744,20170626,-9999,    9
195744,20170627,-9999,    9
195744,20170628,-9999,    9
195744,20170629,-9999,    9
195744,20170630,-9999,    9
195744,20170701,-9999,    9
195744,20170702,-9999,    9
195744,20170703,-9999,    9
195744,20170704,-9999,    9
195744,20170705,-9999,    9
195744,20170706,-9999,    9
195744,20170707,-9999,    9
195744,20170708,-9999,    9
195744,20170709,-9999,    9
195744,20170710,-9999,    9
195744,20170711,-9999,    9
195744,20170712,-9999,    9
195744,20170713,-9999,    9
195744,20170714,-9999,    9
195744,20170715,-9999,    9
195744,20170716,-9999,    9
195744,20170717,-9999,    9
195744,20170718,-9999,    9
195744,20170719,-9999,    9
195744,20170720,-9999,    9
195744,20170721,-9999,    9
195744,20170722,-9999,    9
195744,20170723,-9999,    9
195744,20170724,-9999,    9
195744,20170725,-9999,    9
195744,20170726,-9999,    9
195744,20170727,-9999,    9
195744,20170728,-9999,    9
195744,20170729,-9999,    9
195744,20170730,-9999,    9
195744,20170731,-9999,    9
195744,20170801,-9999,    9
195744,20170802,-9999,    9
195744,20170803,-9999,    9
195744,20170804,-9999,    9
195744,20170805,-9999,    9
195744,20170806,-9999,    9
195744,20170807,-9999,    9
195744,20170808,-9999,    9
195744,20170809,-9999,    9
195744,20170810,-9999,    9
195744,20170811,-9999,    9
195744,20170812,-9999,    9
195744,20170813,-9999,    9
195744,20170814,-9999,    9
195744,20170815,-9999,    9
195744,20170816,-9999,    9
195744,20170817,-9999,    9
195744,20170818,-9999,    9
195744,20170819,-9999,    9
195744,20170820,-9999,    9
195744,20170821,-9999,    9
195744,20170822,-9999,    9
195744,20170823,-9999,    9
195744,20170824,-9999,    9
195744,20170825,-9999,    9
195744,20170826,-9999,    9
195744,20170827,-9999,    9
195744,20170828,-9999,    9
195744,20170829,-9999,    9
195744,20170830,-9999,    9
195744,20170831,-9999,    9
195744,20170901,-9999,    9
195744,20170902,-9999,    9
195744,20170903,-9999,    9
195744,20170904,-9999,    9
195744,20170905,-9999,    9
195744,20170906,-9999,    9
195744,20170907,-9999,    9
195744,20170908,-9999,    9
195744,20170909,-9999,    9
195744,20170910,-9999,    9
195744,20170911,-9999,    9
195744,20170912,-9999,    9
195744,20170913,-9999,    9
195744,20170914,-9999,    9
195744,20170915,-9999,    9
195744,20170916,-9999,    9
195744,20170917,-9999,    9
195744,20170918,-9999,    9
195744,20170919,-9999,    9
195744,20170920,-9999,    9
195744,20170921,-9999,    9
195744,20170922,-9999,    9
195744,20170923,-9999,    9
195744,20170924,-9999,    9
195744,20170925,-9999,    9
195744,20170926,-9999,    9
195744,20170927,-9999,    9
195744,20170928,-9999,    9
195744,20170929,-9999,    9
195744,20170930,-9999,    9
195744,20171001,-9999,    9
195744,20171002,-9999,    9
195744,20171003,-9999,    9
195744,20171004,-9999,    9
195744,20171005,-9999,    9
195744,20171006,-9999,    9
195744,20171007,-9999,    9
195744,20171008,-9999,    9
195744,20171009,-9999,    9
195744,20171010,-9999,    9
195744,20171011,-9999,    9
195744,20171012,-9999,    9
195744,20171013,-9999,    9
195744,20171014,-9999,    9
195744,20171015,-9999,    9
195744,20171016,-9999,    9
195744,20171017,-9999,    9
195744,20171018,-9999,    9
195744,20171019,-9999,    9
195744,20171020,-9999,    9
195744,20171021,-9999,    9
195744,20171022,-9999,    9
195744,20171023,-9999,    9
195744,20171024,-9999,    9
195744,20171025,-9999,    9
195744,20171026,-9999,    9
195744,20171027,-9999,    9
195744,20171028,-9999,    9
195744,20171029,-9999,    9
195744,20171030,-9999,    9
195744,20171031,-9999,    9
195744,20171101,-9999,    9
195744,20171102,-9999,    9
195744,20171103,-9999,    9
195744,20171104,-9999,    9
195744,20171105,-9999,    9
195744,20171106,-9999,    9
195744,20171107,-9999,    9
195744,20171108,-9999,    9
195744,20171109,-9999,    9
195744,20171110,-9999,    9
195744,20171111,-9999,    9
195744,20171112,-9999,    9
195744,20171113,-9999,    9
195744,20171114,-9999,    9
195744,20171115,-9999,    9
195744,20171116,-9999,    9
195744,20171117,-9999,    9
195744,20171118,-9999,    9
195744,20171119,-9999,    9
195744,20171120,-9999,    9
195744,20171121,-9999,    9
195744,20171122,-9999,    9
195744,20171123,-9999,    9
195744,20171124,-9999,    9
195744,20171125,-9999,    9
195744,20171126,-9999,    9
195744,20171127,-9999,    9
195744,20171128,-9999,    9
195744,20171129,-9999,    9
195744,20171130,-9999,    9
195744,20171201,-9999,    9
195744,20171202,-9999,    9
195744,20171203,-9999,    9
195744,20171204,-9999,    9
195744,20171205,-9999,    9
195744,20171206,-9999,    9
195744,20171207,-9999,    9
195744,20171208,-9999,    9
195744,20171209,-9999,    9
195744,20171210,-9999,    9
195744,20171211,-9999,    9
195744,20171212,-9999,    9
195744,20171213,-9999,    9
195744,20171214,-9999,    9
195744,20171215,-9999,    9
195744,20171216,-9999,    9
195744,20171217,-9999,    9
195744,20171218,-9999,    9
195744,20171219,-9999,    9
195744,20171220,-9999,    9
195744,20171221,-9999,    9
195744,20171222,-9999,    9
195744,20171223,-9999,    9
195744,20171224,-9999,    9
195744,20171225,-9999,    9
195744,20171226,-9999,    9
195744,20171227,-9999,    9
195744,20171228,-9999,    9
195744,20171229,-9999,    9
195744,20171230,-9999,    9
195744,20171231,-9999,    9
195744,20180101,-9999,    9
195744,20180102,-9999,    9
195744,20180103,-9999,    9
195744,20180104,-9999,    9
195744,20180105,-9999,    9
195744,20180106,-9999,    9
195744,20180107,-9999,    9
195744,20180108,-9999,    9
195744,20180109,-9999,    9
195744,20180110,-9999,    9
195744,20180111,-9999,    9
195744,20180112,-9999,    9
195744,20180113,-9999,    9
195744,20180114,-9999,    9
195744,20180115,-9999,    9
195744,20180116,-9999,    9
195744,20180117,-9999,    9
195744,20180118,-9999,    9
195744,20180119,-9999,    9
195744,20180120,-9999,    9
195744,20180121,-9999,    9
195744,20180122,-9999,    9
195744,20180123,-9999,    9
195744,20180124,-9999,    9
195744,20180125,-9999,    9
195744,20180126,-9999,    9
195744,20180127,-9999,    9
195744,20180128,-9999,    9
195744,20180129,-9999,    9
195744,20180130,-9999,    9
195744,20180131,-9999,    9
195744,20180201,-9999,    9
195744,20180202,-9999,    9
195744,20180203,-9999,    9
195744,20180204,-9999,    9
195744,20180205,-9999,    9
195744,20180206,-9999,    9
195744,20180207,-9999,    9
195744,20180208,-9999,    9
195744,20180209,-9999,    9
195744,20180210,-9999,    9
195744,20180211,-9999,    9
195744,20180212,-9999,    9
195744,20180213,-9999,    9
195744,20180214,-9999,    9
195744,20180215,-9999,    9
195744,20180216,-9999,    9
195744,20180217,-9999,    9
195744,20180218,-9999,    9
195744,20180219,-9999,    9
195744,20180220,-9999,    9
195744,20180221,-9999,    9
195744,20180222,-9999,    9
195744,20180223,-9999,    9
195744,20180224,-9999,    9
195744,20180225,-9999,    9
195744,20180226,-9999,    9
195744,20180227,-9999,    9
195744,20180228,-9999,    9
195744,20180301,-9999,    9
195744,20180302,-9999,    9
195744,20180303,-9999,    9
195744,20180304,-9999,    9
195744,20180305,-9999,    9
195744,20180306,-9999,    9
195744,20180307,-9999,    9
195744,20180308,-9999,    9
195744,20180309,-9999,    9
195744,20180310,-9999,    9
195744,20180311,-9999,    9
195744,20180312,-9999,    9
195744,20180313,-9999,    9
195744,20180314,-9999,    9
195744,20180315,-9999,    9
195744,20180316,-9999,    9
195744,20180317,-9999,    9
195744,20180318,-9999,    9
195744,20180319,-9999,    9
195744,20180320,-9999,    9
195744,20180321,-9999,    9
195744,20180322,-9999,    9
195744,20180323,-9999,    9
195744,20180324,-9999,    9
195744,20180325,-9999,    9
195744,20180326,-9999,    9
195744,20180327,-9999,    9
195744,20180328,-9999,    9
195744,20180329,-9999,    9
195744,20180330,-9999,    9
195744,20180331,-9999,    9
195744,20180401,-9999,    9
195744,20180402,-9999,    9
195744,20180403,-9999,    9
195744,20180404,-9999,    9
195744,20180405,-9999,    9
195744,20180406,-9999,    9
195744,20180407,-9999,    9
195744,20180408,-9999,    9
195744,20180409,-9999,    9
195744,20180410,-9999,    9
195744,20180411,-9999,    9
195744,20180412,-9999,    9
195744,20180413,-9999,    9
195744,20180414,-9999,    9
195744,20180415,-9999,    9
195744,20180416,-9999,    9
195744,20180417,-9999,    9
195744,20180418,-9999,    9
195744,20180419,-9999,    9
195744,20180420,-9999,    9
195744,20180421,-9999,    9
195744,20180422,-9999,    9
195744,20180423,-9999,    9
195744,20180424,-9999,    9
195744,20180425,-9999,    9
195744,20180426,-9999,    9
195744,20180427,-9999,    9
195744,20180428,-9999,    9
195744,20180429,-9999,    9
195744,20180430,-9999,    9
195744,20180501,-9999,    9
195744,20180502,-9999,    9
195744,20180503,-9999,    9
195744,20180504,-9999,    9
195744,20180505,-9999,    9
195744,20180506,-9999,    9
195744,20180507,-9999,    9
195744,20180508,-9999,    9
195744,20180509,-9999,    9
195744,20180510,-9999,    9
195744,20180511,-9999,    9
195744,20180512,-9999,    9
195744,20180513,-9999,    9
195744,20180514,-9999,    9
195744,20180515,-9999,    9
195744,20180516,-9999,    9
195744,20180517,-9999,    9
195744,20180518,-9999,    9
195744,20180519,-9999,    9
195744,20180520,-9999,    9
195744,20180521,-9999,    9
195744,20180522,-9999,    9
195744,20180523,-9999,    9
195744,20180524,-9999,    9
195744,20180525,-9999,    9
195744,20180526,-9999,    9
195744,20180527,-9999,    9
195744,20180528,-9999,    9
195744,20180529,-9999,    9
195744,20180530,-9999,    9
195744,20180531,-9999,    9
195744,20180601,-9999,    9
195744,20180602,-9999,    9
195744,20180603,-9999,    9
195744,20180604,-9999,    9
195744,20180605,-9999,    9
195744,20180606,-9999,    9
195744,20180607,-9999,    9
195744,20180608,-9999,    9
195744,20180609,-9999,    9
195744,20180610,-9999,    9
195744,20180611,-9999,    9
195744,20180612,-9999,    9
195744,20180613,-9999,    9
195744,20180614,-9999,    9
195744,20180615,-9999,    9
195744,20180616,-9999,    9
195744,20180617,-9999,    9
195744,20180618,-9999,    9
195744,20180619,-9999,    9
195744,20180620,-9999,    9
195744,20180621,-9999,    9
195744,20180622,-9999,    9
195744,20180623,-9999,    9
195744,20180624,-9999,    9
195744,20180625,-9999,    9
195744,20180626,-9999,    9
195744,20180627,-9999,    9
195744,20180628,-9999,    9
195744,20180629,-9999,    9
195744,20180630,-9999,    9
195744,20180701,-9999,    9
195744,20180702,-9999,    9
195744,20180703,-9999,    9
195744,20180704,-9999,    9
195744,20180705,-9999,    9
195744,20180706,-9999,    9
195744,20180707,-9999,    9
195744,20180708,-9999,    9
195744,20180709,-9999,    9
195744,20180710,-9999,    9
195744,20180711,-9999,    9
195744,20180712,-9999,    9
195744,20180713,-9999,    9
195744,20180714,-9999,    9
195744,20180715,-9999,    9
195744,20180716,-9999,    9
195744,20180717,-9999,    9
195744,20180718,-9999,    9
195744,20180719,-9999,    9
195744,20180720,-9999,    9
195744,20180721,-9999,    9
195744,20180722,-9999,    9
195744,20180723,-9999,    9
195744,20180724,-9999,    9
195744,20180725,-9999,    9
195744,20180726,-9999,    9
195744,20180727,-9999,    9
195744,20180728,-9999,    9
195744,20180729,-9999,    9
195744,20180730,-9999,    9
195744,20180731,-9999,    9
195744,20180801,-9999,    9
195744,20180802,-9999,    9
195744,20180803,-9999,    9
195744,20180804,-9999,    9
195744,20180805,-9999,    9
195744,20180806,-9999,    9
195744,20180807,-9999,    9
195744,20180808,-9999,    9
195744,20180809,-9999,    9
195744,20180810,-9999,    9
195744,20180811,-9999,    9
195744,20180812,-9999,    9
195744,20180813,-9999,    9
195744,20180814,-9999,    9
195744,20180815,-9999,    9
195744,20180816,-9999,    9
195744,20180817,-9999,    9
195744,20180818,-9999,    9
195744,20180819,-9999,    9
195744,20180820,-9999,    9
195744,20180821,-9999,    9
195744,20180822,-9999,    9
195744,20180823,-9999,    9
195744,20180824,-9999,    9
195744,20180825,-9999,    9
195744,20180826,-9999,    9
195744,20180827,-9999,    9
195744,20180828,-9999,    9
195744,20180829,-9999,    9
195744,20180830,-9999,    9
195744,20180831,-9999,    9
195744,20180901,-9999,    9
195744,20180902,-9999,    9
195744,20180903,-9999,    9
195744,20180904,-9999,    9
195744,20180905,-9999,    9
195744,20180906,-9999,    9
195744,20180907,-9999,    9
195744,20180908,-9999,    9
195744,20180909,-9999,    9
195744,20180910,-9999,    9
195744,20180911,-9999,    9
195744,20180912,-9999,    9
195744,20180913,-9999,    9
195744,20180914,-9999,    9
195744,20180915,-9999,    9
195744,20180916,-9999,    9
195744,20180917,-9999,    9
195744,20180918,-9999,    9
195744,20180919,-9999,    9
195744,20180920,-9999,    9
195744,20180921,-9999,    9
195744,20180922,-9999,    9
195744,20180923,-9999,    9
195744,20180924,-9999,    9
195744,20180925,-9999,    9
195744,20180926,-9999,    9
195744,20180927,-9999,    9
195744,20180928,-9999,    9
195744,20180929,-9999,    9
195744,20180930,-9999,    9
195744,20181001,-9999,    9
195744,20181002,-9999,    9
195744,20181003,-9999,    9
195744,20181004,-9999,    9
195744,20181005,-9999,    9
195744,20181006,-9999,    9
195744,20181007,-9999,    9
195744,20181008,-9999,    9
195744,20181009,-9999,    9
195744,20181010,-9999,    9
195744,20181011,-9999,    9
195744,20181012,-9999,    9
195744,20181013,-9999,    9
195744,20181014,-9999,    9
195744,20181015,-9999,    9
195744,20181016,-9999,    9
195744,20181017,-9999,    9
195744,20181018,-9999,    9
195744,20181019,-9999,    9
195744,20181020,-9999,    9
195744,20181021,-9999,    9
195744,20181022,-9999,    9
195744,20181023,-9999,    9
195744,20181024,-9999,    9
195744,20181025,-9999,    9
195744,20181026,-9999,    9
195744,20181027,-9999,    9
195744,20181028,-9999,    9
195744,20181029,-9999,    9
195744,20181030,-9999,    9
195744,20181031,-9999,    9
195744,20181101,-9999,    9
195744,20181102,-9999,    9
195744,20181103,-9999,    9
195744,20181104,-9999,    9
195744,20181105,-9999,    9
195744,20181106,-9999,    9
195744,20181107,-9999,    9
195744,20181108,-9999,    9
195744,20181109,-9999,    9
195744,20181110,-9999,    9
195744,20181111,-9999,    9
195744,20181112,-9999,    9
195744,20181113,-9999,    9
195744,20181114,-9999,    9
195744,20181115,-9999,    9
195744,20181116,-9999,    9
195744,20181117,-9999,    9
195744,20181118,-9999,    9
195744,20181119,-9999,    9
195744,20181120,-9999,    9
195744,20181121,-9999,    9
195744,20181122,-9999,    9
195744,20181123,-9999,    9
195744,20181124,-9999,    9
195744,20181125,-9999,    9
195744,20181126,-9999,    9
195744,20181127,-9999,    9
195744,20181128,-9999,    9
195744,20181129,-9999,    9
195744,20181130,-9999,    9
195744,20181201,-9999,    9
195744,20181202,-9999,    9
195744,20181203,-9999,    9
195744,20181204,-9999,    9
195744,20181205,-9999,    9
195744,20181206,-9999,    9
195744,20181207,-9999,    9
195744,20181208,-9999,    9
195744,20181209,-9999,    9
195744,20181210,-9999,    9
195744,20181211,-9999,    9
195744,20181212,-9999,    9
195744,20181213,-9999,    9
195744,20181214,-9999,    9
195744,20181215,-9999,    9
195744,20181216,-9999,    9
195744,20181217,-9999,    9
195744,20181218,-9999,    9
195744,20181219,-9999,    9
195744,20181220,-9999,    9
195744,20181221,-9999,    9
195744,20181222,-9999,    9
195744,20181223,-9999,    9
195744,20181224,-9999,    9
195744,20181225,-9999,    9
195744,20181226,-9999,    9
195744,20181227,-9999,    9
195744,20181228,-9999,    9
195744,20181229,-9999,    9
195744,20181230,-9999,    9
195744,20181231,-9999,    9
195744,20190101,-9999,    9
195744,20190102,-9999,    9
195744,20190103,-9999,    9
195744,20190104,-9999,    9
195744,20190105,-9999,    9
195744,20190106,-9999,    9
195744,20190107,-9999,    9
195744,20190108,-9999,    9
195744,20190109,-9999,    9
195744,20190110,-9999,    9
195744,20190111,-9999,    9
195744,20190112,-9999,    9
195744,20190113,-9999,    9
195744,20190114,-9999,    9
195744,20190115,-9999,    9
195744,20190116,-9999,    9
195744,20190117,-9999,    9
195744,20190118,-9999,    9
195744,20190119,-9999,    9
195744,20190120,-9999,    9
195744,20190121,-9999,    9
195744,20190122,-9999,    9
195744,20190123,-9999,    9
195744,20190124,-9999,    9
195744,20190125,-9999,    9
195744,20190126,-9999,    9
195744,20190127,-9999,    9
195744,20190128,-9999,    9
195744,20190129,-9999,    9
195744,20190130,-9999,    9
195744,20190131,-9999,    9
195744,20190201,-9999,    9
195744,20190202,-9999,    9
195744,20190203,-9999,    9
195744,20190204,-9999,    9
195744,20190205,-9999,    9
195744,20190206,-9999,    9
195744,20190207,-9999,    9
195744,20190208,-9999,    9
195744,20190209,-9999,    9
195744,20190210,-9999,    9
195744,20190211,-9999,    9
195744,20190212,-9999,    9
195744,20190213,-9999,    9
195744,20190214,-9999,    9
195744,20190215,-9999,    9
195744,20190216,-9999,    9
195744,20190217,-9999,    9
195744,20190218,-9999,    9
195744,20190219,-9999,    9
195744,20190220,-9999,    9
195744,20190221,-9999,    9
195744,20190222,-9999,    9
195744,20190223,-9999,    9
195744,20190224,-9999,    9
195744,20190225,-9999,    9
195744,20190226,-9999,    9
195744,20190227,-9999,    9
195744,20190228,-9999,    9
195744,20190301,-9999,    9
195744,20190302,-9999,    9
195744,20190303,-9999,    9
195744,20190304,-9999,    9
195744,20190305,-9999,    9
195744,20190306,-9999,    9
195744,20190307,-9999,    9
195744,20190308,-9999,    9
195744,20190309,-9999,    9
195744,20190310,-9999,    9
195744,20190311,-9999,    9
195744,20190312,-9999,    9
195744,20190313,-9999,    9
195744,20190314,-9999,    9
195744,20190315,-9999,    9
195744,20190316,-9999,    9
195744,20190317,-9999,    9
195744,20190318,-9999,    9
195744,20190319,-9999,    9
195744,20190320,-9999,    9
195744,20190321,-9999,    9
195744,20190322,-9999,    9
195744,20190323,-9999,    9
195744,20190324,-9999,    9
195744,20190325,-9999,    9
195744,20190326,-9999,    9
195744,20190327,-9999,    9
195744,20190328,-9999,    9
195744,20190329,-9999,    9
195744,20190330,-9999,    9
195744,20190331,-9999,    9
195744,20190401,-9999,    9
195744,20190402,-9999,    9
195744,20190403,-9999,    9
195744,20190404,-9999,    9
195744,20190405,-9999,    9
195744,20190406,-9999,    9
195744,20190407,-9999,    9
195744,20190408,-9999,    9
195744,20190409,-9999,    9
195744,20190410,-9999,    9
195744,20190411,-9999,    9
195744,20190412,-9999,    9
195744,20190413,-9999,    9
195744,20190414,-9999,    9
195744,20190415,-9999,    9
195744,20190416,-9999,    9
195744,20190417,-9999,    9
195744,20190418,-9999,    9
195744,20190419,-9999,    9
195744,20190420,-9999,    9
195744,20190421,-9999,    9
195744,20190422,-9999,    9
195744,20190423,-9999,    9
195744,20190424,-9999,    9
195744,20190425,-9999,    9
195744,20190426,-9999,    9
195744,20190427,-9999,    9
195744,20190428,-9999,    9
195744,20190429,-9999,    9
195744,20190430,-9999,    9
195744,20190501,-9999,    9
195744,20190502,-9999,    9
195744,20190503,-9999,    9
195744,20190504,-9999,    9
195744,20190505,-9999,    9
195744,20190506,-9999,    9
195744,20190507,-9999,    9
195744,20190508,-9999,    9
195744,20190509,-9999,    9
195744,20190510,-9999,    9
195744,20190511,-9999,    9
195744,20190512,-9999,    9
195744,20190513,-9999,    9
195744,20190514,-9999,    9
195744,20190515,-9999,    9
195744,20190516,-9999,    9
195744,20190517,-9999,    9
195744,20190518,-9999,    9
195744,20190519,-9999,    9
195744,20190520,-9999,    9
195744,20190521,-9999,    9
195744,20190522,-9999,    9
195744,20190523,-9999,    9
195744,20190524,-9999,    9
195744,20190525,-9999,    9
195744,20190526,-9999,    9
195744,20190527,-9999,    9
195744,20190528,-9999,    9
195744,20190529,-9999,    9
195744,20190530,-9999,    9
195744,20190531,-9999,    9
195744,20190601,-9999,    9
195744,20190602,-9999,    9
195744,20190603,-9999,    9
195744,20190604,-9999,    9
195744,20190605,-9999,    9
195744,20190606,-9999,    9
195744,20190607,-9999,    9
195744,20190608,-9999,    9
195744,20190609,-9999,    9
195744,20190610,-9999,    9
195744,20190611,-9999,    9
195744,20190612,-9999,    9
195744,20190613,-9999,    9
195744,20190614,-9999,    9
195744,20190615,-9999,    9
195744,20190616,-9999,    9
195744,20190617,-9999,    9
195744,20190618,-9999,    9
195744,20190619,-9999,    9
195744,20190620,-9999,    9
195744,20190621,-9999,    9
195744,20190622,-9999,    9
195744,20190623,-9999,    9
195744,20190624,-9999,    9
195744,20190625,-9999,    9
195744,20190626,-9999,    9
195744,20190627,-9999,    9
195744,20190628,-9999,    9
195744,20190629,-9999,    9
195744,20190630,-9999,    9
195744,20190701,-9999,    9
195744,20190702,-9999,    9
195744,20190703,-9999,    9
195744,20190704,-9999,    9
195744,20190705,-9999,    9
195744,20190706,-9999,    9
195744,20190707,-9999,    9
195744,20190708,-9999,    9
195744,20190709,-9999,    9
195744,20190710,-9999,    9
195744,20190711,-9999,    9
195744,20190712,-9999,    9
195744,20190713,-9999,    9
195744,20190714,-9999,    9
195744,20190715,-9999,    9
195744,20190716,-9999,    9
195744,20190717,-9999,    9
195744,20190718,-9999,    9
195744,20190719,-9999,    9
195744,20190720,-9999,    9
195744,20190721,-9999,    9
195744,20190722,-9999,    9
195744,20190723,-9999,    9
195744,20190724,-9999,    9
195744,20190725,-9999,    9
195744,20190726,-9999,    9
195744,20190727,-9999,    9
195744,20190728,-9999,    9
195744,20190729,-9999,    9
195744,20190730,-9999,    9
195744,20190731,-9999,    9
195744,20190801,-9999,    9
195744,20190802,-9999,    9
195744,20190803,-9999,    9
195744,20190804,-9999,    9
195744,20190805,-9999,    9
195744,20190806,-9999,    9
195744,20190807,-9999,    9
195744,20190808,-9999,    9
195744,20190809,-9999,    9
195744,20190810,-9999,    9
195744,20190811,-9999,    9
195744,20190812,-9999,    9
195744,20190813,-9999,    9
195744,20190814,-9999,    9
195744,20190815,-9999,    9
195744,20190816,-9999,    9
195744,20190817,-9999,    9
195744,20190818,-9999,    9
195744,20190819,-9999,    9
195744,20190820,-9999,    9
195744,20190821,-9999,    9
195744,20190822,-9999,    9
195744,20190823,-9999,    9
195744,20190824,-9999,    9
195744,20190825,-9999,    9
195744,20190826,-9999,    9
195744,20190827,-9999,    9
195744,20190828,-9999,    9
195744,20190829,-9999,    9
195744,20190830,-9999,    9
195744,20190831,-9999,    9
195744,20190901,-9999,    9
195744,20190902,-9999,    9
195744,20190903,-9999,    9
195744,20190904,-9999,    9
195744,20190905,-9999,    9
195744,20190906,-9999,    9
195744,20190907,-9999,    9
195744,20190908,-9999,    9
195744,20190909,-9999,    9
195744,20190910,-9999,    9
195744,20190911,-9999,    9
195744,20190912,-9999,    9
195744,20190913,-9999,    9
195744,20190914,-9999,    9
195744,20190915,-9999,    9
195744,20190916,-9999,    9
195744,20190917,-9999,    9
195744,20190918,-9999,    9
195744,20190919,-9999,    9
195744,20190920,-9999,    9
195744,20190921,-9999,    9
195744,20190922,-9999,    9
195744,20190923,-9999,    9
195744,20190924,-9999,    9
195744,20190925,-9999,    9
195744,20190926,-9999,    9
195744,20190927,-9999,    9
195744,20190928,-9999,    9
195744,20190929,-9999,    9
195744,20190930,-9999,    9
195744,20191001,-9999,    9
195744,20191002,-9999,    9
195744,20191003,-9999,    9
195744,20191004,-9999,    9
195744,20191005,-9999,    9
195744,20191006,-9999,    9
195744,20191007,-9999,    9
195744,20191008,-9999,    9
195744,20191009,-9999,    9
195744,20191010,-9999,    9
195744,20191011,-9999,    9
195744,20191012,-9999,    9
195744,20191013,-9999,    9
195744,20191014,-9999,    9
195744,20191015,-9999,    9
195744,20191016,-9999,    9
195744,20191017,-9999,    9
195744,20191018,-9999,    9
195744,20191019,-9999,    9
195744,20191020,-9999,    9
195744,20191021,-9999,    9
195744,20191022,-9999,    9
195744,20191023,-9999,    9
195744,20191024,-9999,    9
195744,20191025,-9999,    9
195744,20191026,-9999,    9
195744,20191027,-9999,    9
195744,20191028,-9999,    9
195744,20191029,-9999,    9
195744,20191030,-9999,    9
195744,20191031,-9999,    9
195744,20191101,-9999,    9
195744,20191102,-9999,    9
195744,20191103,-9999,    9
195744,20191104,-9999,    9
195744,20191105,-9999,    9
195744,20191106,-9999,    9
195744,20191107,-9999,    9
195744,20191108,-9999,    9
195744,20191109,-9999,    9
195744,20191110,-9999,    9
195744,20191111,-9999,    9
195744,20191112,-9999,    9
195744,20191113,-9999,    9
195744,20191114,-9999,    9
195744,20191115,-9999,    9
195744,20191116,-9999,    9
195744,20191117,-9999,    9
195744,20191118,-9999,    9
195744,20191119,-9999,    9
195744,20191120,-9999,    9
195744,20191121,-9999,    9
195744,20191122,-9999,    9
195744,20191123,-9999,    9
195744,20191124,-9999,    9
195744,20191125,-9999,    9
195744,20191126,-9999,    9
195744,20191127,-9999,    9
195744,20191128,-9999,    9
195744,20191129,-9999,    9
195744,20191130,-9999,    9
195744,20191201,-9999,    9
195744,20191202,-9999,    9
195744,20191203,-9999,    9
195744,20191204,-9999,    9
195744,20191205,-9999,    9
195744,20191206,-9999,    9
195744,20191207,-9999,    9
195744,20191208,-9999,    9
195744,20191209,-9999,    9
195744,20191210,-9999,    9
195744,20191211,-9999,    9
195744,20191212,-9999,    9
195744,20191213,-9999,    9
195744,20191214,-9999,    9
195744,20191215,-9999,    9
195744,20191216,-9999,    9
195744,20191217,-9999,    9
195744,20191218,-9999,    9
195744,20191219,-9999,    9
195744,20191220,-9999,    9
195744,20191221,-9999,    9
195744,20191222,-9999,    9
195744,20191223,-9999,    9
195744,20191224,-9999,    9
195744,20191225,-9999,    9
195744,20191226,-9999,    9
195744,20191227,-9999,    9
195744,20191228,-9999,    9
195744,20191229,-9999,    9
195744,20191230,-9999,    9
195744,20191231,-9999,    9
195744,20200101,-9999,    9
195744,20200102,-9999,    9
195744,20200103,-9999,    9
195744,20200104,-9999,    9
195744,20200105,-9999,    9
195744,20200106,-9999,    9
195744,20200107,-9999,    9
195744,20200108,-9999,    9
195744,20200109,-9999,    9
195744,20200110,-9999,    9
195744,20200111,-9999,    9
195744,20200112,-9999,    9
195744,20200113,-9999,    9
195744,20200114,-9999,    9
195744,20200115,-9999,    9
195744,20200116,-9999,    9
195744,20200117,-9999,    9
195744,20200118,-9999,    9
195744,20200119,-9999,    9
195744,20200120,-9999,    9
195744,20200121,-9999,    9
195744,20200122,-9999,    9
195744,20200123,-9999,    9
195744,20200124,-9999,    9
195744,20200125,-9999,    9
195744,20200126,-9999,    9
195744,20200127,-9999,    9
195744,20200128,-9999,    9
195744,20200129,-9999,    9
195744,20200130,-9999,    9
195744,20200131,-9999,    9
195744,20200201,-9999,    9
195744,20200202,-9999,    9
195744,20200203,-9999,    9
195744,20200204,-9999,    9
195744,20200205,-9999,    9
195744,20200206,-9999,    9
195744,20200207,-9999,    9
195744,20200208,-9999,    9
195744,20200209,-9999,    9
195744,20200210,-9999,    9
195744,20200211,-9999,    9
195744,20200212,-9999,    9
195744,20200213,-9999,    9
195744,20200214,-9999,    9
195744,20200215,-9999,    9
195744,20200216,-9999,    9
195744,20200217,-9999,    9
195744,20200218,-9999,    9
195744,20200219,-9999,    9
195744,20200220,-9999,    9
195744,20200221,-9999,    9
195744,20200222,-9999,    9
195744,20200223,-9999,    9
195744,20200224,-9999,    9
195744,20200225,-9999,    9
195744,20200226,-9999,    9
195744,20200227,-9999,    9
195744,20200228,-9999,    9
195744,20200229,-9999,    9
195744,20200301,-9999,    9
195744,20200302,-9999,    9
195744,20200303,-9999,    9
195744,20200304,-9999,    9
195744,20200305,-9999,    9
195744,20200306,-9999,    9
195744,20200307,-9999,    9
195744,20200308,-9999,    9
195744,20200309,-9999,    9
195744,20200310,-9999,    9
195744,20200311,-9999,    9
195744,20200312,-9999,    9
195744,20200313,-9999,    9
195744,20200314,-9999,    9
195744,20200315,-9999,    9
195744,20200316,-9999,    9
195744,20200317,-9999,    9
195744,20200318,-9999,    9
195744,20200319,-9999,    9
195744,20200320,-9999,    9
195744,20200321,-9999,    9
195744,20200322,-9999,    9
195744,20200323,-9999,    9
195744,20200324,-9999,    9
195744,20200325,-9999,    9
195744,20200326,-9999,    9
195744,20200327,-9999,    9
195744,20200328,-9999,    9
195744,20200329,-9999,    9
195744,20200330,-9999,    9
195744,20200331,-9999,    9
195744,20200401,-9999,    9
195744,20200402,-9999,    9
195744,20200403,-9999,    9
195744,20200404,-9999,    9
195744,20200405,-9999,    9
195744,20200406,-9999,    9
195744,20200407,-9999,    9
195744,20200408,-9999,    9
195744,20200409,-9999,    9
195744,20200410,-9999,    9
195744,20200411,-9999,    9
195744,20200412,-9999,    9
195744,20200413,-9999,    9
195744,20200414,-9999,    9
195744,20200415,-9999,    9
195744,20200416,-9999,    9
195744,20200417,-9999,    9
195744,20200418,-9999,    9
195744,20200419,-9999,    9
195744,20200420,-9999,    9
195744,20200421,-9999,    9
195744,20200422,-9999,    9
195744,20200423,-9999,    9
195744,20200424,-9999,    9
195744,20200425,-9999,    9
195744,20200426,-9999,    9
195744,20200427,-9999,    9
195744,20200428,-9999,    9
195744,20200429,-9999,    9
195744,20200430,-9999,    9
195744,20200501,-9999,    9
195744,20200502,-9999,    9
195744,20200503,-9999,    9
195744,20200504,-9999,    9
195744,20200505,-9999,    9
195744,20200506,-9999,    9
195744,20200507,-9999,    9
195744,20200508,-9999,    9
195744,20200509,-9999,    9
195744,20200510,-9999,    9
195744,20200511,-9999,    9
195744,20200512,-9999,    9
195744,20200513,-9999,    9
195744,20200514,-9999,    9
195744,20200515,-9999,    9
195744,20200516,-9999,    9
195744,20200517,-9999,    9
195744,20200518,-9999,    9
195744,20200519,-9999,    9
195744,20200520,-9999,    9
195744,20200521,-9999,    9
195744,20200522,-9999,    9
195744,20200523,-9999,    9
195744,20200524,-9999,    9
195744,20200525,-9999,    9
195744,20200526,-9999,    9
195744,20200527,-9999,    9
195744,20200528,-9999,    9
195744,20200529,-9999,    9
195744,20200530,-9999,    9
195744,20200531,-9999,    9
195744,20200601,-9999,    9
195744,20200602,-9999,    9
195744,20200603,-9999,    9
195744,20200604,-9999,    9
195744,20200605,-9999,    9
195744,20200606,-9999,    9
195744,20200607,-9999,    9
195744,20200608,-9999,    9
195744,20200609,-9999,    9
195744,20200610,-9999,    9
195744,20200611,-9999,    9
195744,20200612,-9999,    9
195744,20200613,-9999,    9
195744,20200614,-9999,    9
195744,20200615,-9999,    9
195744,20200616,-9999,    9
195744,20200617,-9999,    9
195744,20200618,-9999,    9
195744,20200619,-9999,    9
195744,20200620,-9999,    9
195744,20200621,-9999,    9
195744,20200622,-9999,    9
195744,20200623,-9999,    9
195744,20200624,-9999,    9
195744,20200625,-9999,    9
195744,20200626,-9999,    9
195744,20200627,-9999,    9
195744,20200628,-9999,    9
195744,20200629,-9999,    9
195744,20200630,-9999,    9
195744,20200701,-9999,    9
195744,20200702,-9999,    9
195744,20200703,-9999,    9
195744,20200704,-9999,    9
195744,20200705,-9999,    9
195744,20200706,-9999,    9
195744,20200707,-9999,    9
195744,20200708,-9999,    9
195744,20200709,-9999,    9
195744,20200710,-9999,    9
195744,20200711,-9999,    9
195744,20200712,-9999,    9
195744,20200713,-9999,    9
195744,20200714,-9999,    9
195744,20200715,-9999,    9
195744,20200716,-9999,    9
195744,20200717,-9999,    9
195744,20200718,-9999,    9
195744,20200719,-9999,    9
195744,20200720,-9999,    9
195744,20200721,-9999,    9
195744,20200722,-9999,    9
195744,20200723,-9999,    9
195744,20200724,-9999,    9
195744,20200725,-9999,    9
195744,20200726,-9999,    9
195744,20200727,-9999,    9
195744,20200728,-9999,    9
195744,20200729,-9999,    9
195744,20200730,-9999,    9
195744,20200731,-9999,    9
195744,20200801,-9999,    9
195744,20200802,-9999,    9
195744,20200803,-9999,    9
195744,20200804,-9999,    9
195744,20200805,-9999,    9
195744,20200806,-9999,    9
195744,20200807,-9999,    9
195744,20200808,-9999,    9
195744,20200809,-9999,    9
195744,20200810,-9999,    9
195744,20200811,-9999,    9
195744,20200812,-9999,    9
195744,20200813,-9999,    9
195744,20200814,-9999,    9
195744,20200815,-9999,    9
195744,20200816,-9999,    9
195744,20200817,-9999,    9
195744,20200818,-9999,    9
195744,20200819,-9999,    9
195744,20200820,-9999,    9
195744,20200821,-9999,    9
195744,20200822,-9999,    9
195744,20200823,-9999,    9
195744,20200824,-9999,    9
195744,20200825,-9999,    9
195744,20200826,-9999,    9
195744,20200827,-9999,    9
195744,20200828,-9999,    9
195744,20200829,-9999,    9
195744,20200830,-9999,    9
195744,20200831,-9999,    9
195744,20200901,-9999,    9
195744,20200902,-9999,    9
195744,20200903,-9999,    9
195744,20200904,-9999,    9
195744,20200905,-9999,    9
195744,20200906,-9999,    9
195744,20200907,-9999,    9
195744,20200908,-9999,    9
195744,20200909,-9999,    9
195744,20200910,-9999,    9
195744,20200911,-9999,    9
195744,20200912,-9999,    9
195744,20200913,-9999,    9
195744,20200914,-9999,    9
195744,20200915,-9999,    9
195744,20200916,-9999,    9
195744,20200917,-9999,    9
195744,20200918,-9999,    9
195744,20200919,-9999,    9
195744,20200920,-9999,    9
195744,20200921,-9999,    9
195744,20200922,-9999,    9
195744,20200923,-9999,    9
195744,20200924,-9999,    9
195744,20200925,-9999,    9
195744,20200926,-9999,    9
195744,20200927,-9999,    9
195744,20200928,-9999,    9
195744,20200929,-9999,    9
195744,20200930,-9999,    9
195744,20201001,-9999,    9
195744,20201002,-9999,    9
195744,20201003,-9999,    9
195744,20201004,-9999,    9
195744,20201005,-9999,    9
195744,20201006,-9999,    9
195744,20201007,-9999,    9
195744,20201008,-9999,    9
195744,20201009,-9999,    9
195744,20201010,-9999,    9
195744,20201011,-9999,    9
195744,20201012,-9999,    9
195744,20201013,-9999,    9
195744,20201014,-9999,    9
195744,20201015,-9999,    9
195744,20201016,-9999,    9
195744,20201017,-9999,    9
195744,20201018,-9999,    9
195744,20201019,-9999,    9
195744,20201020,-9999,    9
195744,20201021,-9999,    9
195744,20201022,-9999,    9
195744,20201023,-9999,    9
195744,20201024,-9999,    9
195744,20201025,-9999,    9
195744,20201026,-9999,    9
195744,20201027,-9999,    9
195744,20201028,-9999,    9
195744,20201029,-9999,    9
195744,20201030,-9999,    9
195744,20201031,-9999,    9
195744,20201101,-9999,    9
195744,20201102,-9999,    9
195744,20201103,-9999,    9
195744,20201104,-9999,    9
195744,20201105,-9999,    9
195744,20201106,-9999,    9
195744,20201107,-9999,    9
195744,20201108,-9999,    9
195744,20201109,-9999,    9
195744,20201110,-9999,    9
195744,20201111,-9999,    9
195744,20201112,-9999,    9
195744,20201113,-9999,    9
195744,20201114,-9999,    9
195744,20201115,-9999,    9
195744,20201116,-9999,    9
195744,20201117,-9999,    9
195744,20201118,-9999,    9
195744,20201119,-9999,    9
195744,20201120,-9999,    9
195744,20201121,-9999,    9
195744,20201122,-9999,    9
195744,20201123,-9999,    9
195744,20201124,-9999,    9
195744,20201125,-9999,    9
195744,20201126,-9999,    9
195744,20201127,-9999,    9
195744,20201128,-9999,    9
195744,20201129,-9999,    9
195744,20201130,-9999,    9
195744,20201201,-9999,    9
195744,20201202,-9999,    9
195744,20201203,-9999,    9
195744,20201204,-9999,    9
195744,20201205,-9999,    9
195744,20201206,-9999,    9
195744,20201207,-9999,    9
195744,20201208,-9999,    9
195744,20201209,-9999,    9
195744,20201210,-9999,    9
195744,20201211,-9999,    9
195744,20201212,-9999,    9
195744,20201213,-9999,    9
195744,20201214,-9999,    9
195744,20201215,-9999,    9
195744,20201216,-9999,    9
195744,20201217,-9999,    9
195744,20201218,-9999,    9
195744,20201219,-9999,    9
195744,20201220,-9999,    9
195744,20201221,-9999,    9
195744,20201222,-9999,    9
195744,20201223,-9999,    9
195744,20201224,-9999,    9
195744,20201225,-9999,    9
195744,20201226,-9999,    9
195744,20201227,-9999,    9
195744,20201228,-9999,    9
195744,20201229,-9999,    9
195744,20201230,-9999,    9
195744,20201231,-9999,    9
195744,20210101,-9999,    9
195744,20210102,-9999,    9
195744,20210103,-9999,    9
195744,20210104,-9999,    9
195744,20210105,-9999,    9
195744,20210106,-9999,    9
195744,20210107,-9999,    9
195744,20210108,-9999,    9
195744,20210109,-9999,    9
195744,20210110,-9999,    9
195744,20210111,-9999,    9
195744,20210112,-9999,    9
195744,20210113,-9999,    9
195744,20210114,-9999,    9
195744,20210115,-9999,    9
195744,20210116,-9999,    9
195744,20210117,-9999,    9
195744,20210118,-9999,    9
195744,20210119,-9999,    9
195744,20210120,-9999,    9
195744,20210121,-9999,    9
195744,20210122,-9999,    9
195744,20210123,-9999,    9
195744,20210124,-9999,    9
195744,20210125,-9999,    9
195744,20210126,-9999,    9
195744,20210127,-9999,    9
195744,20210128,-9999,    9
195744,20210129,-9999,    9
195744,20210130,-9999,    9
195744,20210131,-9999,    9
195744,20210201,-9999,    9
195744,20210202,-9999,    9
195744,20210203,-9999,    9
195744,20210204,-9999,    9
195744,20210205,-9999,    9
195744,20210206,-9999,    9
195744,20210207,-9999,    9
195744,20210208,-9999,    9
195744,20210209,-9999,    9
195744,20210210,-9999,    9
195744,20210211,-9999,    9
195744,20210212,-9999,    9
195744,20210213,-9999,    9
195744,20210214,-9999,    9
195744,20210215,-9999,    9
195744,20210216,-9999,    9
195744,20210217,-9999,    9
195744,20210218,-9999,    9
195744,20210219,-9999,    9
195744,20210220,-9999,    9
195744,20210221,-9999,    9
195744,20210222,-9999,    9
195744,20210223,-9999,    9
195744,20210224,-9999,    9
195744,20210225,-9999,    9
195744,20210226,-9999,    9
195744,20210227,-9999,    9
195744,20210228,-9999,    9
195744,20210301,-9999,    9
195744,20210302,-9999,    9
195744,20210303,-9999,    9
195744,20210304,-9999,    9
195744,20210305,-9999,    9
195744,20210306,-9999,    9
195744,20210307,-9999,    9
195744,20210308,-9999,    9
195744,20210309,-9999,    9
195744,20210310,-9999,    9
195744,20210311,-9999,    9
195744,20210312,-9999,    9
195744,20210313,-9999,    9
195744,20210314,-9999,    9
195744,20210315,-9999,    9
195744,20210316,-9999,    9
195744,20210317,-9999,    9
195744,20210318,-9999,    9
195744,20210319,-9999,    9
195744,20210320,-9999,    9
195744,20210321,-9999,    9
195744,20210322,-9999,    9
195744,20210323,-9999,    9
195744,20210324,-9999,    9
195744,20210325,-9999,    9
195744,20210326,-9999,    9
195744,20210327,-9999,    9
195744,20210328,-9999,    9
195744,20210329,-9999,    9
195744,20210330,-9999,    9
195744,20210331,-9999,    9
