EUROPEAN CLIMATE ASSESSMENT & DATASET (ECA&D), file created on 12-05-2021
THESE DATA CAN BE USED FREELY PROVIDED THAT THE FOLLOWING SOURCE IS ACKNOWLEDGED:

Klein Tank, A.M.G. and Coauthors, 2002. Daily dataset of 20th-century surface
air temperature and precipitation series for the European Climate Assessment.
Int. J. of Climatol., 22, 1441-1453.
Data and metadata available at http://www.ecad.eu

FILE FORMAT (MISSING VALUE CODE IS -9999):

01-06 SOUID: Source identifier
08-15 DATE : Date YYYYMMDD
17-21 TG   : mean temperature in 0.1 &#176;C
23-27 Q_TG : Quality code for TG (0='valid'; 1='suspect'; 9='missing')

This is the blended series of station ITALY, ANITA (STAID: 17517).
Blended and updated with sources: 194096 
See file sources.txt and stations.txt for more info.

 SOUID,    DATE,   TG, Q_TG
194096,20121201,-9999,    9
194096,20121202,-9999,    9
194096,20121203,-9999,    9
194096,20121204,-9999,    9
194096,20121205,-9999,    9
194096,20121206,-9999,    9
194096,20121207,-9999,    9
194096,20121208,-9999,    9
194096,20121209,-9999,    9
194096,20121210,-9999,    9
194096,20121211,-9999,    9
194096,20121212,-9999,    9
194096,20121213,-9999,    9
194096,20121214,-9999,    9
194096,20121215,-9999,    9
194096,20121216,-9999,    9
194096,20121217,-9999,    9
194096,20121218,-9999,    9
194096,20121219,-9999,    9
194096,20121220,-9999,    9
194096,20121221,-9999,    9
194096,20121222,-9999,    9
194096,20121223,-9999,    9
194096,20121224,-9999,    9
194096,20121225,-9999,    9
194096,20121226,-9999,    9
194096,20121227,-9999,    9
194096,20121228,-9999,    9
194096,20121229,-9999,    9
194096,20121230,-9999,    9
194096,20121231,   -5,    0
194096,20130101,   21,    0
194096,20130102,   41,    0
194096,20130103,   62,    0
194096,20130104,   39,    0
194096,20130105,   36,    0
194096,20130106,   32,    0
194096,20130107,   48,    0
194096,20130108,   50,    0
194096,20130109,   59,    0
194096,20130110,   51,    0
194096,20130111,   35,    0
194096,20130112,   45,    0
194096,20130113,   45,    0
194096,20130114,   32,    0
194096,20130115,   29,    0
194096,20130116,   32,    0
194096,20130117,   31,    0
194096,20130118,   24,    0
194096,20130119,   21,    0
194096,20130120,   37,    0
194096,20130121,   38,    0
194096,20130122,   36,    0
194096,20130123,   33,    0
194096,20130124,   55,    0
194096,20130125,   49,    0
194096,20130126,   27,    0
194096,20130127,   11,    0
194096,20130128,   17,    0
194096,20130129,   20,    0
194096,20130130,   26,    0
194096,20130131,   36,    0
194096,20130201,   25,    0
194096,20130202,   41,    0
194096,20130203,   55,    0
194096,20130204,   53,    0
194096,20130205,   45,    0
194096,20130206,   42,    0
194096,20130207,   46,    0
194096,20130208,   37,    0
194096,20130209,   15,    0
194096,20130210,   15,    0
194096,20130211,   20,    0
194096,20130212,   25,    0
194096,20130213,   23,    0
194096,20130214,   43,    0
194096,20130215,   36,    0
194096,20130216,   43,    0
194096,20130217,   45,    0
194096,20130218,   39,    0
194096,20130219,   36,    0
194096,20130220,   36,    0
194096,20130221,   36,    0
194096,20130222,   14,    0
194096,20130223,   20,    0
194096,20130224,   48,    0
194096,20130225,   42,    0
194096,20130226,   45,    0
194096,20130227,   40,    0
194096,20130228,   55,    0
194096,20130301,   50,    0
194096,20130302,   46,    0
194096,20130303,   55,    0
194096,20130304,   56,    0
194096,20130305,   66,    0
194096,20130306,   92,    0
194096,20130307,   98,    0
194096,20130308,  102,    0
194096,20130309,  117,    0
194096,20130310,  114,    0
194096,20130311,  102,    0
194096,20130312,   99,    0
194096,20130313,   92,    0
194096,20130314,   76,    0
194096,20130315,   47,    0
194096,20130316,   42,    0
194096,20130317,   69,    0
194096,20130318,   62,    0
194096,20130319,   83,    0
194096,20130320,   89,    0
194096,20130321,  101,    0
194096,20130322,   88,    0
194096,20130323,  110,    0
194096,20130324,   94,    0
194096,20130325,   42,    0
194096,20130326,   46,    0
194096,20130327,   61,    0
194096,20130328,   82,    0
194096,20130329,   84,    0
194096,20130330,   93,    0
194096,20130331,   97,    0
194096,20130401,   96,    0
194096,20130402,   93,    0
194096,20130403,   87,    0
194096,20130404,   93,    0
194096,20130405,  100,    0
194096,20130406,  105,    0
194096,20130407,  100,    0
194096,20130408,   92,    0
194096,20130409,  102,    0
194096,20130410,  111,    0
194096,20130411,  130,    0
194096,20130412,  165,    0
194096,20130413,  153,    0
194096,20130414,  146,    0
194096,20130415,  150,    0
194096,20130416,  154,    0
194096,20130417,  158,    0
194096,20130418,  168,    0
194096,20130419,  177,    0
194096,20130420,  155,    0
194096,20130421,  137,    0
194096,20130422,  135,    0
194096,20130423,  128,    0
194096,20130424,  139,    0
194096,20130425,  157,    0
194096,20130426,  164,    0
194096,20130427,  169,    0
194096,20130428,  182,    0
194096,20130429,  174,    0
194096,20130430,  166,    0
194096,20130501,  182,    0
194096,20130502,  175,    0
194096,20130503,  180,    0
194096,20130504,  184,    0
194096,20130505,  176,    0
194096,20130506,  175,    0
194096,20130507,  174,    0
194096,20130508,  179,    0
194096,20130509,  195,    0
194096,20130510,  191,    0
194096,20130511,  180,    0
194096,20130512,  173,    0
194096,20130513,  164,    0
194096,20130514,  165,    0
194096,20130515,  187,    0
194096,20130516,  180,    0
194096,20130517,  177,    0
194096,20130518,  178,    0
194096,20130519,  183,    0
194096,20130520,  167,    0
194096,20130521,  159,    0
194096,20130522,  164,    0
194096,20130523,  175,    0
194096,20130524,  132,    0
194096,20130525,  111,    0
194096,20130526,  148,    0
194096,20130527,  169,    0
194096,20130528,  164,    0
194096,20130529,  175,    0
194096,20130530,  152,    0
194096,20130531,  158,    0
194096,20130601,  170,    0
194096,20130602,  187,    0
194096,20130603,  187,    0
194096,20130604,  179,    0
194096,20130605,  195,    0
194096,20130606,  196,    0
194096,20130607,  207,    0
194096,20130608,  217,    0
194096,20130609,  201,    0
194096,20130610,  186,    0
194096,20130611,  207,    0
194096,20130612,  221,    0
194096,20130613,  225,    0
194096,20130614,  222,    0
194096,20130615,  246,    0
194096,20130616,  256,    0
194096,20130617,  259,    0
194096,20130618,  265,    0
194096,20130619,  268,    0
194096,20130620,  274,    0
194096,20130621,  258,    0
194096,20130622,  241,    0
194096,20130623,  240,    0
194096,20130624,  213,    0
194096,20130625,  209,    0
194096,20130626,  187,    0
194096,20130627,  190,    0
194096,20130628,  163,    0
194096,20130629,  187,    0
194096,20130630,  204,    0
194096,20130701,  219,    0
194096,20130702,  226,    0
194096,20130703,  240,    0
194096,20130704,  247,    0
194096,20130705,  251,    0
194096,20130706,  262,    0
194096,20130707,  258,    0
194096,20130708,  245,    0
194096,20130709,  250,    0
194096,20130710,  251,    0
194096,20130711,  236,    0
194096,20130712,  242,    0
194096,20130713,  243,    0
194096,20130714,  234,    0
194096,20130715,  243,    0
194096,20130716,  244,    0
194096,20130717,  245,    0
194096,20130718,  238,    0
194096,20130719,  242,    0
194096,20130720,  251,    0
194096,20130721,  247,    0
194096,20130722,  250,    0
194096,20130723,  257,    0
194096,20130724,  267,    0
194096,20130725,  270,    0
194096,20130726,  276,    0
194096,20130727,  282,    0
194096,20130728,  295,    0
194096,20130729,  255,    0
194096,20130730,  241,    0
194096,20130731,  248,    0
194096,20130801,  256,    0
194096,20130802,  268,    0
194096,20130803,  276,    0
194096,20130804,  284,    0
194096,20130805,  283,    0
194096,20130806,  282,    0
194096,20130807,  280,    0
194096,20130808,  274,    0
194096,20130809,  262,    0
194096,20130810,  244,    0
194096,20130811,  240,    0
194096,20130812,  247,    0
194096,20130813,  259,    0
194096,20130814,  220,    0
194096,20130815,  220,    0
194096,20130816,  221,    0
194096,20130817,  233,    0
194096,20130818,  247,    0
194096,20130819,  252,    0
194096,20130820,  197,    0
194096,20130821,  218,    0
194096,20130822,  220,    0
194096,20130823,  225,    0
194096,20130824,  234,    0
194096,20130825,  222,    0
194096,20130826,  217,    0
194096,20130827,  214,    0
194096,20130828,  214,    0
194096,20130829,  216,    0
194096,20130830,  208,    0
194096,20130831,  209,    0
194096,20130901,  211,    0
194096,20130902,  221,    0
194096,20130903,  221,    0
194096,20130904,  222,    0
194096,20130905,  221,    0
194096,20130906,  226,    0
194096,20130907,  229,    0
194096,20130908,  240,    0
194096,20130909,  241,    0
194096,20130910,  215,    0
194096,20130911,  192,    0
194096,20130912,  181,    0
194096,20130913,  187,    0
194096,20130914,  195,    0
194096,20130915,  195,    0
194096,20130916,  197,    0
194096,20130917,  180,    0
194096,20130918,  173,    0
194096,20130919,  183,    0
194096,20130920,  188,    0
194096,20130921,  189,    0
194096,20130922,  181,    0
194096,20130923,  184,    0
194096,20130924,  195,    0
194096,20130925,  201,    0
194096,20130926,  203,    0
194096,20130927,  218,    0
194096,20130928,  211,    0
194096,20130929,  181,    0
194096,20130930,  150,    0
194096,20131001,  164,    0
194096,20131002,  176,    0
194096,20131003,  161,    0
194096,20131004,  158,    0
194096,20131005,  137,    0
194096,20131006,  137,    0
194096,20131007,  156,    0
194096,20131008,  141,    0
194096,20131009,  160,    0
194096,20131010,  170,    0
194096,20131011,  140,    0
194096,20131012,  147,    0
194096,20131013,  134,    0
194096,20131014,  130,    0
194096,20131015,  143,    0
194096,20131016,  158,    0
194096,20131017,  134,    0
194096,20131018,  128,    0
194096,20131019,  147,    0
194096,20131020,  157,    0
194096,20131021,  159,    0
194096,20131022,  164,    0
194096,20131023,  177,    0
194096,20131024,  174,    0
194096,20131025,  162,    0
194096,20131026,  168,    0
194096,20131027,  175,    0
194096,20131028,  189,    0
194096,20131029,  197,    0
194096,20131030,  172,    0
194096,20131031,  159,    0
194096,20131101,  128,    0
194096,20131102,  142,    0
194096,20131103,  140,    0
194096,20131104,  145,    0
194096,20131105,  129,    0
194096,20131106,  117,    0
194096,20131107,  132,    0
194096,20131108,  147,    0
194096,20131109,  156,    0
194096,20131110,  136,    0
194096,20131111,  128,    0
194096,20131112,  126,    0
194096,20131113,  120,    0
194096,20131114,  121,    0
194096,20131115,  130,    0
194096,20131116,  112,    0
194096,20131117,  110,    0
194096,20131118,  129,    0
194096,20131119,  127,    0
194096,20131120,  113,    0
194096,20131121,   94,    0
194096,20131122,   84,    0
194096,20131123,   86,    0
194096,20131124,   83,    0
194096,20131125,   77,    0
194096,20131126,   35,    0
194096,20131127,   37,    0
194096,20131128,   33,    0
194096,20131129,   25,    0
194096,20131130,-9999,    9
194096,20131201,   63,    0
194096,20131202,   64,    0
194096,20131203,   39,    0
194096,20131204,   31,    0
194096,20131205,   19,    0
194096,20131206,   36,    0
194096,20131207,   26,    0
194096,20131208,   18,    0
194096,20131209,    8,    0
194096,20131210,    9,    0
194096,20131211,   11,    0
194096,20131212,   21,    0
194096,20131213,   13,    0
194096,20131214,   17,    0
194096,20131215,   30,    0
194096,20131216,   17,    0
194096,20131217,-9999,    9
194096,20131218,-9999,    9
194096,20131219,-9999,    9
194096,20131220,-9999,    9
194096,20131221,-9999,    9
194096,20131222,-9999,    9
194096,20131223,-9999,    9
194096,20131224,-9999,    9
194096,20131225,-9999,    9
194096,20131226,-9999,    9
194096,20131227,-9999,    9
194096,20131228,-9999,    9
194096,20131229,-9999,    9
194096,20131230,-9999,    9
194096,20131231,   16,    0
194096,20140101,   34,    0
194096,20140102,   41,    0
194096,20140103,   54,    0
194096,20140104,   68,    0
194096,20140105,   70,    0
194096,20140106,   82,    0
194096,20140107,   61,    0
194096,20140108,   65,    0
194096,20140109,   65,    0
194096,20140110,   57,    0
194096,20140111,   85,    0
194096,20140112,   86,    0
194096,20140113,   79,    0
194096,20140114,   89,    0
194096,20140115,   50,    0
194096,20140116,   56,    0
194096,20140117,   90,    0
194096,20140118,   64,    0
194096,20140119,   75,    0
194096,20140120,   80,    0
194096,20140121,   94,    0
194096,20140122,   87,    0
194096,20140123,   71,    0
194096,20140124,   71,    0
194096,20140125,   54,    0
194096,20140126,   38,    0
194096,20140127,   52,    0
194096,20140128,   32,    0
194096,20140129,   48,    0
194096,20140130,   75,    0
194096,20140131,   55,    0
194096,20140201,   72,    0
194096,20140202,   81,    0
194096,20140203,   90,    0
194096,20140204,   76,    0
194096,20140205,   84,    0
194096,20140206,   81,    0
194096,20140207,   83,    0
194096,20140208,   88,    0
194096,20140209,   90,    0
194096,20140210,   85,    0
194096,20140211,   77,    0
194096,20140212,   83,    0
194096,20140213,   80,    0
194096,20140214,   82,    0
194096,20140215,   86,    0
194096,20140216,   72,    0
194096,20140217,   96,    0
194096,20140218,   94,    0
194096,20140219,   98,    0
194096,20140220,   92,    0
194096,20140221,  104,    0
194096,20140222,   86,    0
194096,20140223,   79,    0
194096,20140224,   74,    0
194096,20140225,   71,    0
194096,20140226,   96,    0
194096,20140227,   77,    0
194096,20140228,   81,    0
194096,20140301,   95,    0
194096,20140302,   81,    0
194096,20140303,   93,    0
194096,20140304,   94,    0
194096,20140305,  103,    0
194096,20140306,  101,    0
194096,20140307,  101,    0
194096,20140308,   95,    0
194096,20140309,   90,    0
194096,20140310,  107,    0
194096,20140311,   87,    0
194096,20140312,   92,    0
194096,20140313,   98,    0
194096,20140314,   96,    0
194096,20140315,  101,    0
194096,20140316,  108,    0
194096,20140317,  118,    0
194096,20140318,  122,    0
194096,20140319,  130,    0
194096,20140320,  123,    0
194096,20140321,  113,    0
194096,20140322,  149,    0
194096,20140323,  124,    0
194096,20140324,   74,    0
194096,20140325,   76,    0
194096,20140326,  103,    0
194096,20140327,  127,    0
194096,20140328,  125,    0
194096,20140329,  118,    0
194096,20140330,  120,    0
194096,20140331,  137,    0
194096,20140401,  139,    0
194096,20140402,  135,    0
194096,20140403,  139,    0
194096,20140404,  145,    0
194096,20140405,  137,    0
194096,20140406,  155,    0
194096,20140407,  160,    0
194096,20140408,  170,    0
194096,20140409,  146,    0
194096,20140410,  141,    0
194096,20140411,  144,    0
194096,20140412,  150,    0
194096,20140413,  138,    0
194096,20140414,  149,    0
194096,20140415,  138,    0
194096,20140416,  117,    0
194096,20140417,  121,    0
194096,20140418,  121,    0
194096,20140419,  144,    0
194096,20140420,  141,    0
194096,20140421,  157,    0
194096,20140422,  151,    0
194096,20140423,  158,    0
194096,20140424,  162,    0
194096,20140425,  168,    0
194096,20140426,  175,    0
194096,20140427,  157,    0
194096,20140428,  132,    0
194096,20140429,  150,    0
194096,20140430,  144,    0
194096,20140501,  157,    0
194096,20140502,  142,    0
194096,20140503,  151,    0
194096,20140504,  147,    0
194096,20140505,  136,    0
194096,20140506,  152,    0
194096,20140507,  158,    0
194096,20140508,  169,    0
194096,20140509,  170,    0
194096,20140510,  188,    0
194096,20140511,  198,    0
194096,20140512,  161,    0
194096,20140513,  143,    0
194096,20140514,  159,    0
194096,20140515,  154,    0
194096,20140516,  164,    0
194096,20140517,  170,    0
194096,20140518,  174,    0
194096,20140519,  170,    0
194096,20140520,  182,    0
194096,20140521,  195,    0
194096,20140522,  211,    0
194096,20140523,  210,    0
194096,20140524,  199,    0
194096,20140525,  196,    0
194096,20140526,  200,    0
194096,20140527,  188,    0
194096,20140528,  181,    0
194096,20140529,  176,    0
194096,20140530,  184,    0
194096,20140531,  173,    0
194096,20140601,  174,    0
194096,20140602,  182,    0
194096,20140603,  193,    0
194096,20140604,  192,    0
194096,20140605,  209,    0
194096,20140606,  207,    0
194096,20140607,  228,    0
194096,20140608,  245,    0
194096,20140609,  244,    0
194096,20140610,  252,    0
194096,20140611,  263,    0
194096,20140612,  269,    0
194096,20140613,  258,    0
194096,20140614,  224,    0
194096,20140615,  222,    0
194096,20140616,  201,    0
194096,20140617,  199,    0
194096,20140618,  198,    0
194096,20140619,  202,    0
194096,20140620,  221,    0
194096,20140621,  226,    0
194096,20140622,  236,    0
194096,20140623,  248,    0
194096,20140624,  246,    0
194096,20140625,  221,    0
194096,20140626,  204,    0
194096,20140627,  218,    0
194096,20140628,  229,    0
194096,20140629,  234,    0
194096,20140630,  205,    0
194096,20140701,  217,    0
194096,20140702,  226,    0
194096,20140703,  220,    0
194096,20140704,  220,    0
194096,20140705,  232,    0
194096,20140706,  244,    0
194096,20140707,  250,    0
194096,20140708,  226,    0
194096,20140709,  207,    0
194096,20140710,  175,    0
194096,20140711,  203,    0
194096,20140712,  212,    0
194096,20140713,  211,    0
194096,20140714,  206,    0
194096,20140715,  230,    0
194096,20140716,  247,    0
194096,20140717,  253,    0
194096,20140718,  256,    0
194096,20140719,  257,    0
194096,20140720,  271,    0
194096,20140721,  223,    0
194096,20140722,  218,    0
194096,20140723,  245,    0
194096,20140724,  214,    0
194096,20140725,  227,    0
194096,20140726,  214,    0
194096,20140727,  216,    0
194096,20140728,  235,    0
194096,20140729,  224,    0
194096,20140730,  202,    0
194096,20140731,  221,    0
194096,20140801,  237,    0
194096,20140802,  246,    0
194096,20140803,  233,    0
194096,20140804,  229,    0
194096,20140805,  228,    0
194096,20140806,  235,    0
194096,20140807,  236,    0
194096,20140808,  238,    0
194096,20140809,  252,    0
194096,20140810,  254,    0
194096,20140811,  255,    0
194096,20140812,  253,    0
194096,20140813,  264,    0
194096,20140814,  244,    0
194096,20140815,  210,    0
194096,20140816,  187,    0
194096,20140817,  209,    0
194096,20140818,  261,    0
194096,20140819,-9999,    9
194096,20140820,-9999,    9
194096,20140821,  235,    0
194096,20140822,  210,    0
194096,20140823,  201,    0
194096,20140824,  204,    0
194096,20140825,  208,    0
194096,20140826,  213,    0
194096,20140827,  226,    0
194096,20140828,  197,    0
194096,20140829,-9999,    9
194096,20140830,-9999,    9
194096,20140831,-9999,    9
194096,20140901,-9999,    9
194096,20140902,  188,    0
194096,20140903,  186,    0
194096,20140904,  199,    0
194096,20140905,  216,    0
194096,20140906,  198,    0
194096,20140907,  212,    0
194096,20140908,  234,    0
194096,20140909,  223,    0
194096,20140910,  207,    0
194096,20140911,  188,    0
194096,20140912,-9999,    9
194096,20140913,  195,    0
194096,20140914,  189,    0
194096,20140915,  193,    0
194096,20140916,  200,    0
194096,20140917,  189,    0
194096,20140918,  185,    0
194096,20140919,  201,    0
194096,20140920,  205,    0
194096,20140921,  206,    0
194096,20140922,  209,    0
194096,20140923,  168,    0
194096,20140924,  156,    0
194096,20140925,  166,    0
194096,20140926,  164,    0
194096,20140927,  174,    0
194096,20140928,  187,    0
194096,20140929,-9999,    9
194096,20140930,  210,    0
194096,20141001,  185,    0
194096,20141002,  183,    0
194096,20141003,  178,    0
194096,20141004,-9999,    9
194096,20141005,-9999,    9
194096,20141006,  180,    0
194096,20141007,-9999,    9
194096,20141008,-9999,    9
194096,20141009,-9999,    9
194096,20141010,  210,    0
194096,20141011,  208,    0
194096,20141012,  193,    0
194096,20141013,  205,    0
194096,20141014,  196,    0
194096,20141015,  184,    0
194096,20141016,  195,    0
194096,20141017,  216,    0
194096,20141018,  199,    0
194096,20141019,  188,    0
194096,20141020,  184,    0
194096,20141021,  196,    0
194096,20141022,  157,    0
194096,20141023,  127,    0
194096,20141024,  146,    0
194096,20141025,  127,    0
194096,20141026,  115,    0
194096,20141027,  102,    0
194096,20141028,  100,    0
194096,20141029,-9999,    9
194096,20141030,-9999,    9
194096,20141031,-9999,    9
194096,20141101,-9999,    9
194096,20141102,  194,    0
194096,20141103,-9999,    9
194096,20141104,-9999,    9
194096,20141105,  165,    0
194096,20141106,  158,    0
194096,20141107,  135,    0
194096,20141108,  141,    0
194096,20141109,  150,    0
194096,20141110,  153,    0
194096,20141111,  146,    0
194096,20141112,  151,    0
194096,20141113,  147,    0
194096,20141114,  137,    0
194096,20141115,  138,    0
194096,20141116,  135,    0
194096,20141117,  108,    0
194096,20141118,  108,    0
194096,20141119,   99,    0
194096,20141120,   70,    0
194096,20141121,   71,    0
194096,20141122,   96,    0
194096,20141123,  106,    0
194096,20141124,   97,    0
194096,20141125,   97,    0
194096,20141126,  105,    0
194096,20141127,   89,    0
194096,20141128,   97,    0
194096,20141129,  115,    0
194096,20141130,  126,    0
194096,20141201,  136,    0
194096,20141202,  116,    0
194096,20141203,  101,    0
194096,20141204,   95,    0
194096,20141205,   95,    0
194096,20141206,  105,    0
194096,20141207,   99,    0
194096,20141208,   80,    0
194096,20141209,   90,    0
194096,20141210,   51,    0
194096,20141211,   34,    0
194096,20141212,   40,    0
194096,20141213,   56,    0
194096,20141214,   64,    0
194096,20141215,   76,    0
194096,20141216,   96,    0
194096,20141217,   94,    0
194096,20141218,   65,    0
194096,20141219,   53,    0
194096,20141220,   55,    0
194096,20141221,   64,    0
194096,20141222,   49,    0
194096,20141223,   35,    0
194096,20141224,   37,    0
194096,20141225,   53,    0
194096,20141226,   42,    0
194096,20141227,   20,    0
194096,20141228,   29,    0
194096,20141229,   15,    0
194096,20141230,    6,    0
194096,20141231,   12,    0
194096,20150101,    1,    0
194096,20150102,   21,    0
194096,20150103,   26,    0
194096,20150104,   33,    0
194096,20150105,   36,    0
194096,20150106,   18,    0
194096,20150107,   26,    0
194096,20150108,   43,    0
194096,20150109,   27,    0
194096,20150110,   21,    0
194096,20150111,   16,    0
194096,20150112,   44,    0
194096,20150113,   27,    0
194096,20150114,   31,    0
194096,20150115,   23,    0
194096,20150116,   84,    0
194096,20150117,  115,    0
194096,20150118,   59,    0
194096,20150119,   34,    0
194096,20150120,   42,    0
194096,20150121,   57,    0
194096,20150122,   63,    0
194096,20150123,   76,    0
194096,20150124,   79,    0
194096,20150125,   70,    0
194096,20150126,   55,    0
194096,20150127,    8,    0
194096,20150128,   15,    0
194096,20150129,   35,    0
194096,20150130,   27,    0
194096,20150131,   32,    0
194096,20150201,   36,    0
194096,20150202,   19,    0
194096,20150203,   44,    0
194096,20150204,   61,    0
194096,20150205,-9999,    9
194096,20150206,-9999,    9
194096,20150207,-9999,    9
194096,20150208,-9999,    9
194096,20150209,-9999,    9
194096,20150210,-9999,    9
194096,20150211,-9999,    9
194096,20150212,-9999,    9
194096,20150213,-9999,    9
194096,20150214,-9999,    9
194096,20150215,-9999,    9
194096,20150216,-9999,    9
194096,20150217,-9999,    9
194096,20150218,-9999,    9
194096,20150219,-9999,    9
194096,20150220,-9999,    9
194096,20150221,-9999,    9
194096,20150222,-9999,    9
194096,20150223,-9999,    9
194096,20150224,-9999,    9
194096,20150225,-9999,    9
194096,20150226,-9999,    9
194096,20150227,-9999,    9
194096,20150228,-9999,    9
194096,20150301,-9999,    9
194096,20150302,-9999,    9
194096,20150303,-9999,    9
194096,20150304,-9999,    9
194096,20150305,-9999,    9
194096,20150306,-9999,    9
194096,20150307,-9999,    9
194096,20150308,-9999,    9
194096,20150309,-9999,    9
194096,20150310,   68,    0
194096,20150311,   84,    0
194096,20150312,   83,    0
194096,20150313,   67,    0
194096,20150314,   86,    0
194096,20150315,  107,    0
194096,20150316,  102,    0
194096,20150317,  107,    0
194096,20150318,   95,    0
194096,20150319,   95,    0
194096,20150320,   97,    0
194096,20150321,  103,    0
194096,20150322,  110,    0
194096,20150323,  111,    0
194096,20150324,  107,    0
194096,20150325,  122,    0
194096,20150326,  127,    0
194096,20150327,  107,    0
194096,20150328,  108,    0
194096,20150329,  113,    0
194096,20150330,  141,    0
194096,20150331,  143,    0
194096,20150401,  135,    0
194096,20150402,  114,    0
194096,20150403,  119,    0
194096,20150404,   90,    0
194096,20150405,  102,    0
194096,20150406,   97,    0
194096,20150407,   79,    0
194096,20150408,   97,    0
194096,20150409,  107,    0
194096,20150410,  117,    0
194096,20150411,  124,    0
194096,20150412,  129,    0
194096,20150413,  150,    0
194096,20150414,  147,    0
194096,20150415,  152,    0
194096,20150416,  161,    0
194096,20150417,  155,    0
194096,20150418,  131,    0
194096,20150419,  104,    0
194096,20150420,  113,    0
194096,20150421,  146,    0
194096,20150422,  155,    0
194096,20150423,  162,    0
194096,20150424,  148,    0
194096,20150425,  148,    0
194096,20150426,  160,    0
194096,20150427,  158,    0
194096,20150428,  145,    0
194096,20150429,  153,    0
194096,20150430,  154,    0
194096,20150501,  167,    0
194096,20150502,  178,    0
194096,20150503,  179,    0
194096,20150504,  181,    0
194096,20150505,  177,    0
194096,20150506,  172,    0
194096,20150507,  180,    0
194096,20150508,  196,    0
194096,20150509,  205,    0
194096,20150510,  203,    0
194096,20150511,  190,    0
194096,20150512,  200,    0
194096,20150513,  204,    0
194096,20150514,  218,    0
194096,20150515,  193,    0
194096,20150516,  177,    0
194096,20150517,  199,    0
194096,20150518,  199,    0
194096,20150519,  212,    0
194096,20150520,  190,    0
194096,20150521,  156,    0
194096,20150522,  134,    0
194096,20150523,  139,    0
194096,20150524,  165,    0
194096,20150525,  179,    0
194096,20150526,  165,    0
194096,20150527,  161,    0
194096,20150528,  159,    0
194096,20150529,  172,    0
194096,20150530,  190,    0
194096,20150531,  193,    0
194096,20150601,  205,    0
194096,20150602,  218,    0
194096,20150603,  235,    0
194096,20150604,  248,    0
194096,20150605,  248,    0
194096,20150606,  245,    0
194096,20150607,  247,    0
194096,20150608,  243,    0
194096,20150609,  237,    0
194096,20150610,  231,    0
194096,20150611,  238,    0
194096,20150612,  250,    0
194096,20150613,  253,    0
194096,20150614,  224,    0
194096,20150615,  226,    0
194096,20150616,  224,    0
194096,20150617,  195,    0
194096,20150618,  201,    0
194096,20150619,  205,    0
194096,20150620,  194,    0
194096,20150621,  190,    0
194096,20150622,  207,    0
194096,20150623,  240,    0
194096,20150624,  194,    0
194096,20150625,  194,    0
194096,20150626,  213,    0
194096,20150627,  229,    0
194096,20150628,  232,    0
194096,20150629,  236,    0
194096,20150630,  241,    0
194096,20150701,  241,    0
194096,20150702,  254,    0
194096,20150703,  260,    0
194096,20150704,  260,    0
194096,20150705,  268,    0
194096,20150706,  276,    0
194096,20150707,  283,    0
194096,20150708,  293,    0
194096,20150709,  247,    0
194096,20150710,  226,    0
194096,20150711,  232,    0
194096,20150712,  254,    0
194096,20150713,  261,    0
194096,20150714,  268,    0
194096,20150715,  271,    0
194096,20150716,  284,    0
194096,20150717,  284,    0
194096,20150718,  288,    0
194096,20150719,  292,    0
194096,20150720,  283,    0
194096,20150721,  289,    0
194096,20150722,  291,    0
194096,20150723,  293,    0
194096,20150724,  289,    0
194096,20150725,  273,    0
194096,20150726,  253,    0
194096,20150727,  264,    0
194096,20150728,  257,    0
194096,20150729,  266,    0
194096,20150730,  252,    0
194096,20150731,  226,    0
194096,20150801,  222,    0
194096,20150802,  222,    0
194096,20150803,  243,    0
194096,20150804,  258,    0
194096,20150805,  268,    0
194096,20150806,  271,    0
194096,20150807,  272,    0
194096,20150808,  276,    0
194096,20150809,  274,    0
194096,20150810,  235,    0
194096,20150811,  248,    0
194096,20150812,  265,    0
194096,20150813,  268,    0
194096,20150814,  272,    0
194096,20150815,  241,    0
194096,20150816,  212,    0
194096,20150817,  229,    0
194096,20150818,  232,    0
194096,20150819,  207,    0
194096,20150820,  224,    0
194096,20150821,  219,    0
194096,20150822,  207,    0
194096,20150823,  217,    0
194096,20150824,  232,    0
194096,20150825,  237,    0
194096,20150826,  228,    0
194096,20150827,  234,    0
194096,20150828,  250,    0
194096,20150829,  253,    0
194096,20150830,  261,    0
194096,20150831,  263,    0
194096,20150901,  254,    0
194096,20150902,  252,    0
194096,20150903,  243,    0
194096,20150904,  234,    0
194096,20150905,  207,    0
194096,20150906,  185,    0
194096,20150907,  179,    0
194096,20150908,  178,    0
194096,20150909,  174,    0
194096,20150910,  150,    0
194096,20150911,  208,    0
194096,20150912,  194,    0
194096,20150913,  196,    0
194096,20150914,  235,    0
194096,20150915,  233,    0
194096,20150916,  247,    0
194096,20150917,  266,    0
194096,20150918,  250,    0
194096,20150919,  204,    0
194096,20150920,  197,    0
194096,20150921,  179,    0
194096,20150922,  174,    0
194096,20150923,  185,    0
194096,20150924,  153,    0
194096,20150925,  163,    0
194096,20150926,  171,    0
194096,20150927,  176,    0
194096,20150928,  181,    0
194096,20150929,  172,    0
194096,20150930,  161,    0
194096,20151001,  145,    0
194096,20151002,  165,    0
194096,20151003,  175,    0
194096,20151004,  178,    0
194096,20151005,  176,    0
194096,20151006,  180,    0
194096,20151007,  178,    0
194096,20151008,  171,    0
194096,20151009,  160,    0
194096,20151010,  165,    0
194096,20151011,  161,    0
194096,20151012,  157,    0
194096,20151013,  166,    0
194096,20151014,  168,    0
194096,20151015,  154,    0
194096,20151016,  126,    0
194096,20151017,  122,    0
194096,20151018,  123,    0
194096,20151019,  132,    0
194096,20151020,  112,    0
194096,20151021,  107,    0
194096,20151022,  109,    0
194096,20151023,  112,    0
194096,20151024,  115,    0
194096,20151025,  110,    0
194096,20151026,  115,    0
194096,20151027,  118,    0
194096,20151028,  127,    0
194096,20151029,  138,    0
194096,20151030,  137,    0
194096,20151031,  122,    0
194096,20151101,  103,    0
194096,20151102,   93,    0
194096,20151103,   97,    0
194096,20151104,  109,    0
194096,20151105,  119,    0
194096,20151106,  123,    0
194096,20151107,  122,    0
194096,20151108,  127,    0
194096,20151109,  123,    0
194096,20151110,  119,    0
194096,20151111,  118,    0
194096,20151112,  113,    0
194096,20151113,  100,    0
194096,20151114,  103,    0
194096,20151115,  102,    0
194096,20151116,  105,    0
194096,20151117,  105,    0
194096,20151118,  108,    0
194096,20151119,  108,    0
194096,20151120,   97,    0
194096,20151121,   93,    0
194096,20151122,   65,    0
194096,20151123,   58,    0
194096,20151124,   54,    0
194096,20151125,   35,    0
194096,20151126,   58,    0
194096,20151127,   77,    0
194096,20151128,   37,    0
194096,20151129,   29,    0
194096,20151130,   36,    0
194096,20151201,   42,    0
194096,20151202,   37,    0
194096,20151203,   32,    0
194096,20151204,   56,    0
194096,20151205,   70,    0
194096,20151206,   56,    0
194096,20151207,   58,    0
194096,20151208,   74,    0
194096,20151209,   50,    0
194096,20151210,   51,    0
194096,20151211,   26,    0
194096,20151212,   19,    0
194096,20151213,   29,    0
194096,20151214,   51,    0
194096,20151215,   49,    0
194096,20151216,   48,    0
194096,20151217,   40,    0
194096,20151218,   49,    0
194096,20151219,   47,    0
194096,20151220,   49,    0
194096,20151221,   73,    0
194096,20151222,   68,    0
194096,20151223,   67,    0
194096,20151224,   68,    0
194096,20151225,   72,    0
194096,20151226,   65,    0
194096,20151227,   50,    0
194096,20151228,   33,    0
194096,20151229,   23,    0
194096,20151230,   16,    0
194096,20151231,   23,    0
194096,20160101,   19,    0
194096,20160102,   15,    0
194096,20160103,   27,    0
194096,20160104,   24,    0
194096,20160105,   37,    0
194096,20160106,   39,    0
194096,20160107,   37,    0
194096,20160108,   56,    0
194096,20160109,   60,    0
194096,20160110,   70,    0
194096,20160111,  128,    0
194096,20160112,   90,    0
194096,20160113,   66,    0
194096,20160114,   22,    0
194096,20160115,   31,    0
194096,20160116,   23,    0
194096,20160117,   14,    0
194096,20160118,   -1,    0
194096,20160119,  -18,    0
194096,20160120,   -8,    0
194096,20160121,   -6,    0
194096,20160122,   18,    0
194096,20160123,   11,    0
194096,20160124,    5,    0
194096,20160125,   22,    0
194096,20160126,   46,    0
194096,20160127,   43,    0
194096,20160128,   69,    0
194096,20160129,   54,    0
194096,20160130,   71,    0
194096,20160131,   99,    0
194096,20160201,   59,    0
194096,20160202,   71,    0
194096,20160203,   72,    0
194096,20160204,   59,    0
194096,20160205,   43,    0
194096,20160206,   45,    0
194096,20160207,   97,    0
194096,20160208,   79,    0
194096,20160209,  109,    0
194096,20160210,   82,    0
194096,20160211,   40,    0
194096,20160212,   65,    0
194096,20160213,   58,    0
194096,20160214,   64,    0
194096,20160215,   67,    0
194096,20160216,   79,    0
194096,20160217,   72,    0
194096,20160218,   77,    0
194096,20160219,   80,    0
194096,20160220,   71,    0
194096,20160221,   73,    0
194096,20160222,   76,    0
194096,20160223,  101,    0
194096,20160224,   84,    0
194096,20160225,   81,    0
194096,20160226,   80,    0
194096,20160227,   95,    0
194096,20160228,  116,    0
194096,20160229,  105,    0
194096,20160301,   86,    0
194096,20160302,   87,    0
194096,20160303,   49,    0
194096,20160304,   71,    0
194096,20160305,   92,    0
194096,20160306,   59,    0
194096,20160307,   58,    0
194096,20160308,   60,    0
194096,20160309,   74,    0
194096,20160310,   83,    0
194096,20160311,   94,    0
194096,20160312,  105,    0
194096,20160313,  105,    0
194096,20160314,   90,    0
194096,20160315,   72,    0
194096,20160316,   90,    0
194096,20160317,   86,    0
194096,20160318,   84,    0
194096,20160319,   97,    0
194096,20160320,  114,    0
194096,20160321,  123,    0
194096,20160322,  123,    0
194096,20160323,  108,    0
194096,20160324,   87,    0
194096,20160325,   96,    0
194096,20160326,   97,    0
194096,20160327,  100,    0
194096,20160328,  128,    0
194096,20160329,  131,    0
194096,20160330,  144,    0
194096,20160331,  133,    0
194096,20160401,  142,    0
194096,20160402,  130,    0
194096,20160403,  116,    0
194096,20160404,  134,    0
194096,20160405,  136,    0
194096,20160406,  124,    0
194096,20160407,  128,    0
194096,20160408,  130,    0
194096,20160409,  136,    0
194096,20160410,  133,    0
194096,20160411,  147,    0
194096,20160412,  152,    0
194096,20160413,  152,    0
194096,20160414,  146,    0
194096,20160415,  147,    0
194096,20160416,  175,    0
194096,20160417,  178,    0
194096,20160418,  178,    0
194096,20160419,  128,    0
194096,20160420,  126,    0
194096,20160421,  132,    0
194096,20160422,  148,    0
194096,20160423,  144,    0
194096,20160424,  115,    0
194096,20160425,   94,    0
194096,20160426,  109,    0
194096,20160427,  140,    0
194096,20160428,  110,    0
194096,20160429,  131,    0
194096,20160430,  127,    0
194096,20160501,  124,    0
194096,20160502,  143,    0
194096,20160503,  167,    0
194096,20160504,  162,    0
194096,20160505,  154,    0
194096,20160506,  154,    0
194096,20160507,  156,    0
194096,20160508,  174,    0
194096,20160509,  171,    0
194096,20160510,  182,    0
194096,20160511,  174,    0
194096,20160512,  178,    0
194096,20160513,  160,    0
194096,20160514,  170,    0
194096,20160515,  155,    0
194096,20160516,  150,    0
194096,20160517,  151,    0
194096,20160518,  156,    0
194096,20160519,  140,    0
194096,20160520,  172,    0
194096,20160521,  183,    0
194096,20160522,  188,    0
194096,20160523,  172,    0
194096,20160524,  157,    0
194096,20160525,  179,    0
194096,20160526,  192,    0
194096,20160527,  195,    0
194096,20160528,  207,    0
194096,20160529,  196,    0
194096,20160530,  201,    0
194096,20160531,  196,    0
194096,20160601,  182,    0
194096,20160602,  182,    0
194096,20160603,  186,    0
194096,20160604,  184,    0
194096,20160605,  199,    0
194096,20160606,  197,    0
194096,20160607,  210,    0
194096,20160608,  205,    0
194096,20160609,  180,    0
194096,20160610,  192,    0
194096,20160611,  209,    0
194096,20160612,  193,    0
194096,20160613,  195,    0
194096,20160614,  192,    0
194096,20160615,  204,    0
194096,20160616,  218,    0
194096,20160617,  214,    0
194096,20160618,  194,    0
194096,20160619,  187,    0
194096,20160620,  191,    0
194096,20160621,  203,    0
194096,20160622,  226,    0
194096,20160623,  250,    0
194096,20160624,  263,    0
194096,20160625,  263,    0
194096,20160626,  253,    0
194096,20160627,  226,    0
194096,20160628,  231,    0
194096,20160629,  236,    0
194096,20160630,  252,    0
194096,20160701,  252,    0
194096,20160702,  258,    0
194096,20160703,  256,    0
194096,20160704,  250,    0
194096,20160705,  241,    0
194096,20160706,  254,    0
194096,20160707,  255,    0
194096,20160708,  262,    0
194096,20160709,  262,    0
194096,20160710,  270,    0
194096,20160711,  271,    0
194096,20160712,  280,    0
194096,20160713,  256,    0
194096,20160714,  217,    0
194096,20160715,  201,    0
194096,20160716,  204,    0
194096,20160717,  226,    0
194096,20160718,  249,    0
194096,20160719,  249,    0
194096,20160720,  259,    0
194096,20160721,  275,    0
194096,20160722,  257,    0
194096,20160723,  239,    0
194096,20160724,  230,    0
194096,20160725,  245,    0
194096,20160726,  259,    0
194096,20160727,  250,    0
194096,20160728,  242,    0
194096,20160729,  250,    0
194096,20160730,  262,    0
194096,20160731,  264,    0
194096,20160801,  236,    0
194096,20160802,  233,    0
194096,20160803,  243,    0
194096,20160804,  255,    0
194096,20160805,  233,    0
194096,20160806,  220,    0
194096,20160807,  241,    0
194096,20160808,  223,    0
194096,20160809,  235,    0
194096,20160810,  207,    0
194096,20160811,  199,    0
194096,20160812,  193,    0
194096,20160813,  207,    0
194096,20160814,  226,    0
194096,20160815,  237,    0
194096,20160816,  247,    0
194096,20160817,  249,    0
194096,20160818,  228,    0
194096,20160819,  243,    0
194096,20160820,  246,    0
194096,20160821,  249,    0
194096,20160822,  235,    0
194096,20160823,  211,    0
194096,20160824,  223,    0
194096,20160825,  225,    0
194096,20160826,  219,    0
194096,20160827,  205,    0
194096,20160828,  234,    0
194096,20160829,  246,    0
194096,20160830,  246,    0
194096,20160831,  232,    0
194096,20160901,  231,    0
194096,20160902,  237,    0
194096,20160903,  240,    0
194096,20160904,  247,    0
194096,20160905,  230,    0
194096,20160906,  193,    0
194096,20160907,  233,    0
194096,20160908,  219,    0
194096,20160909,  227,    0
194096,20160910,  229,    0
194096,20160911,  225,    0
194096,20160912,  226,    0
194096,20160913,  227,    0
194096,20160914,  224,    0
194096,20160915,  228,    0
194096,20160916,  183,    0
194096,20160917,  198,    0
194096,20160918,  188,    0
194096,20160919,  188,    0
194096,20160920,  195,    0
194096,20160921,  181,    0
194096,20160922,  181,    0
194096,20160923,  160,    0
194096,20160924,  173,    0
194096,20160925,  170,    0
194096,20160926,  169,    0
194096,20160927,  168,    0
194096,20160928,  172,    0
194096,20160929,  170,    0
194096,20160930,  184,    0
194096,20161001,  194,    0
194096,20161002,  190,    0
194096,20161003,  172,    0
194096,20161004,  157,    0
194096,20161005,  149,    0
194096,20161006,  136,    0
194096,20161007,  137,    0
194096,20161008,  125,    0
194096,20161009,  142,    0
194096,20161010,  120,    0
194096,20161011,  106,    0
194096,20161012,  106,    0
194096,20161013,  111,    0
194096,20161014,  137,    0
194096,20161015,-9999,    9
194096,20161016,  156,    0
194096,20161017,  138,    0
194096,20161018,  148,    0
194096,20161019,  136,    0
194096,20161020,  134,    0
194096,20161021,  116,    0
194096,20161022,  109,    0
194096,20161023,   83,    0
194096,20161024,  132,    0
194096,20161025,  137,    0
194096,20161026,  146,    0
194096,20161027,  150,    0
194096,20161028,  123,    0
194096,20161029,  108,    0
194096,20161030,   65,    0
194096,20161031,  113,    0
194096,20161101,  111,    0
194096,20161102,  111,    0
194096,20161103,  115,    0
194096,20161104,  109,    0
194096,20161105,  123,    0
194096,20161106,  154,    0
194096,20161107,  120,    0
194096,20161108,   78,    0
194096,20161109,   78,    0
194096,20161110,   79,    0
194096,20161111,   67,    0
194096,20161112,   81,    0
194096,20161113,   58,    0
194096,20161114,   75,    0
194096,20161115,   40,    0
194096,20161116,   30,    0
194096,20161117,   69,    0
194096,20161118,   90,    0
194096,20161119,  101,    0
194096,20161120,   85,    0
194096,20161121,  105,    0
194096,20161122,  127,    0
194096,20161123,  133,    0
194096,20161124,  129,    0
194096,20161125,  135,    0
194096,20161126,  121,    0
194096,20161127,   92,    0
194096,20161128,   89,    0
194096,20161129,   46,    0
194096,20161130,   19,    0
194096,20161201,   22,    0
194096,20161202,   30,    0
194096,20161203,   56,    0
194096,20161204,   67,    0
194096,20161205,   71,    0
194096,20161206,   61,    0
194096,20161207,   31,    0
194096,20161208,   23,    0
194096,20161209,   10,    0
194096,20161210,    8,    0
194096,20161211,   13,    0
194096,20161212,   37,    0
194096,20161213,   26,    0
194096,20161214,   22,    0
194096,20161215,   18,    0
194096,20161216,   36,    0
194096,20161217,   13,    0
194096,20161218,  -14,    0
194096,20161219,    9,    0
194096,20161220,   73,    0
194096,20161221,   67,    0
194096,20161222,   36,    0
194096,20161223,   27,    0
194096,20161224,   25,    0
194096,20161225,   29,    0
194096,20161226,   40,    0
194096,20161227,   35,    0
194096,20161228,   32,    0
194096,20161229,   53,    0
194096,20161230,   10,    0
194096,20161231,    3,    0
194096,20170101,    0,    0
194096,20170102,   20,    0
194096,20170103,   35,    0
194096,20170104,   13,    0
194096,20170105,   18,    0
194096,20170106,   -5,    0
194096,20170107,  -26,    0
194096,20170108,  -13,    0
194096,20170109,  -13,    0
194096,20170110,    3,    0
194096,20170111,  -21,    0
194096,20170112,   -7,    0
194096,20170113,    7,    0
194096,20170114,   18,    0
194096,20170115,    4,    0
194096,20170116,   23,    0
194096,20170117,   33,    0
194096,20170118,   36,    0
194096,20170119,   28,    0
194096,20170120,    0,    0
194096,20170121,    3,    0
194096,20170122,    8,    0
194096,20170123,   29,    0
194096,20170124,   44,    0
194096,20170125,    8,    0
194096,20170126,    0,    0
194096,20170127,   -6,    0
194096,20170128,   17,    0
194096,20170129,   16,    0
194096,20170130,    9,    0
194096,20170131,   49,    0
194096,20170201,   53,    0
194096,20170202,   61,    0
194096,20170203,   91,    0
194096,20170204,   76,    0
194096,20170205,   59,    0
194096,20170206,   74,    0
194096,20170207,   77,    0
194096,20170208,   58,    0
194096,20170209,   45,    0
194096,20170210,   54,    0
194096,20170211,   62,    0
194096,20170212,   72,    0
194096,20170213,   75,    0
194096,20170214,   51,    0
194096,20170215,   55,    0
194096,20170216,   63,    0
194096,20170217,   68,    0
194096,20170218,   71,    0
194096,20170219,   33,    0
194096,20170220,   41,    0
194096,20170221,   41,    0
194096,20170222,   68,    0
194096,20170223,   59,    0
194096,20170224,   91,    0
194096,20170225,   70,    0
194096,20170226,   52,    0
194096,20170227,   59,    0
194096,20170228,  116,    0
194096,20170301,   92,    0
194096,20170302,   78,    0
194096,20170303,   84,    0
194096,20170304,   97,    0
194096,20170305,  107,    0
194096,20170306,  105,    0
194096,20170307,   95,    0
194096,20170308,   89,    0
194096,20170309,   97,    0
194096,20170310,  104,    0
194096,20170311,   77,    0
194096,20170312,   86,    0
194096,20170313,   83,    0
194096,20170314,   97,    0
194096,20170315,  103,    0
194096,20170316,   93,    0
194096,20170317,  103,    0
194096,20170318,  128,    0
194096,20170319,  107,    0
194096,20170320,  108,    0
194096,20170321,  115,    0
194096,20170322,  132,    0
194096,20170323,  133,    0
194096,20170324,  121,    0
194096,20170325,  134,    0
194096,20170326,  131,    0
194096,20170327,   99,    0
194096,20170328,  101,    0
194096,20170329,  126,    0
194096,20170330,  139,    0
194096,20170331,  105,    0
194096,20170401,  119,    0
194096,20170402,  142,    0
194096,20170403,  173,    0
194096,20170404,  157,    0
194096,20170405,  141,    0
194096,20170406,  121,    0
194096,20170407,  129,    0
194096,20170408,  128,    0
194096,20170409,  140,    0
194096,20170410,  146,    0
194096,20170411,  148,    0
194096,20170412,  126,    0
194096,20170413,  162,    0
194096,20170414,  163,    0
194096,20170415,  155,    0
194096,20170416,  159,    0
194096,20170417,  132,    0
194096,20170418,   85,    0
194096,20170419,   87,    0
194096,20170420,   85,    0
194096,20170421,   86,    0
194096,20170422,  103,    0
194096,20170423,  128,    0
194096,20170424,  155,    0
194096,20170425,  144,    0
194096,20170426,  158,    0
194096,20170427,  175,    0
194096,20170428,  134,    0
194096,20170429,  108,    0
194096,20170430,  113,    0
194096,20170501,  116,    0
194096,20170502,  122,    0
194096,20170503,  141,    0
194096,20170504,  140,    0
194096,20170505,  147,    0
194096,20170506,  143,    0
194096,20170507,  131,    0
194096,20170508,  159,    0
194096,20170509,  142,    0
194096,20170510,  121,    0
194096,20170511,-9999,    9
194096,20170512,-9999,    9
194096,20170513,  206,    0
194096,20170514,  185,    0
194096,20170515,  190,    0
194096,20170516,  193,    0
194096,20170517,  194,    0
194096,20170518,  187,    0
194096,20170519,  209,    0
194096,20170520,  159,    0
194096,20170521,  192,    0
194096,20170522,  169,    0
194096,20170523,  252,    0
194096,20170524,  219,    0
194096,20170525,  196,    0
194096,20170526,  186,    0
194096,20170527,  202,    0
194096,20170528,  211,    0
194096,20170529,  217,    0
194096,20170530,  185,    0
194096,20170531,  187,    0
194096,20170601,  186,    0
194096,20170602,-9999,    9
194096,20170603,-9999,    9
194096,20170604,-9999,    9
194096,20170605,-9999,    9
194096,20170606,  238,    0
194096,20170607,  219,    0
194096,20170608,-9999,    9
194096,20170609,-9999,    9
194096,20170610,  268,    0
194096,20170611,-9999,    9
194096,20170612,  256,    0
194096,20170613,  245,    0
194096,20170614,  248,    0
194096,20170615,  237,    0
194096,20170616,  250,    0
194096,20170617,  251,    0
194096,20170618,  230,    0
194096,20170619,  218,    0
194096,20170620,  234,    0
194096,20170621,  254,    0
194096,20170622,  263,    0
194096,20170623,  278,    0
194096,20170624,  276,    0
194096,20170625,  257,    0
194096,20170626,  256,    0
194096,20170627,  253,    0
194096,20170628,  228,    0
194096,20170629,  232,    0
194096,20170630,  213,    0
194096,20170701,  205,    0
194096,20170702,  213,    0
194096,20170703,  230,    0
194096,20170704,  244,    0
194096,20170705,  250,    0
194096,20170706,  253,    0
194096,20170707,  268,    0
194096,20170708,  264,    0
194096,20170709,  255,    0
194096,20170710,  271,    0
194096,20170711,  261,    0
194096,20170712,  250,    0
194096,20170713,  262,    0
194096,20170714,  250,    0
194096,20170715,  230,    0
194096,20170716,  241,    0
194096,20170717,  211,    0
194096,20170718,  228,    0
194096,20170719,  241,    0
194096,20170720,  258,    0
194096,20170721,  256,    0
194096,20170722,  266,    0
194096,20170723,  263,    0
194096,20170724,  240,    0
194096,20170725,  218,    0
194096,20170726,  244,    0
194096,20170727,  228,    0
194096,20170728,-9999,    9
194096,20170729,-9999,    9
194096,20170730,  246,    0
194096,20170731,  261,    0
194096,20170801,  269,    0
194096,20170802,  294,    0
194096,20170803,  294,    0
194096,20170804,  299,    0
194096,20170805,-9999,    9
194096,20170806,-9999,    9
194096,20170807,  251,    0
194096,20170808,  257,    0
194096,20170809,  286,    0
194096,20170810,  269,    0
194096,20170811,  247,    0
194096,20170812,  208,    0
194096,20170813,  228,    0
194096,20170814,  233,    0
194096,20170815,  248,    0
194096,20170816,  263,    0
194096,20170817,  256,    0
194096,20170818,  269,    0
194096,20170819,  264,    0
194096,20170820,-9999,    9
194096,20170821,-9999,    9
194096,20170822,  225,    0
194096,20170823,  227,    0
194096,20170824,  241,    0
194096,20170825,  259,    0
194096,20170826,  255,    0
194096,20170827,  280,    0
194096,20170828,  262,    0
194096,20170829,  239,    0
194096,20170830,  254,    0
194096,20170831,  258,    0
194096,20170901,  244,    0
194096,20170902,  206,    0
194096,20170903,  174,    0
194096,20170904,  144,    0
194096,20170905,  199,    0
194096,20170906,  228,    0
194096,20170907,  231,    0
194096,20170908,  213,    0
194096,20170909,  210,    0
194096,20170910,  190,    0
194096,20170911,  185,    0
194096,20170912,  160,    0
194096,20170913,  202,    0
194096,20170914,  154,    0
194096,20170915,-9999,    9
194096,20170916,  178,    0
194096,20170917,  175,    0
194096,20170918,  163,    0
194096,20170919,  131,    0
194096,20170920,  148,    0
194096,20170921,  147,    0
194096,20170922,  156,    0
194096,20170923,  168,    0
194096,20170924,  156,    0
194096,20170925,  155,    0
194096,20170926,  155,    0
194096,20170927,  165,    0
194096,20170928,  168,    0
194096,20170929,  156,    0
194096,20170930,  156,    0
194096,20171001,  145,    0
194096,20171002,  157,    0
194096,20171003,  158,    0
194096,20171004,  177,    0
194096,20171005,  176,    0
194096,20171006,  160,    0
194096,20171007,   98,    0
194096,20171008,-9999,    9
194096,20171009,  152,    0
194096,20171010,  151,    0
194096,20171011,  145,    0
194096,20171012,  151,    0
194096,20171013,  147,    0
194096,20171014,  139,    0
194096,20171015,  150,    0
194096,20171016,  153,    0
194096,20171017,  142,    0
194096,20171018,  149,    0
194096,20171019,  154,    0
194096,20171020,  151,    0
194096,20171021,  153,    0
194096,20171022,  160,    0
194096,20171023,  122,    0
194096,20171024,  116,    0
194096,20171025,  112,    0
194096,20171026,  117,    0
194096,20171027,  118,    0
194096,20171028,  113,    0
194096,20171029,  126,    0
194096,20171030,  114,    0
194096,20171031,   97,    0
194096,20171101,   90,    0
194096,20171102,  101,    0
194096,20171103,  115,    0
194096,20171104,  123,    0
194096,20171105,  132,    0
194096,20171106,  117,    0
194096,20171107,  118,    0
194096,20171108,   99,    0
194096,20171109,  100,    0
194096,20171110,   92,    0
194096,20171111,   79,    0
194096,20171112,   87,    0
194096,20171113,   76,    0
194096,20171114,   92,    0
194096,20171115,   67,    0
194096,20171116,-9999,    9
194096,20171117,-9999,    9
194096,20171118,-9999,    9
194096,20171119,-9999,    9
194096,20171120,   71,    0
194096,20171121,   61,    0
194096,20171122,   70,    0
194096,20171123,   87,    0
194096,20171124,   75,    0
194096,20171125,  100,    0
194096,20171126,   78,    0
194096,20171127,   33,    0
194096,20171128,   38,    0
194096,20171129,   45,    0
194096,20171130,   43,    0
194096,20171201,   34,    0
194096,20171202,   65,    0
194096,20171203,   25,    0
194096,20171204,   16,    0
194096,20171205,   12,    0
194096,20171206,   28,    0
194096,20171207,   39,    0
194096,20171208,   67,    0
194096,20171209,   36,    0
194096,20171210,   19,    0
194096,20171211,   76,    0
194096,20171212,  121,    0
194096,20171213,   42,    0
194096,20171214,   51,    0
194096,20171215,   93,    0
194096,20171216,   44,    0
194096,20171217,   25,    0
194096,20171218,    3,    0
194096,20171219,    0,    0
194096,20171220,    6,    0
194096,20171221,    2,    0
194096,20171222,    7,    0
194096,20171223,   15,    0
194096,20171224,   22,    0
194096,20171225,   20,    0
194096,20171226,   49,    0
194096,20171227,   81,    0
194096,20171228,   46,    0
194096,20171229,   39,    0
194096,20171230,   12,    0
194096,20171231,   26,    0
194096,20180101,   29,    0
194096,20180102,   34,    0
194096,20180103,   32,    0
194096,20180104,   43,    0
194096,20180105,   37,    0
194096,20180106,   65,    0
194096,20180107,   81,    0
194096,20180108,   99,    0
194096,20180109,  109,    0
194096,20180110,   71,    0
194096,20180111,-9999,    9
194096,20180112,-9999,    9
194096,20180113,   64,    0
194096,20180114,   52,    0
194096,20180115,   38,    0
194096,20180116,   45,    0
194096,20180117,   57,    0
194096,20180118,   62,    0
194096,20180119,   40,    0
194096,20180120,   16,    0
194096,20180121,   42,    0
194096,20180122,   36,    0
194096,20180123,   45,    0
194096,20180124,   43,    0
194096,20180125,   29,    0
194096,20180126,   45,    0
194096,20180127,   67,    0
194096,20180128,   66,    0
194096,20180129,   28,    0
194096,20180130,   37,    0
194096,20180131,   56,    0
194096,20180201,  106,    0
194096,20180202,   73,    0
194096,20180203,   40,    0
194096,20180204,   51,    0
194096,20180205,   56,    0
194096,20180206,   72,    0
194096,20180207,   53,    0
194096,20180208,   47,    0
194096,20180209,   35,    0
194096,20180210,   37,    0
194096,20180211,   30,    0
194096,20180212,   33,    0
194096,20180213,   35,    0
194096,20180214,   19,    0
194096,20180215,   22,    0
194096,20180216,   37,    0
194096,20180217,   51,    0
194096,20180218,   51,    0
194096,20180219,   46,    0
194096,20180220,   10,    0
194096,20180221,-9999,    9
194096,20180222,-9999,    9
194096,20180223,-9999,    9
194096,20180224,-9999,    9
194096,20180225,-9999,    9
194096,20180226,-9999,    9
194096,20180227,-9999,    9
194096,20180228,-9999,    9
194096,20180301,-9999,    9
194096,20180302,-9999,    9
194096,20180303,-9999,    9
194096,20180304,-9999,    9
194096,20180305,-9999,    9
194096,20180306,-9999,    9
194096,20180307,-9999,    9
194096,20180308,-9999,    9
194096,20180309,-9999,    9
194096,20180310,-9999,    9
194096,20180311,-9999,    9
194096,20180312,-9999,    9
194096,20180313,-9999,    9
194096,20180314,-9999,    9
194096,20180315,-9999,    9
194096,20180316,-9999,    9
194096,20180317,-9999,    9
194096,20180318,-9999,    9
194096,20180319,-9999,    9
194096,20180320,-9999,    9
194096,20180321,-9999,    9
194096,20180322,-9999,    9
194096,20180323,-9999,    9
194096,20180324,-9999,    9
194096,20180325,-9999,    9
194096,20180326,-9999,    9
194096,20180327,-9999,    9
194096,20180328,-9999,    9
194096,20180329,-9999,    9
194096,20180330,-9999,    9
194096,20180331,-9999,    9
194096,20180401,-9999,    9
194096,20180402,-9999,    9
194096,20180403,-9999,    9
194096,20180404,-9999,    9
194096,20180405,-9999,    9
194096,20180406,-9999,    9
194096,20180407,-9999,    9
194096,20180408,-9999,    9
194096,20180409,-9999,    9
194096,20180410,-9999,    9
194096,20180411,-9999,    9
194096,20180412,-9999,    9
194096,20180413,-9999,    9
194096,20180414,-9999,    9
194096,20180415,-9999,    9
194096,20180416,-9999,    9
194096,20180417,-9999,    9
194096,20180418,-9999,    9
194096,20180419,-9999,    9
194096,20180420,-9999,    9
194096,20180421,-9999,    9
194096,20180422,-9999,    9
194096,20180423,-9999,    9
194096,20180424,-9999,    9
194096,20180425,-9999,    9
194096,20180426,-9999,    9
194096,20180427,-9999,    9
194096,20180428,-9999,    9
194096,20180429,-9999,    9
194096,20180430,-9999,    9
194096,20180501,-9999,    9
194096,20180502,-9999,    9
194096,20180503,-9999,    9
194096,20180504,-9999,    9
194096,20180505,-9999,    9
194096,20180506,-9999,    9
194096,20180507,-9999,    9
194096,20180508,-9999,    9
194096,20180509,-9999,    9
194096,20180510,-9999,    9
194096,20180511,-9999,    9
194096,20180512,-9999,    9
194096,20180513,-9999,    9
194096,20180514,-9999,    9
194096,20180515,-9999,    9
194096,20180516,-9999,    9
194096,20180517,-9999,    9
194096,20180518,-9999,    9
194096,20180519,-9999,    9
194096,20180520,-9999,    9
194096,20180521,-9999,    9
194096,20180522,-9999,    9
194096,20180523,-9999,    9
194096,20180524,-9999,    9
194096,20180525,-9999,    9
194096,20180526,-9999,    9
194096,20180527,-9999,    9
194096,20180528,-9999,    9
194096,20180529,-9999,    9
194096,20180530,-9999,    9
194096,20180531,-9999,    9
194096,20180601,-9999,    9
194096,20180602,-9999,    9
194096,20180603,-9999,    9
194096,20180604,-9999,    9
194096,20180605,-9999,    9
194096,20180606,-9999,    9
194096,20180607,-9999,    9
194096,20180608,-9999,    9
194096,20180609,-9999,    9
194096,20180610,-9999,    9
194096,20180611,-9999,    9
194096,20180612,-9999,    9
194096,20180613,-9999,    9
194096,20180614,-9999,    9
194096,20180615,-9999,    9
194096,20180616,-9999,    9
194096,20180617,-9999,    9
194096,20180618,-9999,    9
194096,20180619,-9999,    9
194096,20180620,-9999,    9
194096,20180621,-9999,    9
194096,20180622,-9999,    9
194096,20180623,-9999,    9
194096,20180624,-9999,    9
194096,20180625,-9999,    9
194096,20180626,-9999,    9
194096,20180627,-9999,    9
194096,20180628,-9999,    9
194096,20180629,-9999,    9
194096,20180630,-9999,    9
194096,20180701,-9999,    9
194096,20180702,-9999,    9
194096,20180703,-9999,    9
194096,20180704,-9999,    9
194096,20180705,-9999,    9
194096,20180706,-9999,    9
194096,20180707,-9999,    9
194096,20180708,-9999,    9
194096,20180709,-9999,    9
194096,20180710,-9999,    9
194096,20180711,-9999,    9
194096,20180712,-9999,    9
194096,20180713,-9999,    9
194096,20180714,-9999,    9
194096,20180715,-9999,    9
194096,20180716,-9999,    9
194096,20180717,-9999,    9
194096,20180718,-9999,    9
194096,20180719,-9999,    9
194096,20180720,-9999,    9
194096,20180721,-9999,    9
194096,20180722,-9999,    9
194096,20180723,-9999,    9
194096,20180724,-9999,    9
194096,20180725,-9999,    9
194096,20180726,-9999,    9
194096,20180727,-9999,    9
194096,20180728,-9999,    9
194096,20180729,-9999,    9
194096,20180730,-9999,    9
194096,20180731,-9999,    9
194096,20180801,-9999,    9
194096,20180802,-9999,    9
194096,20180803,-9999,    9
194096,20180804,-9999,    9
194096,20180805,-9999,    9
194096,20180806,-9999,    9
194096,20180807,-9999,    9
194096,20180808,-9999,    9
194096,20180809,-9999,    9
194096,20180810,-9999,    9
194096,20180811,-9999,    9
194096,20180812,-9999,    9
194096,20180813,-9999,    9
194096,20180814,-9999,    9
194096,20180815,-9999,    9
194096,20180816,-9999,    9
194096,20180817,-9999,    9
194096,20180818,-9999,    9
194096,20180819,-9999,    9
194096,20180820,-9999,    9
194096,20180821,-9999,    9
194096,20180822,-9999,    9
194096,20180823,-9999,    9
194096,20180824,-9999,    9
194096,20180825,-9999,    9
194096,20180826,-9999,    9
194096,20180827,-9999,    9
194096,20180828,-9999,    9
194096,20180829,-9999,    9
194096,20180830,-9999,    9
194096,20180831,-9999,    9
194096,20180901,-9999,    9
194096,20180902,-9999,    9
194096,20180903,-9999,    9
194096,20180904,-9999,    9
194096,20180905,-9999,    9
194096,20180906,-9999,    9
194096,20180907,-9999,    9
194096,20180908,-9999,    9
194096,20180909,-9999,    9
194096,20180910,-9999,    9
194096,20180911,-9999,    9
194096,20180912,-9999,    9
194096,20180913,-9999,    9
194096,20180914,-9999,    9
194096,20180915,-9999,    9
194096,20180916,-9999,    9
194096,20180917,-9999,    9
194096,20180918,-9999,    9
194096,20180919,-9999,    9
194096,20180920,-9999,    9
194096,20180921,-9999,    9
194096,20180922,-9999,    9
194096,20180923,-9999,    9
194096,20180924,-9999,    9
194096,20180925,-9999,    9
194096,20180926,-9999,    9
194096,20180927,-9999,    9
194096,20180928,-9999,    9
194096,20180929,-9999,    9
194096,20180930,-9999,    9
194096,20181001,-9999,    9
194096,20181002,-9999,    9
194096,20181003,-9999,    9
194096,20181004,-9999,    9
194096,20181005,-9999,    9
194096,20181006,-9999,    9
194096,20181007,-9999,    9
194096,20181008,-9999,    9
194096,20181009,-9999,    9
194096,20181010,-9999,    9
194096,20181011,-9999,    9
194096,20181012,-9999,    9
194096,20181013,-9999,    9
194096,20181014,-9999,    9
194096,20181015,-9999,    9
194096,20181016,-9999,    9
194096,20181017,-9999,    9
194096,20181018,-9999,    9
194096,20181019,-9999,    9
194096,20181020,-9999,    9
194096,20181021,-9999,    9
194096,20181022,-9999,    9
194096,20181023,-9999,    9
194096,20181024,-9999,    9
194096,20181025,-9999,    9
194096,20181026,-9999,    9
194096,20181027,-9999,    9
194096,20181028,-9999,    9
194096,20181029,-9999,    9
194096,20181030,-9999,    9
194096,20181031,-9999,    9
194096,20181101,-9999,    9
194096,20181102,-9999,    9
194096,20181103,-9999,    9
194096,20181104,-9999,    9
194096,20181105,-9999,    9
194096,20181106,-9999,    9
194096,20181107,  148,    0
194096,20181108,-9999,    9
194096,20181109,-9999,    9
194096,20181110,  139,    0
194096,20181111,-9999,    9
194096,20181112,  134,    0
194096,20181113,-9999,    9
194096,20181114,  131,    0
194096,20181115,  112,    0
194096,20181116,  112,    0
194096,20181117,  114,    0
194096,20181118,   60,    0
194096,20181119,   65,    0
194096,20181120,   61,    0
194096,20181121,   83,    0
194096,20181122,   86,    0
194096,20181123,   90,    0
194096,20181124,  115,    0
194096,20181125,   95,    0
194096,20181126,   94,    0
194096,20181127,   96,    0
194096,20181128,   82,    0
194096,20181129,   41,    0
194096,20181130,   31,    0
194096,20181201,   57,    0
194096,20181202,   59,    0
194096,20181203,   77,    0
194096,20181204,   66,    0
194096,20181205,   54,    0
194096,20181206,   78,    0
194096,20181207,   74,    0
194096,20181208,   81,    0
194096,20181209,   48,    0
194096,20181210,   65,    0
194096,20181211,   36,    0
194096,20181212,   14,    0
194096,20181213,   36,    0
194096,20181214,   30,    0
194096,20181215,    8,    0
194096,20181216,    4,    0
194096,20181217,   16,    0
194096,20181218,    3,    0
194096,20181219,    2,    0
194096,20181220,   21,    0
194096,20181221,   21,    0
194096,20181222,   33,    0
194096,20181223,   45,    0
194096,20181224,   41,    0
194096,20181225,   45,    0
194096,20181226,   19,    0
194096,20181227,   13,    0
194096,20181228,   13,    0
194096,20181229,   -2,    0
194096,20181230,   12,    0
194096,20181231,   20,    0
194096,20190101,   24,    0
194096,20190102,   18,    0
194096,20190103,    3,    0
194096,20190104,    0,    0
194096,20190105,  -12,    0
194096,20190106,    3,    0
194096,20190107,    1,    0
194096,20190108,   -3,    0
194096,20190109,    0,    0
194096,20190110,   11,    0
194096,20190111,   12,    0
194096,20190112,    6,    0
194096,20190113,   18,    0
194096,20190114,   38,    0
194096,20190115,   32,    0
194096,20190116,   41,    0
194096,20190117,   89,    0
194096,20190118,   57,    0
194096,20190119,   47,    0
194096,20190120,   32,    0
194096,20190121,   36,    0
194096,20190122,   25,    0
194096,20190123,   25,    0
194096,20190124,   40,    0
194096,20190125,   23,    0
194096,20190126,   14,    0
194096,20190127,   20,    0
194096,20190128,   35,    0
194096,20190129,   40,    0
194096,20190130,   22,    0
194096,20190131,   40,    0
194096,20190201,   43,    0
194096,20190202,   46,    0
194096,20190203,   59,    0
194096,20190204,   56,    0
194096,20190205,   39,    0
194096,20190206,   45,    0
194096,20190207,   38,    0
194096,20190208,   48,    0
194096,20190209,   50,    0
194096,20190210,   99,    0
194096,20190211,   73,    0
194096,20190212,   66,    0
194096,20190213,   51,    0
194096,20190214,   44,    0
194096,20190215,   42,    0
194096,20190216,   53,    0
194096,20190217,   63,    0
194096,20190218,   64,    0
194096,20190219,   65,    0
194096,20190220,   60,    0
194096,20190221,   43,    0
194096,20190222,   70,    0
194096,20190223,   57,    0
194096,20190224,   50,    0
194096,20190225,   71,    0
194096,20190226,   91,    0
194096,20190227,   96,    0
194096,20190228,   91,    0
194096,20190301,   67,    0
194096,20190302,   74,    0
194096,20190303,   77,    0
194096,20190304,   95,    0
194096,20190305,-9999,    9
194096,20190306,   83,    0
194096,20190307,  148,    0
194096,20190308,  138,    0
194096,20190309,  116,    0
194096,20190310,  118,    0
194096,20190311,  103,    0
194096,20190312,   69,    0
194096,20190313,   68,    0
194096,20190314,   71,    0
194096,20190315,   94,    0
194096,20190316,  103,    0
194096,20190317,-9999,    9
194096,20190318,-9999,    9
194096,20190319,-9999,    9
194096,20190320,-9999,    9
194096,20190321,-9999,    9
194096,20190322,   90,    0
194096,20190323,-9999,    9
194096,20190324,  128,    0
194096,20190325,  135,    0
194096,20190326,   83,    0
194096,20190327,-9999,    9
194096,20190328,   81,    0
194096,20190329,   88,    0
194096,20190330,  103,    0
194096,20190331,  112,    0
194096,20190401,  122,    0
194096,20190402,  130,    0
194096,20190403,-9999,    9
194096,20190404,  128,    0
194096,20190405,  102,    0
194096,20190406,-9999,    9
194096,20190407,-9999,    9
194096,20190408,-9999,    9
194096,20190409,-9999,    9
194096,20190410,  124,    0
194096,20190411,-9999,    9
194096,20190412,-9999,    9
194096,20190413,-9999,    9
194096,20190414,  101,    0
194096,20190415,  116,    0
194096,20190416,-9999,    9
194096,20190417,-9999,    9
194096,20190418,-9999,    9
194096,20190419,-9999,    9
194096,20190420,-9999,    9
194096,20190421,-9999,    9
194096,20190422,-9999,    9
194096,20190423,  146,    0
194096,20190424,-9999,    9
194096,20190425,-9999,    9
194096,20190426,-9999,    9
194096,20190427,  155,    0
194096,20190428,-9999,    9
194096,20190429,-9999,    9
194096,20190430,-9999,    9
194096,20190501,-9999,    9
194096,20190502,  159,    0
194096,20190503,  157,    0
194096,20190504,  151,    0
194096,20190505,  104,    0
194096,20190506,-9999,    9
194096,20190507,  118,    0
194096,20190508,  140,    0
194096,20190509,-9999,    9
194096,20190510,  160,    0
194096,20190511,  167,    0
194096,20190512,  124,    0
194096,20190513,  139,    0
194096,20190514,  124,    0
194096,20190515,-9999,    9
194096,20190516,  130,    0
194096,20190517,  143,    0
194096,20190518,  148,    0
194096,20190519,  150,    0
194096,20190520,  166,    0
194096,20190521,-9999,    9
194096,20190522,  171,    0
194096,20190523,  181,    0
194096,20190524,  186,    0
194096,20190525,-9999,    9
194096,20190526,-9999,    9
194096,20190527,  165,    0
194096,20190528,-9999,    9
194096,20190529,-9999,    9
194096,20190530,  167,    0
194096,20190531,-9999,    9
194096,20190601,-9999,    9
194096,20190602,-9999,    9
194096,20190603,-9999,    9
194096,20190604,-9999,    9
194096,20190605,-9999,    9
194096,20190606,-9999,    9
194096,20190607,-9999,    9
194096,20190608,-9999,    9
194096,20190609,-9999,    9
194096,20190610,-9999,    9
194096,20190611,-9999,    9
194096,20190612,-9999,    9
194096,20190613,-9999,    9
194096,20190614,-9999,    9
194096,20190615,-9999,    9
194096,20190616,-9999,    9
194096,20190617,-9999,    9
194096,20190618,-9999,    9
194096,20190619,-9999,    9
194096,20190620,-9999,    9
194096,20190621,-9999,    9
194096,20190622,-9999,    9
194096,20190623,-9999,    9
194096,20190624,-9999,    9
194096,20190625,-9999,    9
194096,20190626,-9999,    9
194096,20190627,-9999,    9
194096,20190628,-9999,    9
194096,20190629,-9999,    9
194096,20190630,-9999,    9
194096,20190701,-9999,    9
194096,20190702,-9999,    9
194096,20190703,-9999,    9
194096,20190704,-9999,    9
194096,20190705,-9999,    9
194096,20190706,-9999,    9
194096,20190707,-9999,    9
194096,20190708,-9999,    9
194096,20190709,-9999,    9
194096,20190710,-9999,    9
194096,20190711,-9999,    9
194096,20190712,-9999,    9
194096,20190713,-9999,    9
194096,20190714,-9999,    9
194096,20190715,-9999,    9
194096,20190716,-9999,    9
194096,20190717,-9999,    9
194096,20190718,-9999,    9
194096,20190719,-9999,    9
194096,20190720,-9999,    9
194096,20190721,-9999,    9
194096,20190722,-9999,    9
194096,20190723,-9999,    9
194096,20190724,-9999,    9
194096,20190725,-9999,    9
194096,20190726,-9999,    9
194096,20190727,-9999,    9
194096,20190728,-9999,    9
194096,20190729,-9999,    9
194096,20190730,-9999,    9
194096,20190731,-9999,    9
194096,20190801,-9999,    9
194096,20190802,-9999,    9
194096,20190803,-9999,    9
194096,20190804,-9999,    9
194096,20190805,-9999,    9
194096,20190806,-9999,    9
194096,20190807,-9999,    9
194096,20190808,-9999,    9
194096,20190809,-9999,    9
194096,20190810,-9999,    9
194096,20190811,-9999,    9
194096,20190812,-9999,    9
194096,20190813,-9999,    9
194096,20190814,-9999,    9
194096,20190815,-9999,    9
194096,20190816,-9999,    9
194096,20190817,-9999,    9
194096,20190818,-9999,    9
194096,20190819,-9999,    9
194096,20190820,-9999,    9
194096,20190821,-9999,    9
194096,20190822,-9999,    9
194096,20190823,-9999,    9
194096,20190824,-9999,    9
194096,20190825,-9999,    9
194096,20190826,-9999,    9
194096,20190827,-9999,    9
194096,20190828,-9999,    9
194096,20190829,-9999,    9
194096,20190830,-9999,    9
194096,20190831,-9999,    9
194096,20190901,-9999,    9
194096,20190902,-9999,    9
194096,20190903,-9999,    9
194096,20190904,-9999,    9
194096,20190905,-9999,    9
194096,20190906,-9999,    9
194096,20190907,-9999,    9
194096,20190908,-9999,    9
194096,20190909,-9999,    9
194096,20190910,-9999,    9
194096,20190911,-9999,    9
194096,20190912,-9999,    9
194096,20190913,-9999,    9
194096,20190914,-9999,    9
194096,20190915,-9999,    9
194096,20190916,-9999,    9
194096,20190917,-9999,    9
194096,20190918,-9999,    9
194096,20190919,-9999,    9
194096,20190920,-9999,    9
194096,20190921,-9999,    9
194096,20190922,-9999,    9
194096,20190923,-9999,    9
194096,20190924,-9999,    9
194096,20190925,-9999,    9
194096,20190926,-9999,    9
194096,20190927,-9999,    9
194096,20190928,-9999,    9
194096,20190929,-9999,    9
194096,20190930,-9999,    9
194096,20191001,-9999,    9
194096,20191002,-9999,    9
194096,20191003,-9999,    9
194096,20191004,-9999,    9
194096,20191005,-9999,    9
194096,20191006,-9999,    9
194096,20191007,-9999,    9
194096,20191008,-9999,    9
194096,20191009,-9999,    9
194096,20191010,-9999,    9
194096,20191011,-9999,    9
194096,20191012,-9999,    9
194096,20191013,-9999,    9
194096,20191014,-9999,    9
194096,20191015,-9999,    9
194096,20191016,-9999,    9
194096,20191017,-9999,    9
194096,20191018,-9999,    9
194096,20191019,-9999,    9
194096,20191020,-9999,    9
194096,20191021,-9999,    9
194096,20191022,-9999,    9
194096,20191023,-9999,    9
194096,20191024,-9999,    9
194096,20191025,-9999,    9
194096,20191026,-9999,    9
194096,20191027,-9999,    9
194096,20191028,-9999,    9
194096,20191029,-9999,    9
194096,20191030,-9999,    9
194096,20191031,-9999,    9
194096,20191101,-9999,    9
194096,20191102,-9999,    9
194096,20191103,-9999,    9
194096,20191104,-9999,    9
194096,20191105,-9999,    9
194096,20191106,-9999,    9
194096,20191107,-9999,    9
194096,20191108,-9999,    9
194096,20191109,-9999,    9
194096,20191110,-9999,    9
194096,20191111,-9999,    9
194096,20191112,-9999,    9
194096,20191113,-9999,    9
194096,20191114,-9999,    9
194096,20191115,-9999,    9
194096,20191116,-9999,    9
194096,20191117,-9999,    9
194096,20191118,-9999,    9
194096,20191119,-9999,    9
194096,20191120,-9999,    9
194096,20191121,-9999,    9
194096,20191122,-9999,    9
194096,20191123,-9999,    9
194096,20191124,-9999,    9
194096,20191125,-9999,    9
194096,20191126,-9999,    9
194096,20191127,-9999,    9
194096,20191128,-9999,    9
194096,20191129,-9999,    9
194096,20191130,-9999,    9
194096,20191201,-9999,    9
194096,20191202,-9999,    9
194096,20191203,-9999,    9
194096,20191204,-9999,    9
194096,20191205,-9999,    9
194096,20191206,-9999,    9
194096,20191207,-9999,    9
194096,20191208,-9999,    9
194096,20191209,-9999,    9
194096,20191210,-9999,    9
194096,20191211,-9999,    9
194096,20191212,-9999,    9
194096,20191213,-9999,    9
194096,20191214,-9999,    9
194096,20191215,-9999,    9
194096,20191216,-9999,    9
194096,20191217,-9999,    9
194096,20191218,-9999,    9
194096,20191219,-9999,    9
194096,20191220,-9999,    9
194096,20191221,-9999,    9
194096,20191222,-9999,    9
194096,20191223,-9999,    9
194096,20191224,-9999,    9
194096,20191225,-9999,    9
194096,20191226,-9999,    9
194096,20191227,-9999,    9
194096,20191228,-9999,    9
194096,20191229,-9999,    9
194096,20191230,-9999,    9
194096,20191231,   21,    0
194096,20200101,   20,    0
194096,20200102,   22,    0
194096,20200103,   31,    0
194096,20200104,   49,    0
194096,20200105,   38,    0
194096,20200106,   26,    0
194096,20200107,    3,    0
194096,20200108,    6,    0
194096,20200109,   13,    0
194096,20200110,   22,    0
194096,20200111,   33,    0
194096,20200112,   27,    0
194096,20200113,    0,    0
194096,20200114,   17,    0
194096,20200115,   53,    0
194096,20200116,   49,    0
194096,20200117,   57,    0
194096,20200118,   72,    0
194096,20200119,   66,    0
194096,20200120,   44,    0
194096,20200121,   29,    0
194096,20200122,   29,    0
194096,20200123,   22,    0
194096,20200124,   37,    0
194096,20200125,   57,    0
194096,20200126,   57,    0
194096,20200127,   55,    0
194096,20200128,   99,    0
194096,20200129,   70,    0
194096,20200130,   64,    0
194096,20200131,-9999,    9
194096,20200201,-9999,    9
194096,20200202,-9999,    9
194096,20200203,-9999,    9
194096,20200204,-9999,    9
194096,20200205,-9999,    9
194096,20200206,-9999,    9
194096,20200207,-9999,    9
194096,20200208,-9999,    9
194096,20200209,-9999,    9
194096,20200210,-9999,    9
194096,20200211,-9999,    9
194096,20200212,-9999,    9
194096,20200213,-9999,    9
194096,20200214,-9999,    9
194096,20200215,-9999,    9
194096,20200216,-9999,    9
194096,20200217,-9999,    9
194096,20200218,-9999,    9
194096,20200219,-9999,    9
194096,20200220,-9999,    9
194096,20200221,-9999,    9
194096,20200222,-9999,    9
194096,20200223,-9999,    9
194096,20200224,-9999,    9
194096,20200225,-9999,    9
194096,20200226,-9999,    9
194096,20200227,-9999,    9
194096,20200228,-9999,    9
194096,20200229,-9999,    9
194096,20200301,-9999,    9
194096,20200302,-9999,    9
194096,20200303,-9999,    9
194096,20200304,-9999,    9
194096,20200305,-9999,    9
194096,20200306,-9999,    9
194096,20200307,-9999,    9
194096,20200308,-9999,    9
194096,20200309,-9999,    9
194096,20200310,-9999,    9
194096,20200311,-9999,    9
194096,20200312,-9999,    9
194096,20200313,-9999,    9
194096,20200314,-9999,    9
194096,20200315,-9999,    9
194096,20200316,-9999,    9
194096,20200317,-9999,    9
194096,20200318,-9999,    9
194096,20200319,-9999,    9
194096,20200320,-9999,    9
194096,20200321,-9999,    9
194096,20200322,-9999,    9
194096,20200323,-9999,    9
194096,20200324,-9999,    9
194096,20200325,-9999,    9
194096,20200326,-9999,    9
194096,20200327,-9999,    9
194096,20200328,-9999,    9
194096,20200329,-9999,    9
194096,20200330,-9999,    9
194096,20200331,-9999,    9
194096,20200401,-9999,    9
194096,20200402,-9999,    9
194096,20200403,-9999,    9
194096,20200404,-9999,    9
194096,20200405,-9999,    9
194096,20200406,-9999,    9
194096,20200407,-9999,    9
194096,20200408,-9999,    9
194096,20200409,-9999,    9
194096,20200410,-9999,    9
194096,20200411,-9999,    9
194096,20200412,-9999,    9
194096,20200413,-9999,    9
194096,20200414,-9999,    9
194096,20200415,-9999,    9
194096,20200416,-9999,    9
194096,20200417,-9999,    9
194096,20200418,-9999,    9
194096,20200419,-9999,    9
194096,20200420,-9999,    9
194096,20200421,-9999,    9
194096,20200422,-9999,    9
194096,20200423,-9999,    9
194096,20200424,-9999,    9
194096,20200425,-9999,    9
194096,20200426,-9999,    9
194096,20200427,-9999,    9
194096,20200428,-9999,    9
194096,20200429,-9999,    9
194096,20200430,-9999,    9
194096,20200501,-9999,    9
194096,20200502,-9999,    9
194096,20200503,-9999,    9
194096,20200504,-9999,    9
194096,20200505,-9999,    9
194096,20200506,-9999,    9
194096,20200507,-9999,    9
194096,20200508,-9999,    9
194096,20200509,-9999,    9
194096,20200510,-9999,    9
194096,20200511,-9999,    9
194096,20200512,-9999,    9
194096,20200513,-9999,    9
194096,20200514,-9999,    9
194096,20200515,-9999,    9
194096,20200516,-9999,    9
194096,20200517,-9999,    9
194096,20200518,-9999,    9
194096,20200519,-9999,    9
194096,20200520,-9999,    9
194096,20200521,-9999,    9
194096,20200522,-9999,    9
194096,20200523,-9999,    9
194096,20200524,-9999,    9
194096,20200525,-9999,    9
194096,20200526,-9999,    9
194096,20200527,-9999,    9
194096,20200528,-9999,    9
194096,20200529,-9999,    9
194096,20200530,-9999,    9
194096,20200531,-9999,    9
194096,20200601,-9999,    9
194096,20200602,-9999,    9
194096,20200603,-9999,    9
194096,20200604,-9999,    9
194096,20200605,-9999,    9
194096,20200606,-9999,    9
194096,20200607,-9999,    9
194096,20200608,-9999,    9
194096,20200609,-9999,    9
194096,20200610,-9999,    9
194096,20200611,-9999,    9
194096,20200612,-9999,    9
194096,20200613,-9999,    9
194096,20200614,-9999,    9
194096,20200615,-9999,    9
194096,20200616,-9999,    9
194096,20200617,-9999,    9
194096,20200618,-9999,    9
194096,20200619,-9999,    9
194096,20200620,-9999,    9
194096,20200621,-9999,    9
194096,20200622,-9999,    9
194096,20200623,-9999,    9
194096,20200624,-9999,    9
194096,20200625,-9999,    9
194096,20200626,-9999,    9
194096,20200627,-9999,    9
194096,20200628,-9999,    9
194096,20200629,-9999,    9
194096,20200630,-9999,    9
194096,20200701,-9999,    9
194096,20200702,-9999,    9
194096,20200703,-9999,    9
194096,20200704,-9999,    9
194096,20200705,-9999,    9
194096,20200706,-9999,    9
194096,20200707,-9999,    9
194096,20200708,-9999,    9
194096,20200709,-9999,    9
194096,20200710,-9999,    9
194096,20200711,-9999,    9
194096,20200712,-9999,    9
194096,20200713,-9999,    9
194096,20200714,-9999,    9
194096,20200715,-9999,    9
194096,20200716,-9999,    9
194096,20200717,-9999,    9
194096,20200718,-9999,    9
194096,20200719,-9999,    9
194096,20200720,-9999,    9
194096,20200721,-9999,    9
194096,20200722,-9999,    9
194096,20200723,-9999,    9
194096,20200724,-9999,    9
194096,20200725,-9999,    9
194096,20200726,-9999,    9
194096,20200727,-9999,    9
194096,20200728,-9999,    9
194096,20200729,-9999,    9
194096,20200730,-9999,    9
194096,20200731,-9999,    9
194096,20200801,-9999,    9
194096,20200802,-9999,    9
194096,20200803,-9999,    9
194096,20200804,-9999,    9
194096,20200805,-9999,    9
194096,20200806,-9999,    9
194096,20200807,-9999,    9
194096,20200808,-9999,    9
194096,20200809,-9999,    9
194096,20200810,-9999,    9
194096,20200811,-9999,    9
194096,20200812,-9999,    9
194096,20200813,-9999,    9
194096,20200814,-9999,    9
194096,20200815,-9999,    9
194096,20200816,-9999,    9
194096,20200817,-9999,    9
194096,20200818,-9999,    9
194096,20200819,-9999,    9
194096,20200820,-9999,    9
194096,20200821,-9999,    9
194096,20200822,-9999,    9
194096,20200823,-9999,    9
194096,20200824,-9999,    9
194096,20200825,-9999,    9
194096,20200826,-9999,    9
194096,20200827,-9999,    9
194096,20200828,-9999,    9
194096,20200829,-9999,    9
194096,20200830,-9999,    9
194096,20200831,-9999,    9
194096,20200901,-9999,    9
194096,20200902,-9999,    9
194096,20200903,-9999,    9
194096,20200904,-9999,    9
194096,20200905,-9999,    9
194096,20200906,-9999,    9
194096,20200907,-9999,    9
194096,20200908,-9999,    9
194096,20200909,-9999,    9
194096,20200910,-9999,    9
194096,20200911,-9999,    9
194096,20200912,-9999,    9
194096,20200913,-9999,    9
194096,20200914,-9999,    9
194096,20200915,-9999,    9
194096,20200916,-9999,    9
194096,20200917,-9999,    9
194096,20200918,-9999,    9
194096,20200919,-9999,    9
194096,20200920,-9999,    9
194096,20200921,-9999,    9
194096,20200922,-9999,    9
194096,20200923,-9999,    9
194096,20200924,-9999,    9
194096,20200925,-9999,    9
194096,20200926,-9999,    9
194096,20200927,-9999,    9
194096,20200928,-9999,    9
194096,20200929,-9999,    9
194096,20200930,-9999,    9
194096,20201001,-9999,    9
194096,20201002,-9999,    9
194096,20201003,-9999,    9
194096,20201004,-9999,    9
194096,20201005,-9999,    9
194096,20201006,-9999,    9
194096,20201007,-9999,    9
194096,20201008,-9999,    9
194096,20201009,-9999,    9
194096,20201010,-9999,    9
194096,20201011,-9999,    9
194096,20201012,-9999,    9
194096,20201013,-9999,    9
194096,20201014,-9999,    9
194096,20201015,-9999,    9
194096,20201016,-9999,    9
194096,20201017,-9999,    9
194096,20201018,-9999,    9
194096,20201019,-9999,    9
194096,20201020,-9999,    9
194096,20201021,-9999,    9
194096,20201022,-9999,    9
194096,20201023,-9999,    9
194096,20201024,-9999,    9
194096,20201025,-9999,    9
194096,20201026,-9999,    9
194096,20201027,-9999,    9
194096,20201028,-9999,    9
194096,20201029,-9999,    9
194096,20201030,-9999,    9
194096,20201031,-9999,    9
194096,20201101,-9999,    9
194096,20201102,-9999,    9
194096,20201103,-9999,    9
194096,20201104,-9999,    9
194096,20201105,-9999,    9
194096,20201106,-9999,    9
194096,20201107,-9999,    9
194096,20201108,-9999,    9
194096,20201109,-9999,    9
194096,20201110,-9999,    9
194096,20201111,-9999,    9
194096,20201112,-9999,    9
194096,20201113,-9999,    9
194096,20201114,-9999,    9
194096,20201115,-9999,    9
194096,20201116,-9999,    9
194096,20201117,-9999,    9
194096,20201118,-9999,    9
194096,20201119,-9999,    9
194096,20201120,-9999,    9
194096,20201121,-9999,    9
194096,20201122,-9999,    9
194096,20201123,-9999,    9
194096,20201124,-9999,    9
194096,20201125,-9999,    9
194096,20201126,-9999,    9
194096,20201127,-9999,    9
194096,20201128,-9999,    9
194096,20201129,-9999,    9
194096,20201130,-9999,    9
194096,20201201,-9999,    9
194096,20201202,-9999,    9
194096,20201203,-9999,    9
194096,20201204,-9999,    9
194096,20201205,-9999,    9
194096,20201206,-9999,    9
194096,20201207,-9999,    9
194096,20201208,-9999,    9
194096,20201209,-9999,    9
194096,20201210,-9999,    9
194096,20201211,-9999,    9
194096,20201212,-9999,    9
194096,20201213,-9999,    9
194096,20201214,-9999,    9
194096,20201215,-9999,    9
194096,20201216,-9999,    9
194096,20201217,-9999,    9
194096,20201218,-9999,    9
194096,20201219,-9999,    9
194096,20201220,-9999,    9
194096,20201221,-9999,    9
194096,20201222,-9999,    9
194096,20201223,-9999,    9
194096,20201224,-9999,    9
194096,20201225,-9999,    9
194096,20201226,-9999,    9
194096,20201227,-9999,    9
194096,20201228,-9999,    9
194096,20201229,-9999,    9
194096,20201230,-9999,    9
194096,20201231,-9999,    9
194096,20210101,-9999,    9
194096,20210102,-9999,    9
194096,20210103,-9999,    9
194096,20210104,-9999,    9
194096,20210105,-9999,    9
194096,20210106,-9999,    9
194096,20210107,-9999,    9
194096,20210108,-9999,    9
194096,20210109,-9999,    9
194096,20210110,-9999,    9
194096,20210111,-9999,    9
194096,20210112,-9999,    9
194096,20210113,-9999,    9
194096,20210114,-9999,    9
194096,20210115,-9999,    9
194096,20210116,-9999,    9
194096,20210117,-9999,    9
194096,20210118,-9999,    9
194096,20210119,-9999,    9
194096,20210120,-9999,    9
194096,20210121,-9999,    9
194096,20210122,-9999,    9
194096,20210123,-9999,    9
194096,20210124,-9999,    9
194096,20210125,-9999,    9
194096,20210126,-9999,    9
194096,20210127,-9999,    9
194096,20210128,-9999,    9
194096,20210129,-9999,    9
194096,20210130,-9999,    9
194096,20210131,-9999,    9
194096,20210201,-9999,    9
194096,20210202,-9999,    9
194096,20210203,-9999,    9
194096,20210204,-9999,    9
194096,20210205,-9999,    9
194096,20210206,-9999,    9
194096,20210207,-9999,    9
194096,20210208,-9999,    9
194096,20210209,-9999,    9
194096,20210210,-9999,    9
194096,20210211,-9999,    9
194096,20210212,-9999,    9
194096,20210213,-9999,    9
194096,20210214,-9999,    9
194096,20210215,-9999,    9
194096,20210216,-9999,    9
194096,20210217,-9999,    9
194096,20210218,-9999,    9
194096,20210219,-9999,    9
194096,20210220,-9999,    9
194096,20210221,-9999,    9
194096,20210222,-9999,    9
194096,20210223,-9999,    9
194096,20210224,-9999,    9
194096,20210225,-9999,    9
194096,20210226,-9999,    9
194096,20210227,-9999,    9
194096,20210228,-9999,    9
194096,20210301,-9999,    9
194096,20210302,-9999,    9
194096,20210303,-9999,    9
194096,20210304,-9999,    9
194096,20210305,-9999,    9
194096,20210306,-9999,    9
194096,20210307,-9999,    9
194096,20210308,-9999,    9
194096,20210309,-9999,    9
194096,20210310,-9999,    9
194096,20210311,-9999,    9
194096,20210312,-9999,    9
194096,20210313,-9999,    9
194096,20210314,-9999,    9
194096,20210315,-9999,    9
194096,20210316,-9999,    9
194096,20210317,-9999,    9
194096,20210318,-9999,    9
194096,20210319,-9999,    9
194096,20210320,-9999,    9
194096,20210321,-9999,    9
194096,20210322,-9999,    9
194096,20210323,-9999,    9
194096,20210324,-9999,    9
194096,20210325,-9999,    9
194096,20210326,-9999,    9
194096,20210327,-9999,    9
194096,20210328,-9999,    9
194096,20210329,-9999,    9
194096,20210330,-9999,    9
194096,20210331,-9999,    9
