EUROPEAN CLIMATE ASSESSMENT & DATASET (ECA&D), file created on 12-05-2021
THESE DATA CAN BE USED FREELY PROVIDED THAT THE FOLLOWING SOURCE IS ACKNOWLEDGED:

Klein Tank, A.M.G. and Coauthors, 2002. Daily dataset of 20th-century surface
air temperature and precipitation series for the European Climate Assessment.
Int. J. of Climatol., 22, 1441-1453.
Data and metadata available at http://www.ecad.eu

FILE FORMAT (MISSING VALUE CODE IS -9999):

01-06 SOUID: Source identifier
08-15 DATE : Date YYYYMMDD
17-21 TG   : mean temperature in 0.1 &#176;C
23-27 Q_TG : Quality code for TG (0='valid'; 1='suspect'; 9='missing')

This is the blended series of station ITALY, PIEVEPELAGO (STAID: 17727).
Blended and updated with sources: 196552 
See file sources.txt and stations.txt for more info.

 SOUID,    DATE,   TG, Q_TG
196552,20120201,-9999,    9
196552,20120202,-9999,    9
196552,20120203,-9999,    9
196552,20120204,-9999,    9
196552,20120205,-9999,    9
196552,20120206,-9999,    9
196552,20120207,-9999,    9
196552,20120208,-9999,    9
196552,20120209,-9999,    9
196552,20120210,-9999,    9
196552,20120211,-9999,    9
196552,20120212,-9999,    9
196552,20120213,-9999,    9
196552,20120214,  -46,    0
196552,20120215,    0,    0
196552,20120216,   20,    0
196552,20120217,   29,    0
196552,20120218,   31,    0
196552,20120219,   21,    0
196552,20120220,  -16,    0
196552,20120221,  -17,    0
196552,20120222,   -3,    0
196552,20120223,   50,    0
196552,20120224,  105,    0
196552,20120225,  119,    0
196552,20120226,   54,    0
196552,20120227,   31,    0
196552,20120228,   54,    0
196552,20120229,  120,    0
196552,20120301,  116,    0
196552,20120302,  125,    0
196552,20120303,   93,    0
196552,20120304,   59,    0
196552,20120305,   46,    0
196552,20120306,   -7,    0
196552,20120307,   14,    0
196552,20120308,   21,    0
196552,20120309,   17,    0
196552,20120310,   16,    0
196552,20120311,   45,    0
196552,20120312,   90,    0
196552,20120313,   81,    0
196552,20120314,   98,    0
196552,20120315,  121,    0
196552,20120316,  112,    0
196552,20120317,   88,    0
196552,20120318,   71,    0
196552,20120319,   55,    0
196552,20120320,   58,    0
196552,20120321,   85,    0
196552,20120322,   95,    0
196552,20120323,   94,    0
196552,20120324,   87,    0
196552,20120325,   83,    0
196552,20120326,  102,    0
196552,20120327,  102,    0
196552,20120328,  119,    0
196552,20120329,  122,    0
196552,20120330,  130,    0
196552,20120331,  127,    0
196552,20120401,   95,    0
196552,20120402,   84,    0
196552,20120403,   75,    0
196552,20120404,   88,    0
196552,20120405,   91,    0
196552,20120406,   83,    0
196552,20120407,   61,    0
196552,20120408,   21,    0
196552,20120409,   25,    0
196552,20120410,   49,    0
196552,20120411,   47,    0
196552,20120412,   56,    0
196552,20120413,   46,    0
196552,20120414,   37,    0
196552,20120415,   54,    0
196552,20120416,   42,    0
196552,20120417,   60,    0
196552,20120418,   45,    0
196552,20120419,   38,    0
196552,20120420,   40,    0
196552,20120421,   65,    0
196552,20120422,   64,    0
196552,20120423,   56,    0
196552,20120424,   44,    0
196552,20120425,   69,    0
196552,20120426,  106,    0
196552,20120427,  152,    0
196552,20120428,  175,    0
196552,20120429,  125,    0
196552,20120430,  118,    0
196552,20120501,  101,    0
196552,20120502,  100,    0
196552,20120503,  106,    0
196552,20120504,  109,    0
196552,20120505,   98,    0
196552,20120506,   91,    0
196552,20120507,   98,    0
196552,20120508,  119,    0
196552,20120509,  134,    0
196552,20120510,  162,    0
196552,20120511,  190,    0
196552,20120512,  201,    0
196552,20120513,   81,    0
196552,20120514,   66,    0
196552,20120515,  102,    0
196552,20120516,   79,    0
196552,20120517,   91,    0
196552,20120518,  101,    0
196552,20120519,  108,    0
196552,20120520,   83,    0
196552,20120521,   83,    0
196552,20120522,   97,    0
196552,20120523,  140,    0
196552,20120524,  170,    0
196552,20120525,  141,    0
196552,20120526,  119,    0
196552,20120527,  125,    0
196552,20120528,  127,    0
196552,20120529,  142,    0
196552,20120530,  158,    0
196552,20120531,  164,    0
196552,20120601,  163,    0
196552,20120602,  166,    0
196552,20120603,  164,    0
196552,20120604,  123,    0
196552,20120605,  147,    0
196552,20120606,  154,    0
196552,20120607,  168,    0
196552,20120608,  188,    0
196552,20120609,  177,    0
196552,20120610,  124,    0
196552,20120611,  136,    0
196552,20120612,  118,    0
196552,20120613,  118,    0
196552,20120614,  141,    0
196552,20120615,  171,    0
196552,20120616,  196,    0
196552,20120617,  208,    0
196552,20120618,  217,    0
196552,20120619,  222,    0
196552,20120620,  228,    0
196552,20120621,  208,    0
196552,20120622,  216,    0
196552,20120623,  202,    0
196552,20120624,  205,    0
196552,20120625,  211,    0
196552,20120626,  199,    0
196552,20120627,  205,    0
196552,20120628,  216,    0
196552,20120629,  224,    0
196552,20120630,  241,    0
196552,20120701,  246,    0
196552,20120702,  217,    0
196552,20120703,  188,    0
196552,20120704,  197,    0
196552,20120705,  206,    0
196552,20120706,  201,    0
196552,20120707,  195,    0
196552,20120708,  215,    0
196552,20120709,  221,    0
196552,20120710,  217,    0
196552,20120711,  201,    0
196552,20120712,  197,    0
196552,20120713,  180,    0
196552,20120714,  189,    0
196552,20120715,  170,    0
196552,20120716,  173,    0
196552,20120717,  188,    0
196552,20120718,  219,    0
196552,20120719,  222,    0
196552,20120720,  219,    0
196552,20120721,  188,    0
196552,20120722,  150,    0
196552,20120723,  116,    0
196552,20120724,  160,    0
196552,20120725,  181,    0
196552,20120726,  211,    0
196552,20120727,  233,    0
196552,20120728,  239,    0
196552,20120729,  212,    0
196552,20120730,  216,    0
196552,20120731,  205,    0
196552,20120801,  217,    0
196552,20120802,  229,    0
196552,20120803,  224,    0
196552,20120804,  234,    0
196552,20120805,  228,    0
196552,20120806,  209,    0
196552,20120807,  207,    0
196552,20120808,  217,    0
196552,20120809,  217,    0
196552,20120810,  191,    0
196552,20120811,  192,    0
196552,20120812,  196,    0
196552,20120813,  186,    0
196552,20120814,  188,    0
196552,20120815,  211,    0
196552,20120816,  214,    0
196552,20120817,  216,    0
196552,20120818,  233,    0
196552,20120819,  240,    0
196552,20120820,  248,    0
196552,20120821,  237,    0
196552,20120822,  248,    0
196552,20120823,  250,    0
196552,20120824,  238,    0
196552,20120825,  223,    0
196552,20120826,  174,    0
196552,20120827,  167,    0
196552,20120828,  188,    0
196552,20120829,  201,    0
196552,20120830,  200,    0
196552,20120831,  148,    0
196552,20120901,  114,    0
196552,20120902,  121,    0
196552,20120903,  139,    0
196552,20120904,  129,    0
196552,20120905,  138,    0
196552,20120906,  163,    0
196552,20120907,  170,    0
196552,20120908,  172,    0
196552,20120909,  169,    0
196552,20120910,  153,    0
196552,20120911,  170,    0
196552,20120912,  147,    0
196552,20120913,   89,    0
196552,20120914,  110,    0
196552,20120915,  132,    0
196552,20120916,  123,    0
196552,20120917,  137,    0
196552,20120918,  151,    0
196552,20120919,  137,    0
196552,20120920,  109,    0
196552,20120921,  116,    0
196552,20120922,  146,    0
196552,20120923,  159,    0
196552,20120924,  159,    0
196552,20120925,  152,    0
196552,20120926,  153,    0
196552,20120927,  137,    0
196552,20120928,  145,    0
196552,20120929,  132,    0
196552,20120930,  136,    0
196552,20121001,  121,    0
196552,20121002,  125,    0
196552,20121003,  121,    0
196552,20121004,  127,    0
196552,20121005,  132,    0
196552,20121006,  139,    0
196552,20121007,  138,    0
196552,20121008,  136,    0
196552,20121009,  138,    0
196552,20121010,  117,    0
196552,20121011,  116,    0
196552,20121012,  120,    0
196552,20121013,  107,    0
196552,20121014,  109,    0
196552,20121015,   89,    0
196552,20121016,   77,    0
196552,20121017,  101,    0
196552,20121018,   97,    0
196552,20121019,  103,    0
196552,20121020,  126,    0
196552,20121021,  145,    0
196552,20121022,  145,    0
196552,20121023,  113,    0
196552,20121024,  102,    0
196552,20121025,  119,    0
196552,20121026,  112,    0
196552,20121027,   97,    0
196552,20121028,   12,    0
196552,20121029,    1,    0
196552,20121030,   22,    0
196552,20121031,   25,    0
196552,20121101,   67,    0
196552,20121102,   82,    0
196552,20121103,   86,    0
196552,20121104,  121,    0
196552,20121105,   98,    0
196552,20121106,   65,    0
196552,20121107,   49,    0
196552,20121108,   74,    0
196552,20121109,   84,    0
196552,20121110,   95,    0
196552,20121111,  107,    0
196552,20121112,   82,    0
196552,20121113,   80,    0
196552,20121114,   65,    0
196552,20121115,   31,    0
196552,20121116,   11,    0
196552,20121117,    2,    0
196552,20121118,   13,    0
196552,20121119,   51,    0
196552,20121120,   58,    0
196552,20121121,   49,    0
196552,20121122,   53,    0
196552,20121123,   68,    0
196552,20121124,   73,    0
196552,20121125,   81,    0
196552,20121126,   77,    0
196552,20121127,   86,    0
196552,20121128,   68,    0
196552,20121129,   41,    0
196552,20121130,   11,    0
196552,20121201,   -1,    0
196552,20121202,   -2,    0
196552,20121203,   -5,    0
196552,20121204,   28,    0
196552,20121205,    0,    0
196552,20121206,  -16,    0
196552,20121207,  -26,    0
196552,20121208,  -45,    0
196552,20121209,  -24,    0
196552,20121210,   12,    0
196552,20121211,  -21,    0
196552,20121212,  -43,    0
196552,20121213,  -18,    0
196552,20121214,   10,    0
196552,20121215,   65,    0
196552,20121216,   58,    0
196552,20121217,   31,    0
196552,20121218,   26,    0
196552,20121219,   11,    0
196552,20121220,    6,    0
196552,20121221,   -1,    0
196552,20121222,   38,    0
196552,20121223,   82,    0
196552,20121224,  101,    0
196552,20121225,   70,    0
196552,20121226,   59,    0
196552,20121227,   51,    0
196552,20121228,   47,    0
196552,20121229,   24,    0
196552,20121230,   33,    0
196552,20121231,   21,    0
196552,20130101,   20,    0
196552,20130102,    3,    0
196552,20130103,   26,    0
196552,20130104,   71,    0
196552,20130105,   92,    0
196552,20130106,  102,    0
196552,20130107,   80,    0
196552,20130108,   45,    0
196552,20130109,   35,    0
196552,20130110,   33,    0
196552,20130111,   21,    0
196552,20130112,   21,    0
196552,20130113,   -4,    0
196552,20130114,  -15,    0
196552,20130115,  -12,    0
196552,20130116,  -32,    0
196552,20130117,  -45,    0
196552,20130118,  -33,    0
196552,20130119,   -5,    0
196552,20130120,   20,    0
196552,20130121,   22,    0
196552,20130122,    4,    0
196552,20130123,    0,    0
196552,20130124,   -7,    0
196552,20130125,  -28,    0
196552,20130126,  -33,    0
196552,20130127,    9,    0
196552,20130128,   -7,    0
196552,20130129,   28,    0
196552,20130130,   86,    0
196552,20130131,   96,    0
196552,20130201,   66,    0
196552,20130202,   18,    0
196552,20130203,  -22,    0
196552,20130204,   23,    0
196552,20130205,   30,    0
196552,20130206,    5,    0
196552,20130207,  -31,    0
196552,20130208,  -31,    0
196552,20130209,  -49,    0
196552,20130210,  -51,    0
196552,20130211,  -56,    0
196552,20130212,  -21,    0
196552,20130213,  -27,    0
196552,20130214,   -5,    0
196552,20130215,    0,    0
196552,20130216,   -6,    0
196552,20130217,   -3,    0
196552,20130218,  -23,    0
196552,20130219,   -5,    0
196552,20130220,    8,    0
196552,20130221,  -26,    0
196552,20130222,  -49,    0
196552,20130223,  -61,    0
196552,20130224,  -37,    0
196552,20130225,  -26,    0
196552,20130226,   -5,    0
196552,20130227,   -2,    0
196552,20130228,   13,    0
196552,20130301,   13,    0
196552,20130302,   12,    0
196552,20130303,   41,    0
196552,20130304,   40,    0
196552,20130305,   23,    0
196552,20130306,    9,    0
196552,20130307,   61,    0
196552,20130308,   61,    0
196552,20130309,   53,    0
196552,20130310,   43,    0
196552,20130311,   25,    0
196552,20130312,   38,    0
196552,20130313,   22,    0
196552,20130314,   -2,    0
196552,20130315,  -31,    0
196552,20130316,  -10,    0
196552,20130317,    0,    0
196552,20130318,   31,    0
196552,20130319,   30,    0
196552,20130320,   27,    0
196552,20130321,   44,    0
196552,20130322,   56,    0
196552,20130323,   48,    0
196552,20130324,   18,    0
196552,20130325,   -2,    0
196552,20130326,   -6,    0
196552,20130327,    2,    0
196552,20130328,   28,    0
196552,20130329,   66,    0
196552,20130330,   45,    0
196552,20130331,   43,    0
196552,20130401,   39,    0
196552,20130402,   18,    0
196552,20130403,   40,    0
196552,20130404,   42,    0
196552,20130405,   25,    0
196552,20130406,   60,    0
196552,20130407,   43,    0
196552,20130408,   24,    0
196552,20130409,   47,    0
196552,20130410,   69,    0
196552,20130411,   75,    0
196552,20130412,   83,    0
196552,20130413,   93,    0
196552,20130414,  119,    0
196552,20130415,  133,    0
196552,20130416,  124,    0
196552,20130417,  141,    0
196552,20130418,  153,    0
196552,20130419,  148,    0
196552,20130420,   88,    0
196552,20130421,   74,    0
196552,20130422,   46,    0
196552,20130423,   66,    0
196552,20130424,   98,    0
196552,20130425,  135,    0
196552,20130426,  137,    0
196552,20130427,   94,    0
196552,20130428,  114,    0
196552,20130429,  133,    0
196552,20130430,  144,    0
196552,20130501,  148,    0
196552,20130502,  134,    0
196552,20130503,  135,    0
196552,20130504,  140,    0
196552,20130505,  101,    0
196552,20130506,  111,    0
196552,20130507,  112,    0
196552,20130508,  118,    0
196552,20130509,  145,    0
196552,20130510,  124,    0
196552,20130511,  109,    0
196552,20130512,   87,    0
196552,20130513,  108,    0
196552,20130514,  128,    0
196552,20130515,  111,    0
196552,20130516,  103,    0
196552,20130517,   90,    0
196552,20130518,  101,    0
196552,20130519,   81,    0
196552,20130520,   79,    0
196552,20130521,   86,    0
196552,20130522,  103,    0
196552,20130523,   98,    0
196552,20130524,   53,    0
196552,20130525,   34,    0
196552,20130526,   73,    0
196552,20130527,   80,    0
196552,20130528,   98,    0
196552,20130529,   76,    0
196552,20130530,   50,    0
196552,20130531,   83,    0
196552,20130601,  132,    0
196552,20130602,  154,    0
196552,20130603,  111,    0
196552,20130604,  124,    0
196552,20130605,  124,    0
196552,20130606,  124,    0
196552,20130607,  141,    0
196552,20130608,  151,    0
196552,20130609,  122,    0
196552,20130610,  102,    0
196552,20130611,  149,    0
196552,20130612,  161,    0
196552,20130613,  172,    0
196552,20130614,  191,    0
196552,20130615,  194,    0
196552,20130616,  205,    0
196552,20130617,  221,    0
196552,20130618,  210,    0
196552,20130619,  217,    0
196552,20130620,  207,    0
196552,20130621,  174,    0
196552,20130622,  161,    0
196552,20130623,  162,    0
196552,20130624,  121,    0
196552,20130625,  136,    0
196552,20130626,  118,    0
196552,20130627,  108,    0
196552,20130628,   86,    0
196552,20130629,  119,    0
196552,20130630,  154,    0
196552,20130701,  168,    0
196552,20130702,  178,    0
196552,20130703,  170,    0
196552,20130704,  170,    0
196552,20130705,  196,    0
196552,20130706,  191,    0
196552,20130707,  181,    0
196552,20130708,  177,    0
196552,20130709,  187,    0
196552,20130710,  184,    0
196552,20130711,  175,    0
196552,20130712,  183,    0
196552,20130713,  179,    0
196552,20130714,  180,    0
196552,20130715,  191,    0
196552,20130716,  186,    0
196552,20130717,  185,    0
196552,20130718,  182,    0
196552,20130719,  178,    0
196552,20130720,  188,    0
196552,20130721,  193,    0
196552,20130722,  206,    0
196552,20130723,  208,    0
196552,20130724,  208,    0
196552,20130725,  210,    0
196552,20130726,  223,    0
196552,20130727,  232,    0
196552,20130728,  243,    0
196552,20130729,  189,    0
196552,20130730,  186,    0
196552,20130731,  194,    0
196552,20130801,  206,    0
196552,20130802,  224,    0
196552,20130803,  231,    0
196552,20130804,  246,    0
196552,20130805,  255,    0
196552,20130806,  249,    0
196552,20130807,  254,    0
196552,20130808,  225,    0
196552,20130809,  195,    0
196552,20130810,  184,    0
196552,20130811,  188,    0
196552,20130812,  201,    0
196552,20130813,  208,    0
196552,20130814,  165,    0
196552,20130815,  160,    0
196552,20130816,  177,    0
196552,20130817,  189,    0
196552,20130818,  196,    0
196552,20130819,  192,    0
196552,20130820,  135,    0
196552,20130821,  153,    0
196552,20130822,  171,    0
196552,20130823,  174,    0
196552,20130824,  183,    0
196552,20130825,  153,    0
196552,20130826,  152,    0
196552,20130827,  145,    0
196552,20130828,  145,    0
196552,20130829,  139,    0
196552,20130830,  149,    0
196552,20130831,  157,    0
196552,20130901,  167,    0
196552,20130902,  151,    0
196552,20130903,  182,    0
196552,20130904,  190,    0
196552,20130905,  180,    0
196552,20130906,  174,    0
196552,20130907,  189,    0
196552,20130908,  176,    0
196552,20130909,  161,    0
196552,20130910,  141,    0
196552,20130911,  127,    0
196552,20130912,  115,    0
196552,20130913,  125,    0
196552,20130914,  138,    0
196552,20130915,  123,    0
196552,20130916,  121,    0
196552,20130917,  123,    0
196552,20130918,  125,    0
196552,20130919,  143,    0
196552,20130920,  141,    0
196552,20130921,  140,    0
196552,20130922,  134,    0
196552,20130923,  151,    0
196552,20130924,  161,    0
196552,20130925,  143,    0
196552,20130926,  146,    0
196552,20130927,  160,    0
196552,20130928,  164,    0
196552,20130929,  125,    0
196552,20130930,  108,    0
196552,20131001,  116,    0
196552,20131002,  119,    0
196552,20131003,   96,    0
196552,20131004,   98,    0
196552,20131005,   89,    0
196552,20131006,   95,    0
196552,20131007,  102,    0
196552,20131008,   98,    0
196552,20131009,  107,    0
196552,20131010,  103,    0
196552,20131011,   77,    0
196552,20131012,   81,    0
196552,20131013,   95,    0
196552,20131014,  104,    0
196552,20131015,  114,    0
196552,20131016,  125,    0
196552,20131017,  133,    0
196552,20131018,  127,    0
196552,20131019,  116,    0
196552,20131020,  123,    0
196552,20131021,  135,    0
196552,20131022,  143,    0
196552,20131023,  142,    0
196552,20131024,  133,    0
196552,20131025,  132,    0
196552,20131026,  128,    0
196552,20131027,  139,    0
196552,20131028,  144,    0
196552,20131029,  140,    0
196552,20131030,  125,    0
196552,20131031,   94,    0
196552,20131101,   98,    0
196552,20131102,  115,    0
196552,20131103,  110,    0
196552,20131104,   79,    0
196552,20131105,   85,    0
196552,20131106,  121,    0
196552,20131107,  129,    0
196552,20131108,  118,    0
196552,20131109,  104,    0
196552,20131110,   65,    0
196552,20131111,   43,    0
196552,20131112,   49,    0
196552,20131113,   70,    0
196552,20131114,   72,    0
196552,20131115,   55,    0
196552,20131116,   49,    0
196552,20131117,   50,    0
196552,20131118,   52,    0
196552,20131119,   59,    0
196552,20131120,   33,    0
196552,20131121,    3,    0
196552,20131122,    2,    0
196552,20131123,    0,    0
196552,20131124,   11,    0
196552,20131125,   -4,    0
196552,20131126,  -48,    0
196552,20131127,  -43,    0
196552,20131128,  -34,    0
196552,20131129,    6,    0
196552,20131130,    3,    0
196552,20131201,   -2,    0
196552,20131202,    0,    0
196552,20131203,   16,    0
196552,20131204,   67,    0
196552,20131205,   65,    0
196552,20131206,   75,    0
196552,20131207,   48,    0
196552,20131208,   34,    0
196552,20131209,   61,    0
196552,20131210,   61,    0
196552,20131211,   54,    0
196552,20131212,   34,    0
196552,20131213,   38,    0
196552,20131214,   41,    0
196552,20131215,   30,    0
196552,20131216,   64,    0
196552,20131217,   55,    0
196552,20131218,   44,    0
196552,20131219,   38,    0
196552,20131220,   46,    0
196552,20131221,   66,    0
196552,20131222,   59,    0
196552,20131223,   49,    0
196552,20131224,   51,    0
196552,20131225,   57,    0
196552,20131226,   36,    0
196552,20131227,   30,    0
196552,20131228,   37,    0
196552,20131229,   42,    0
196552,20131230,    7,    0
196552,20131231,    0,    0
196552,20140101,   12,    0
196552,20140102,   42,    0
196552,20140103,   66,    0
196552,20140104,   75,    0
196552,20140105,   48,    0
196552,20140106,   43,    0
196552,20140107,   55,    0
196552,20140108,   50,    0
196552,20140109,   59,    0
196552,20140110,   61,    0
196552,20140111,   52,    0
196552,20140112,   45,    0
196552,20140113,   40,    0
196552,20140114,   37,    0
196552,20140115,   26,    0
196552,20140116,   34,    0
196552,20140117,   54,    0
196552,20140118,   51,    0
196552,20140119,   55,    0
196552,20140120,   45,    0
196552,20140121,   42,    0
196552,20140122,   35,    0
196552,20140123,   24,    0
196552,20140124,   -2,    0
196552,20140125,    0,    0
196552,20140126,   21,    0
196552,20140127,    5,    0
196552,20140128,  -32,    0
196552,20140129,  -15,    0
196552,20140130,    7,    0
196552,20140131,   30,    0
196552,20140201,   32,    0
196552,20140202,   21,    0
196552,20140203,   22,    0
196552,20140204,   38,    0
196552,20140205,   21,    0
196552,20140206,   24,    0
196552,20140207,   42,    0
196552,20140208,   35,    0
196552,20140209,   42,    0
196552,20140210,   28,    0
196552,20140211,   32,    0
196552,20140212,   25,    0
196552,20140213,   39,    0
196552,20140214,   51,    0
196552,20140215,   64,    0
196552,20140216,   83,    0
196552,20140217,   58,    0
196552,20140218,   46,    0
196552,20140219,   55,    0
196552,20140220,   36,    0
196552,20140221,   39,    0
196552,20140222,   20,    0
196552,20140223,   21,    0
196552,20140224,   25,    0
196552,20140225,   32,    0
196552,20140226,   32,    0
196552,20140227,   22,    0
196552,20140228,   20,    0
196552,20140301,    5,    0
196552,20140302,    2,    0
196552,20140303,   18,    0
196552,20140304,    0,    0
196552,20140305,   22,    0
196552,20140306,   38,    0
196552,20140307,   51,    0
196552,20140308,   37,    0
196552,20140309,   42,    0
196552,20140310,   28,    0
196552,20140311,   29,    0
196552,20140312,   46,    0
196552,20140313,   73,    0
196552,20140314,   84,    0
196552,20140315,   95,    0
196552,20140316,  112,    0
196552,20140317,  138,    0
196552,20140318,  113,    0
196552,20140319,  109,    0
196552,20140320,  104,    0
196552,20140321,   96,    0
196552,20140322,   69,    0
196552,20140323,   30,    0
196552,20140324,   10,    0
196552,20140325,   20,    0
196552,20140326,    8,    0
196552,20140327,   22,    0
196552,20140328,   65,    0
196552,20140329,   77,    0
196552,20140330,   95,    0
196552,20140331,   94,    0
196552,20140401,   79,    0
196552,20140402,   87,    0
196552,20140403,  100,    0
196552,20140404,   65,    0
196552,20140405,   64,    0
196552,20140406,   94,    0
196552,20140407,  125,    0
196552,20140408,  115,    0
196552,20140409,  100,    0
196552,20140410,  107,    0
196552,20140411,  119,    0
196552,20140412,  101,    0
196552,20140413,   99,    0
196552,20140414,  106,    0
196552,20140415,   58,    0
196552,20140416,   42,    0
196552,20140417,   61,    0
196552,20140418,   83,    0
196552,20140419,   50,    0
196552,20140420,   84,    0
196552,20140421,   74,    0
196552,20140422,   95,    0
196552,20140423,  114,    0
196552,20140424,  125,    0
196552,20140425,  117,    0
196552,20140426,  117,    0
196552,20140427,   81,    0
196552,20140428,   66,    0
196552,20140429,   90,    0
196552,20140430,   79,    0
196552,20140501,   94,    0
196552,20140502,   75,    0
196552,20140503,   72,    0
196552,20140504,   88,    0
196552,20140505,  107,    0
196552,20140506,  122,    0
196552,20140507,  105,    0
196552,20140508,  116,    0
196552,20140509,  146,    0
196552,20140510,  154,    0
196552,20140511,  114,    0
196552,20140512,  105,    0
196552,20140513,   64,    0
196552,20140514,   87,    0
196552,20140515,   89,    0
196552,20140516,  107,    0
196552,20140517,  106,    0
196552,20140518,  112,    0
196552,20140519,  104,    0
196552,20140520,  126,    0
196552,20140521,  156,    0
196552,20140522,  165,    0
196552,20140523,  133,    0
196552,20140524,  131,    0
196552,20140525,  144,    0
196552,20140526,  127,    0
196552,20140527,   94,    0
196552,20140528,  106,    0
196552,20140529,  106,    0
196552,20140530,  119,    0
196552,20140531,  100,    0
196552,20140601,  117,    0
196552,20140602,  113,    0
196552,20140603,  125,    0
196552,20140604,  132,    0
196552,20140605,  144,    0
196552,20140606,  174,    0
196552,20140607,  182,    0
196552,20140608,  208,    0
196552,20140609,  212,    0
196552,20140610,  203,    0
196552,20140611,  212,    0
196552,20140612,  204,    0
196552,20140613,  180,    0
196552,20140614,  172,    0
196552,20140615,  114,    0
196552,20140616,  100,    0
196552,20140617,  116,    0
196552,20140618,  121,    0
196552,20140619,  150,    0
196552,20140620,  162,    0
196552,20140621,  169,    0
196552,20140622,  180,    0
196552,20140623,  186,    0
196552,20140624,  196,    0
196552,20140625,  151,    0
196552,20140626,  145,    0
196552,20140627,  163,    0
196552,20140628,  173,    0
196552,20140629,  163,    0
196552,20140630,  150,    0
196552,20140701,  162,    0
196552,20140702,  170,    0
196552,20140703,  175,    0
196552,20140704,  170,    0
196552,20140705,  173,    0
196552,20140706,  188,    0
196552,20140707,  185,    0
196552,20140708,  129,    0
196552,20140709,  120,    0
196552,20140710,  125,    0
196552,20140711,  151,    0
196552,20140712,  141,    0
196552,20140713,  145,    0
196552,20140714,  145,    0
196552,20140715,  168,    0
196552,20140716,  189,    0
196552,20140717,  199,    0
196552,20140718,  203,    0
196552,20140719,  213,    0
196552,20140720,  212,    0
196552,20140721,  138,    0
196552,20140722,  154,    0
196552,20140723,  174,    0
196552,20140724,  156,    0
196552,20140725,  170,    0
196552,20140726,  159,    0
196552,20140727,  154,    0
196552,20140728,  174,    0
196552,20140729,  143,    0
196552,20140730,  131,    0
196552,20140731,  188,    0
196552,20140801,  192,    0
196552,20140802,  184,    0
196552,20140803,  171,    0
196552,20140804,  183,    0
196552,20140805,  169,    0
196552,20140806,  176,    0
196552,20140807,  170,    0
196552,20140808,  185,    0
196552,20140809,  193,    0
196552,20140810,  206,    0
196552,20140811,  205,    0
196552,20140812,  198,    0
196552,20140813,  176,    0
196552,20140814,  148,    0
196552,20140815,  139,    0
196552,20140816,  123,    0
196552,20140817,  140,    0
196552,20140818,  150,    0
196552,20140819,  157,    0
196552,20140820,  168,    0
196552,20140821,  158,    0
196552,20140822,  159,    0
196552,20140823,  143,    0
196552,20140824,  148,    0
196552,20140825,  146,    0
196552,20140826,  156,    0
196552,20140827,  173,    0
196552,20140828,  164,    0
196552,20140829,  171,    0
196552,20140830,  175,    0
196552,20140831,  171,    0
196552,20140901,  120,    0
196552,20140902,  130,    0
196552,20140903,  118,    0
196552,20140904,  134,    0
196552,20140905,  140,    0
196552,20140906,  158,    0
196552,20140907,  153,    0
196552,20140908,  166,    0
196552,20140909,  173,    0
196552,20140910,  152,    0
196552,20140911,  135,    0
196552,20140912,  112,    0
196552,20140913,  127,    0
196552,20140914,  135,    0
196552,20140915,  146,    0
196552,20140916,  140,    0
196552,20140917,  138,    0
196552,20140918,  144,    0
196552,20140919,  152,    0
196552,20140920,  169,    0
196552,20140921,  165,    0
196552,20140922,  155,    0
196552,20140923,  107,    0
196552,20140924,  104,    0
196552,20140925,  110,    0
196552,20140926,  116,    0
196552,20140927,  146,    0
196552,20140928,  144,    0
196552,20140929,  137,    0
196552,20140930,  139,    0
196552,20141001,  126,    0
196552,20141002,  119,    0
196552,20141003,  115,    0
196552,20141004,  105,    0
196552,20141005,  103,    0
196552,20141006,  103,    0
196552,20141007,  126,    0
196552,20141008,  146,    0
196552,20141009,  156,    0
196552,20141010,  165,    0
196552,20141011,  150,    0
196552,20141012,  154,    0
196552,20141013,  150,    0
196552,20141014,  141,    0
196552,20141015,  144,    0
196552,20141016,  143,    0
196552,20141017,  155,    0
196552,20141018,  155,    0
196552,20141019,  140,    0
196552,20141020,  137,    0
196552,20141021,  151,    0
196552,20141022,   77,    0
196552,20141023,   89,    0
196552,20141024,  105,    0
196552,20141025,   72,    0
196552,20141026,   59,    0
196552,20141027,   55,    0
196552,20141028,   43,    0
196552,20141029,   53,    0
196552,20141030,   68,    0
196552,20141031,   81,    0
196552,20141101,   95,    0
196552,20141102,   98,    0
196552,20141103,   92,    0
196552,20141104,  107,    0
196552,20141105,  108,    0
196552,20141106,   78,    0
196552,20141107,   84,    0
196552,20141108,   91,    0
196552,20141109,   92,    0
196552,20141110,  102,    0
196552,20141111,   96,    0
196552,20141112,   91,    0
196552,20141113,   84,    0
196552,20141114,   89,    0
196552,20141115,   89,    0
196552,20141116,   67,    0
196552,20141117,   44,    0
196552,20141118,   51,    0
196552,20141119,   52,    0
196552,20141120,   58,    0
196552,20141121,   70,    0
196552,20141122,   77,    0
196552,20141123,   99,    0
196552,20141124,  107,    0
196552,20141125,  102,    0
196552,20141126,   68,    0
196552,20141127,   78,    0
196552,20141128,   69,    0
196552,20141129,   71,    0
196552,20141130,   81,    0
196552,20141201,   74,    0
196552,20141202,   57,    0
196552,20141203,   46,    0
196552,20141204,   46,    0
196552,20141205,   48,    0
196552,20141206,   48,    0
196552,20141207,   28,    0
196552,20141208,   30,    0
196552,20141209,    6,    0
196552,20141210,   16,    0
196552,20141211,   31,    0
196552,20141212,   50,    0
196552,20141213,   60,    0
196552,20141214,   69,    0
196552,20141215,   64,    0
196552,20141216,   42,    0
196552,20141217,   54,    0
196552,20141218,   61,    0
196552,20141219,   82,    0
196552,20141220,   78,    0
196552,20141221,   61,    0
196552,20141222,   82,    0
196552,20141223,   79,    0
196552,20141224,   47,    0
196552,20141225,   49,    0
196552,20141226,   10,    0
196552,20141227,  -19,    0
196552,20141228,  -39,    0
196552,20141229,  -34,    0
196552,20141230,  -52,    0
196552,20141231,  -81,    0
196552,20150101,  -22,    0
196552,20150102,   79,    0
196552,20150103,   88,    0
196552,20150104,   78,    0
196552,20150105,   39,    0
196552,20150106,   44,    0
196552,20150107,   13,    0
196552,20150108,   34,    0
196552,20150109,   73,    0
196552,20150110,  142,    0
196552,20150111,   73,    0
196552,20150112,   52,    0
196552,20150113,   45,    0
196552,20150114,   45,    0
196552,20150115,   52,    0
196552,20150116,   60,    0
196552,20150117,   41,    0
196552,20150118,   16,    0
196552,20150119,    0,    0
196552,20150120,   -1,    0
196552,20150121,    4,    0
196552,20150122,    8,    0
196552,20150123,   16,    0
196552,20150124,   12,    0
196552,20150125,   -7,    0
196552,20150126,  -24,    0
196552,20150127,  -19,    0
196552,20150128,  -16,    0
196552,20150129,    9,    0
196552,20150130,    0,    0
196552,20150131,   -5,    0
196552,20150201,  -15,    0
196552,20150202,  -14,    0
196552,20150203,  -11,    0
196552,20150204,   -8,    0
196552,20150205,  -28,    0
196552,20150206,  -33,    0
196552,20150207,  -35,    0
196552,20150208,  -11,    0
196552,20150209,  -11,    0
196552,20150210,   60,    0
196552,20150211,   58,    0
196552,20150212,   44,    0
196552,20150213,   31,    0
196552,20150214,   17,    0
196552,20150215,   17,    0
196552,20150216,   12,    0
196552,20150217,   19,    0
196552,20150218,   -3,    0
196552,20150219,   15,    0
196552,20150220,   16,    0
196552,20150221,   13,    0
196552,20150222,    7,    0
196552,20150223,   35,    0
196552,20150224,    6,    0
196552,20150225,    0,    0
196552,20150226,    4,    0
196552,20150227,   17,    0
196552,20150228,   22,    0
196552,20150301,   32,    0
196552,20150302,   65,    0
196552,20150303,   57,    0
196552,20150304,   36,    0
196552,20150305,   -9,    0
196552,20150306,    0,    0
196552,20150307,    3,    0
196552,20150308,   11,    0
196552,20150309,   16,    0
196552,20150310,   45,    0
196552,20150311,   71,    0
196552,20150312,   25,    0
196552,20150313,   36,    0
196552,20150314,   33,    0
196552,20150315,   12,    0
196552,20150316,   20,    0
196552,20150317,   25,    0
196552,20150318,   53,    0
196552,20150319,   63,    0
196552,20150320,   62,    0
196552,20150321,   51,    0
196552,20150322,   31,    0
196552,20150323,   49,    0
196552,20150324,   58,    0
196552,20150325,   47,    0
196552,20150326,   55,    0
196552,20150327,   55,    0
196552,20150328,   76,    0
196552,20150329,  100,    0
196552,20150330,  103,    0
196552,20150331,  116,    0
196552,20150401,   82,    0
196552,20150402,   81,    0
196552,20150403,   79,    0
196552,20150404,   19,    0
196552,20150405,    4,    0
196552,20150406,    6,    0
196552,20150407,   13,    0
196552,20150408,   60,    0
196552,20150409,   98,    0
196552,20150410,  107,    0
196552,20150411,   85,    0
196552,20150412,  106,    0
196552,20150413,  131,    0
196552,20150414,  135,    0
196552,20150415,  141,    0
196552,20150416,  134,    0
196552,20150417,   91,    0
196552,20150418,   90,    0
196552,20150419,   39,    0
196552,20150420,   80,    0
196552,20150421,  117,    0
196552,20150422,  132,    0
196552,20150423,  106,    0
196552,20150424,  117,    0
196552,20150425,  110,    0
196552,20150426,  114,    0
196552,20150427,   82,    0
196552,20150428,   94,    0
196552,20150429,   96,    0
196552,20150430,   83,    0
196552,20150501,   86,    0
196552,20150502,  120,    0
196552,20150503,  130,    0
196552,20150504,  162,    0
196552,20150505,  178,    0
196552,20150506,  164,    0
196552,20150507,  157,    0
196552,20150508,  154,    0
196552,20150509,  136,    0
196552,20150510,  155,    0
196552,20150511,  170,    0
196552,20150512,  176,    0
196552,20150513,  173,    0
196552,20150514,  162,    0
196552,20150515,  111,    0
196552,20150516,  109,    0
196552,20150517,  146,    0
196552,20150518,  163,    0
196552,20150519,  154,    0
196552,20150520,  105,    0
196552,20150521,   80,    0
196552,20150522,   60,    0
196552,20150523,   74,    0
196552,20150524,   91,    0
196552,20150525,  111,    0
196552,20150526,  101,    0
196552,20150527,  100,    0
196552,20150528,  125,    0
196552,20150529,  140,    0
196552,20150530,  148,    0
196552,20150531,  154,    0
196552,20150601,  165,    0
196552,20150602,  158,    0
196552,20150603,  182,    0
196552,20150604,  196,    0
196552,20150605,  201,    0
196552,20150606,  204,    0
196552,20150607,  197,    0
196552,20150608,  186,    0
196552,20150609,  162,    0
196552,20150610,  168,    0
196552,20150611,  168,    0
196552,20150612,  175,    0
196552,20150613,  193,    0
196552,20150614,  160,    0
196552,20150615,  158,    0
196552,20150616,  155,    0
196552,20150617,  123,    0
196552,20150618,  163,    0
196552,20150619,  166,    0
196552,20150620,  143,    0
196552,20150621,  145,    0
196552,20150622,  157,    0
196552,20150623,  161,    0
196552,20150624,  129,    0
196552,20150625,  146,    0
196552,20150626,  165,    0
196552,20150627,  181,    0
196552,20150628,  195,    0
196552,20150629,  194,    0
196552,20150630,  195,    0
196552,20150701,  207,    0
196552,20150702,  227,    0
196552,20150703,  231,    0
196552,20150704,  237,    0
196552,20150705,  245,    0
196552,20150706,  254,    0
196552,20150707,  253,    0
196552,20150708,  228,    0
196552,20150709,  201,    0
196552,20150710,  185,    0
196552,20150711,  203,    0
196552,20150712,  223,    0
196552,20150713,  223,    0
196552,20150714,  227,    0
196552,20150715,  237,    0
196552,20150716,  244,    0
196552,20150717,  238,    0
196552,20150718,  241,    0
196552,20150719,  237,    0
196552,20150720,  241,    0
196552,20150721,  241,    0
196552,20150722,  250,    0
196552,20150723,  234,    0
196552,20150724,  224,    0
196552,20150725,  194,    0
196552,20150726,  202,    0
196552,20150727,  191,    0
196552,20150728,  194,    0
196552,20150729,  197,    0
196552,20150730,  203,    0
196552,20150731,  184,    0
196552,20150801,  180,    0
196552,20150802,  173,    0
196552,20150803,  201,    0
196552,20150804,  217,    0
196552,20150805,  222,    0
196552,20150806,  227,    0
196552,20150807,  231,    0
196552,20150808,  235,    0
196552,20150809,  199,    0
196552,20150810,  161,    0
196552,20150811,  187,    0
196552,20150812,  210,    0
196552,20150813,  224,    0
196552,20150814,  206,    0
196552,20150815,  179,    0
196552,20150816,  153,    0
196552,20150817,  158,    0
196552,20150818,  163,    0
196552,20150819,  140,    0
196552,20150820,  158,    0
196552,20150821,  151,    0
196552,20150822,  159,    0
196552,20150823,  165,    0
196552,20150824,  169,    0
196552,20150825,  172,    0
196552,20150826,  171,    0
196552,20150827,  188,    0
196552,20150828,  202,    0
196552,20150829,  207,    0
196552,20150830,  208,    0
196552,20150831,  204,    0
196552,20150901,  202,    0
196552,20150902,  186,    0
196552,20150903,  167,    0
196552,20150904,  174,    0
196552,20150905,  143,    0
196552,20150906,  133,    0
196552,20150907,  133,    0
196552,20150908,  123,    0
196552,20150909,  115,    0
196552,20150910,  119,    0
196552,20150911,  132,    0
196552,20150912,  146,    0
196552,20150913,  147,    0
196552,20150914,  171,    0
196552,20150915,  153,    0
196552,20150916,  186,    0
196552,20150917,  186,    0
196552,20150918,  163,    0
196552,20150919,  140,    0
196552,20150920,  117,    0
196552,20150921,  133,    0
196552,20150922,  128,    0
196552,20150923,  108,    0
196552,20150924,   79,    0
196552,20150925,  120,    0
196552,20150926,  119,    0
196552,20150927,   99,    0
196552,20150928,   86,    0
196552,20150929,   69,    0
196552,20150930,   67,    0
196552,20151001,   55,    0
196552,20151002,   85,    0
196552,20151003,  119,    0
196552,20151004,  128,    0
196552,20151005,  141,    0
196552,20151006,  139,    0
196552,20151007,  130,    0
196552,20151008,  114,    0
196552,20151009,  110,    0
196552,20151010,   84,    0
196552,20151011,  101,    0
196552,20151012,  107,    0
196552,20151013,  117,    0
196552,20151014,  109,    0
196552,20151015,   70,    0
196552,20151016,   51,    0
196552,20151017,   59,    0
196552,20151018,   81,    0
196552,20151019,   79,    0
196552,20151020,   54,    0
196552,20151021,   48,    0
196552,20151022,   48,    0
196552,20151023,   71,    0
196552,20151024,   93,    0
196552,20151025,  113,    0
196552,20151026,   97,    0
196552,20151027,   86,    0
196552,20151028,   84,    0
196552,20151029,   75,    0
196552,20151030,   85,    0
196552,20151031,   64,    0
196552,20151101,   50,    0
196552,20151102,   57,    0
196552,20151103,   96,    0
196552,20151104,  117,    0
196552,20151105,  110,    0
196552,20151106,  110,    0
196552,20151107,  132,    0
196552,20151108,  158,    0
196552,20151109,  151,    0
196552,20151110,  165,    0
196552,20151111,  131,    0
196552,20151112,  113,    0
196552,20151113,  106,    0
196552,20151114,   95,    0
196552,20151115,  129,    0
196552,20151116,  131,    0
196552,20151117,  114,    0
196552,20151118,  113,    0
196552,20151119,   95,    0
196552,20151120,   97,    0
196552,20151121,   49,    0
196552,20151122,  -10,    0
196552,20151123,  -12,    0
196552,20151124,  -13,    0
196552,20151125,  -11,    0
196552,20151126,  -12,    0
196552,20151127,   -2,    0
196552,20151128,   17,    0
196552,20151129,   48,    0
196552,20151130,   77,    0
196552,20151201,   99,    0
196552,20151202,   90,    0
196552,20151203,   69,    0
196552,20151204,   41,    0
196552,20151205,   42,    0
196552,20151206,   47,    0
196552,20151207,   55,    0
196552,20151208,   48,    0
196552,20151209,   47,    0
196552,20151210,   34,    0
196552,20151211,   61,    0
196552,20151212,   59,    0
196552,20151213,   61,    0
196552,20151214,   49,    0
196552,20151215,   47,    0
196552,20151216,   47,    0
196552,20151217,   57,    0
196552,20151218,   52,    0
196552,20151219,   58,    0
196552,20151220,   68,    0
196552,20151221,   65,    0
196552,20151222,   78,    0
196552,20151223,   70,    0
196552,20151224,   64,    0
196552,20151225,   51,    0
196552,20151226,   52,    0
196552,20151227,   70,    0
196552,20151228,   73,    0
196552,20151229,   53,    0
196552,20151230,   24,    0
196552,20151231,  -10,    0
196552,20160101,   10,    0
196552,20160102,    8,    0
196552,20160103,    6,    0
196552,20160104,   34,    0
196552,20160105,   39,    0
196552,20160106,    5,    0
196552,20160107,   25,    0
196552,20160108,   74,    0
196552,20160109,   80,    0
196552,20160110,   73,    0
196552,20160111,   64,    0
196552,20160112,   42,    0
196552,20160113,   27,    0
196552,20160114,    4,    0
196552,20160115,  -21,    0
196552,20160116,  -27,    0
196552,20160117,  -37,    0
196552,20160118,  -56,    0
196552,20160119,  -50,    0
196552,20160120,  -29,    0
196552,20160121,  -17,    0
196552,20160122,  -27,    0
196552,20160123,   10,    0
196552,20160124,   49,    0
196552,20160125,   74,    0
196552,20160126,   73,    0
196552,20160127,   65,    0
196552,20160128,   65,    0
196552,20160129,   64,    0
196552,20160130,   58,    0
196552,20160131,   62,    0
196552,20160201,  135,    0
196552,20160202,   85,    0
196552,20160203,   45,    0
196552,20160204,   24,    0
196552,20160205,   68,    0
196552,20160206,   53,    0
196552,20160207,   54,    0
196552,20160208,   57,    0
196552,20160209,   55,    0
196552,20160210,   29,    0
196552,20160211,   13,    0
196552,20160212,   10,    0
196552,20160213,   33,    0
196552,20160214,   47,    0
196552,20160215,    2,    0
196552,20160216,    3,    0
196552,20160217,    7,    0
196552,20160218,   28,    0
196552,20160219,   16,    0
196552,20160220,   29,    0
196552,20160221,   67,    0
196552,20160222,   84,    0
196552,20160223,   66,    0
196552,20160224,   53,    0
196552,20160225,   38,    0
196552,20160226,   18,    0
196552,20160227,    9,    0
196552,20160228,   32,    0
196552,20160229,   28,    0
196552,20160301,   43,    0
196552,20160302,   54,    0
196552,20160303,   -2,    0
196552,20160304,   21,    0
196552,20160305,   32,    0
196552,20160306,   11,    0
196552,20160307,    5,    0
196552,20160308,  -10,    0
196552,20160309,   -7,    0
196552,20160310,   15,    0
196552,20160311,   10,    0
196552,20160312,   25,    0
196552,20160313,   14,    0
196552,20160314,   11,    0
196552,20160315,   24,    0
196552,20160316,    0,    0
196552,20160317,   10,    0
196552,20160318,   47,    0
196552,20160319,   72,    0
196552,20160320,   64,    0
196552,20160321,   49,    0
196552,20160322,   48,    0
196552,20160323,   21,    0
196552,20160324,   49,    0
196552,20160325,   55,    0
196552,20160326,   68,    0
196552,20160327,   78,    0
196552,20160328,   66,    0
196552,20160329,   85,    0
196552,20160330,   86,    0
196552,20160331,  113,    0
196552,20160401,  108,    0
196552,20160402,  100,    0
196552,20160403,  124,    0
196552,20160404,  118,    0
196552,20160405,  130,    0
196552,20160406,  143,    0
196552,20160407,  140,    0
196552,20160408,  100,    0
196552,20160409,   73,    0
196552,20160410,   96,    0
196552,20160411,   99,    0
196552,20160412,  107,    0
196552,20160413,  113,    0
196552,20160414,  107,    0
196552,20160415,  105,    0
196552,20160416,  108,    0
196552,20160417,  112,    0
196552,20160418,  102,    0
196552,20160419,   81,    0
196552,20160420,  108,    0
196552,20160421,  114,    0
196552,20160422,   94,    0
196552,20160423,   83,    0
196552,20160424,   52,    0
196552,20160425,   30,    0
196552,20160426,   40,    0
196552,20160427,   56,    0
196552,20160428,   67,    0
196552,20160429,   78,    0
196552,20160430,   82,    0
196552,20160501,   56,    0
196552,20160502,   57,    0
196552,20160503,   93,    0
196552,20160504,   98,    0
196552,20160505,   87,    0
196552,20160506,  107,    0
196552,20160507,  104,    0
196552,20160508,  110,    0
196552,20160509,  116,    0
196552,20160510,  128,    0
196552,20160511,  114,    0
196552,20160512,   87,    0
196552,20160513,   84,    0
196552,20160514,  109,    0
196552,20160515,   94,    0
196552,20160516,   80,    0
196552,20160517,   94,    0
196552,20160518,  106,    0
196552,20160519,   75,    0
196552,20160520,  104,    0
196552,20160521,  152,    0
196552,20160522,  159,    0
196552,20160523,   87,    0
196552,20160524,  109,    0
196552,20160525,  134,    0
196552,20160526,  162,    0
196552,20160527,  176,    0
196552,20160528,  185,    0
196552,20160529,  128,    0
196552,20160530,  110,    0
196552,20160531,  105,    0
196552,20160601,  105,    0
196552,20160602,  115,    0
196552,20160603,  113,    0
196552,20160604,  123,    0
196552,20160605,  131,    0
196552,20160606,  134,    0
196552,20160607,  158,    0
196552,20160608,  146,    0
196552,20160609,  129,    0
196552,20160610,  140,    0
196552,20160611,  147,    0
196552,20160612,  136,    0
196552,20160613,  138,    0
196552,20160614,  131,    0
196552,20160615,  132,    0
196552,20160616,  171,    0
196552,20160617,  125,    0
196552,20160618,  134,    0
196552,20160619,  112,    0
196552,20160620,  141,    0
196552,20160621,  176,    0
196552,20160622,  190,    0
196552,20160623,  205,    0
196552,20160624,  219,    0
196552,20160625,  217,    0
196552,20160626,  204,    0
196552,20160627,  181,    0
196552,20160628,  180,    0
196552,20160629,  192,    0
196552,20160630,  197,    0
196552,20160701,  201,    0
196552,20160702,  202,    0
196552,20160703,  199,    0
196552,20160704,  188,    0
196552,20160705,  203,    0
196552,20160706,  200,    0
196552,20160707,  206,    0
196552,20160708,  206,    0
196552,20160709,  208,    0
196552,20160710,  209,    0
196552,20160711,  225,    0
196552,20160712,  222,    0
196552,20160713,  174,    0
196552,20160714,  151,    0
196552,20160715,  120,    0
196552,20160716,  147,    0
196552,20160717,  186,    0
196552,20160718,  211,    0
196552,20160719,  218,    0
196552,20160720,  225,    0
196552,20160721,  217,    0
196552,20160722,  213,    0
196552,20160723,  187,    0
196552,20160724,  181,    0
196552,20160725,  200,    0
196552,20160726,  193,    0
196552,20160727,  188,    0
196552,20160728,  186,    0
196552,20160729,  204,    0
196552,20160730,  206,    0
196552,20160731,  207,    0
196552,20160801,  181,    0
196552,20160802,  183,    0
196552,20160803,  201,    0
196552,20160804,  215,    0
196552,20160805,  165,    0
196552,20160806,  151,    0
196552,20160807,  168,    0
196552,20160808,  184,    0
196552,20160809,  198,    0
196552,20160810,  155,    0
196552,20160811,  126,    0
196552,20160812,  146,    0
196552,20160813,  177,    0
196552,20160814,  199,    0
196552,20160815,  204,    0
196552,20160816,  196,    0
196552,20160817,  186,    0
196552,20160818,  182,    0
196552,20160819,  181,    0
196552,20160820,  198,    0
196552,20160821,  190,    0
196552,20160822,  158,    0
196552,20160823,  170,    0
196552,20160824,  180,    0
196552,20160825,  183,    0
196552,20160826,  186,    0
196552,20160827,  194,    0
196552,20160828,  201,    0
196552,20160829,  205,    0
196552,20160830,  165,    0
196552,20160831,  168,    0
196552,20160901,  183,    0
196552,20160902,  188,    0
196552,20160903,  193,    0
196552,20160904,  199,    0
196552,20160905,  189,    0
196552,20160906,  152,    0
196552,20160907,  135,    0
196552,20160908,  159,    0
196552,20160909,  171,    0
196552,20160910,  176,    0
196552,20160911,  170,    0
196552,20160912,  170,    0
196552,20160913,  166,    0
196552,20160914,  170,    0
196552,20160915,  154,    0
196552,20160916,  127,    0
196552,20160917,  129,    0
196552,20160918,  107,    0
196552,20160919,  126,    0
196552,20160920,  142,    0
196552,20160921,  120,    0
196552,20160922,  119,    0
196552,20160923,  124,    0
196552,20160924,  121,    0
196552,20160925,  124,    0
196552,20160926,  124,    0
196552,20160927,  125,    0
196552,20160928,  135,    0
196552,20160929,  140,    0
196552,20160930,  130,    0
196552,20161001,  131,    0
196552,20161002,  138,    0
196552,20161003,  128,    0
196552,20161004,   97,    0
196552,20161005,   99,    0
196552,20161006,   69,    0
196552,20161007,   73,    0
196552,20161008,   82,    0
196552,20161009,   70,    0
196552,20161010,   41,    0
196552,20161011,   26,    0
196552,20161012,   49,    0
196552,20161013,   47,    0
196552,20161014,   83,    0
196552,20161015,  111,    0
196552,20161016,  112,    0
196552,20161017,  113,    0
196552,20161018,  107,    0
196552,20161019,  100,    0
196552,20161020,   83,    0
196552,20161021,   65,    0
196552,20161022,   61,    0
196552,20161023,   81,    0
196552,20161024,  128,    0
196552,20161025,  151,    0
196552,20161026,  133,    0
196552,20161027,   85,    0
196552,20161028,   81,    0
196552,20161029,  117,    0
196552,20161030,  119,    0
196552,20161031,   83,    0
196552,20161101,   99,    0
196552,20161102,  104,    0
196552,20161103,   85,    0
196552,20161104,   84,    0
196552,20161105,  104,    0
196552,20161106,   82,    0
196552,20161107,   41,    0
196552,20161108,   25,    0
196552,20161109,   15,    0
196552,20161110,   39,    0
196552,20161111,   33,    0
196552,20161112,   16,    0
196552,20161113,   36,    0
196552,20161114,   16,    0
196552,20161115,   14,    0
196552,20161116,   67,    0
196552,20161117,   76,    0
196552,20161118,   97,    0
196552,20161119,   87,    0
196552,20161120,   94,    0
196552,20161121,  100,    0
196552,20161122,  104,    0
196552,20161123,  103,    0
196552,20161124,   96,    0
196552,20161125,   81,    0
196552,20161126,   60,    0
196552,20161127,   48,    0
196552,20161128,   24,    0
196552,20161129,  -40,    0
196552,20161130,   24,    0
196552,20161201,   82,    0
196552,20161202,   69,    0
196552,20161203,   22,    0
196552,20161204,   26,    0
196552,20161205,   30,    0
196552,20161206,   33,    0
196552,20161207,   30,    0
196552,20161208,   67,    0
196552,20161209,   71,    0
196552,20161210,   77,    0
196552,20161211,   61,    0
196552,20161212,   46,    0
196552,20161213,   43,    0
196552,20161214,   42,    0
196552,20161215,   25,    0
196552,20161216,  -12,    0
196552,20161217,   -8,    0
196552,20161218,   12,    0
196552,20161219,    2,    0
196552,20161220,   18,    0
196552,20161221,   26,    0
196552,20161222,   49,    0
196552,20161223,   60,    0
196552,20161224,   75,    0
196552,20161225,   98,    0
196552,20161226,  114,    0
196552,20161227,   84,    0
196552,20161228,   66,    0
196552,20161229,   -5,    0
196552,20161230,   -9,    0
196552,20161231,   38,    0
196552,20170101,   43,    0
196552,20170102,   40,    0
196552,20170103,  -10,    0
196552,20170104,   20,    0
196552,20170105,  -22,    0
196552,20170106,  -71,    0
196552,20170107,  -68,    0
196552,20170108,  -44,    0
196552,20170109,  -11,    0
196552,20170110,  -51,    0
196552,20170111,  -43,    0
196552,20170112,   33,    0
196552,20170113,   12,    0
196552,20170114,   -7,    0
196552,20170115,  -41,    0
196552,20170116,  -64,    0
196552,20170117,  -63,    0
196552,20170118,  -53,    0
196552,20170119,  -50,    0
196552,20170120,  -43,    0
196552,20170121,  -33,    0
196552,20170122,   -9,    0
196552,20170123,    0,    0
196552,20170124,    8,    0
196552,20170125,  -11,    0
196552,20170126,  -18,    0
196552,20170127,    2,    0
196552,20170128,    4,    0
196552,20170129,   28,    0
196552,20170130,   30,    0
196552,20170131,   44,    0
196552,20170201,   54,    0
196552,20170202,   59,    0
196552,20170203,   50,    0
196552,20170204,   37,    0
196552,20170205,   41,    0
196552,20170206,   12,    0
196552,20170207,   19,    0
196552,20170208,    5,    0
196552,20170209,  -19,    0
196552,20170210,   -6,    0
196552,20170211,    2,    0
196552,20170212,   18,    0
196552,20170213,   28,    0
196552,20170214,   22,    0
196552,20170215,   53,    0
196552,20170216,   71,    0
196552,20170217,   52,    0
196552,20170218,   34,    0
196552,20170219,   29,    0
196552,20170220,   32,    0
196552,20170221,   64,    0
196552,20170222,   63,    0
196552,20170223,   60,    0
196552,20170224,   58,    0
196552,20170225,    7,    0
196552,20170226,   36,    0
196552,20170227,   45,    0
196552,20170228,   43,    0
196552,20170301,   44,    0
196552,20170302,   57,    0
196552,20170303,   60,    0
196552,20170304,   39,    0
196552,20170305,   24,    0
196552,20170306,   39,    0
196552,20170307,   47,    0
196552,20170308,   44,    0
196552,20170309,   97,    0
196552,20170310,   96,    0
196552,20170311,   61,    0
196552,20170312,   64,    0
196552,20170313,   40,    0
196552,20170314,   79,    0
196552,20170315,   87,    0
196552,20170316,  109,    0
196552,20170317,  106,    0
196552,20170318,   89,    0
196552,20170319,  129,    0
196552,20170320,  112,    0
196552,20170321,   93,    0
196552,20170322,   85,    0
196552,20170323,   76,    0
196552,20170324,   99,    0
196552,20170325,   99,    0
196552,20170326,   57,    0
196552,20170327,   36,    0
196552,20170328,   71,    0
196552,20170329,  104,    0
196552,20170330,  130,    0
196552,20170331,  131,    0
196552,20170401,  100,    0
196552,20170402,   78,    0
196552,20170403,  104,    0
196552,20170404,  102,    0
196552,20170405,   77,    0
196552,20170406,   85,    0
196552,20170407,  102,    0
196552,20170408,  115,    0
196552,20170409,  121,    0
196552,20170410,  121,    0
196552,20170411,  108,    0
196552,20170412,  114,    0
196552,20170413,  125,    0
196552,20170414,  123,    0
196552,20170415,   95,    0
196552,20170416,  106,    0
196552,20170417,   82,    0
196552,20170418,   37,    0
196552,20170419,   16,    0
196552,20170420,   31,    0
196552,20170421,   42,    0
196552,20170422,   82,    0
196552,20170423,   88,    0
196552,20170424,   91,    0
196552,20170425,   87,    0
196552,20170426,   88,    0
196552,20170427,   89,    0
196552,20170428,   32,    0
196552,20170429,   53,    0
196552,20170430,   73,    0
196552,20170501,   63,    0
196552,20170502,   73,    0
196552,20170503,   69,    0
196552,20170504,   73,    0
196552,20170505,  106,    0
196552,20170506,   93,    0
196552,20170507,   81,    0
196552,20170508,   96,    0
196552,20170509,   87,    0
196552,20170510,  111,    0
196552,20170511,  125,    0
196552,20170512,  129,    0
196552,20170513,  127,    0
196552,20170514,  144,    0
196552,20170515,  136,    0
196552,20170516,  140,    0
196552,20170517,  152,    0
196552,20170518,  156,    0
196552,20170519,  130,    0
196552,20170520,   98,    0
196552,20170521,  137,    0
196552,20170522,  149,    0
196552,20170523,  166,    0
196552,20170524,  180,    0
196552,20170525,  163,    0
196552,20170526,  155,    0
196552,20170527,  168,    0
196552,20170528,  179,    0
196552,20170529,  188,    0
196552,20170530,  187,    0
196552,20170531,  180,    0
196552,20170601,  171,    0
196552,20170602,  168,    0
196552,20170603,  179,    0
196552,20170604,  162,    0
196552,20170605,  172,    0
196552,20170606,  144,    0
196552,20170607,  146,    0
196552,20170608,  152,    0
196552,20170609,  169,    0
196552,20170610,  190,    0
196552,20170611,  204,    0
196552,20170612,  215,    0
196552,20170613,  217,    0
196552,20170614,  214,    0
196552,20170615,  190,    0
196552,20170616,  213,    0
196552,20170617,  208,    0
196552,20170618,  177,    0
196552,20170619,  193,    0
196552,20170620,  207,    0
196552,20170621,  214,    0
196552,20170622,  225,    0
196552,20170623,  230,    0
196552,20170624,  233,    0
196552,20170625,  197,    0
196552,20170626,  214,    0
196552,20170627,  216,    0
196552,20170628,  174,    0
196552,20170629,  144,    0
196552,20170630,  138,    0
196552,20170701,  139,    0
196552,20170702,  161,    0
196552,20170703,  183,    0
196552,20170704,  195,    0
196552,20170705,  209,    0
196552,20170706,  223,    0
196552,20170707,  229,    0
196552,20170708,  245,    0
196552,20170709,  238,    0
196552,20170710,  200,    0
196552,20170711,  201,    0
196552,20170712,  207,    0
196552,20170713,  211,    0
196552,20170714,  169,    0
196552,20170715,  173,    0
196552,20170716,  157,    0
196552,20170717,  174,    0
196552,20170718,  200,    0
196552,20170719,  210,    0
196552,20170720,  217,    0
196552,20170721,  217,    0
196552,20170722,  209,    0
196552,20170723,  211,    0
196552,20170724,  187,    0
196552,20170725,  173,    0
196552,20170726,  181,    0
196552,20170727,  194,    0
196552,20170728,  207,    0
196552,20170729,  213,    0
196552,20170730,  218,    0
196552,20170731,  237,    0
196552,20170801,  264,    0
196552,20170802,  271,    0
196552,20170803,  276,    0
196552,20170804,  268,    0
196552,20170805,  267,    0
196552,20170806,  244,    0
196552,20170807,  211,    0
196552,20170808,  221,    0
196552,20170809,  223,    0
196552,20170810,  187,    0
196552,20170811,  137,    0
196552,20170812,  141,    0
196552,20170813,  185,    0
196552,20170814,  194,    0
196552,20170815,  206,    0
196552,20170816,  215,    0
196552,20170817,  217,    0
196552,20170818,  230,    0
196552,20170819,  212,    0
196552,20170820,  173,    0
196552,20170821,  166,    0
196552,20170822,  174,    0
196552,20170823,  200,    0
196552,20170824,  211,    0
196552,20170825,  221,    0
196552,20170826,  225,    0
196552,20170827,  243,    0
196552,20170828,  227,    0
196552,20170829,  210,    0
196552,20170830,  224,    0
196552,20170831,  218,    0
196552,20170901,  162,    0
196552,20170902,  114,    0
196552,20170903,  118,    0
196552,20170904,  136,    0
196552,20170905,  161,    0
196552,20170906,  154,    0
196552,20170907,  148,    0
196552,20170908,  150,    0
196552,20170909,  145,    0
196552,20170910,  135,    0
196552,20170911,  135,    0
196552,20170912,  120,    0
196552,20170913,  129,    0
196552,20170914,  139,    0
196552,20170915,  129,    0
196552,20170916,  124,    0
196552,20170917,   95,    0
196552,20170918,   94,    0
196552,20170919,   68,    0
196552,20170920,   92,    0
196552,20170921,  108,    0
196552,20170922,  120,    0
196552,20170923,  121,    0
196552,20170924,  111,    0
196552,20170925,   99,    0
196552,20170926,  104,    0
196552,20170927,  117,    0
196552,20170928,  121,    0
196552,20170929,  122,    0
196552,20170930,  114,    0
196552,20171001,  103,    0
196552,20171002,  118,    0
196552,20171003,  121,    0
196552,20171004,  132,    0
196552,20171005,  137,    0
196552,20171006,  111,    0
196552,20171007,   92,    0
196552,20171008,  102,    0
196552,20171009,  105,    0
196552,20171010,  112,    0
196552,20171011,  114,    0
196552,20171012,  121,    0
196552,20171013,  138,    0
196552,20171014,  148,    0
196552,20171015,  154,    0
196552,20171016,  150,    0
196552,20171017,  141,    0
196552,20171018,  133,    0
196552,20171019,  120,    0
196552,20171020,  120,    0
196552,20171021,  136,    0
196552,20171022,  101,    0
196552,20171023,   80,    0
196552,20171024,   97,    0
196552,20171025,  117,    0
196552,20171026,  154,    0
196552,20171027,  125,    0
196552,20171028,   95,    0
196552,20171029,  130,    0
196552,20171030,   88,    0
196552,20171031,   64,    0
196552,20171101,   80,    0
196552,20171102,   97,    0
196552,20171103,   94,    0
196552,20171104,   98,    0
196552,20171105,   88,    0
196552,20171106,   47,    0
196552,20171107,   10,    0
196552,20171108,   40,    0
196552,20171109,   48,    0
196552,20171110,   47,    0
196552,20171111,   72,    0
196552,20171112,   75,    0
196552,20171113,  -11,    0
196552,20171114,   -1,    0
196552,20171115,    6,    0
196552,20171116,   27,    0
196552,20171117,   36,    0
196552,20171118,   32,    0
196552,20171119,   54,    0
196552,20171120,   44,    0
196552,20171121,   72,    0
196552,20171122,   62,    0
196552,20171123,   64,    0
196552,20171124,   65,    0
196552,20171125,   75,    0
196552,20171126,    4,    0
196552,20171127,  -13,    0
196552,20171128,   17,    0
196552,20171129,   31,    0
196552,20171130,   -4,    0
196552,20171201,  -20,    0
196552,20171202,  -21,    0
196552,20171203,  -35,    0
196552,20171204,  -11,    0
196552,20171205,   39,    0
196552,20171206,   46,    0
196552,20171207,   41,    0
196552,20171208,   40,    0
196552,20171209,  -21,    0
196552,20171210,   13,    0
196552,20171211,   73,    0
196552,20171212,   46,    0
196552,20171213,   21,    0
196552,20171214,   47,    0
196552,20171215,   32,    0
196552,20171216,  -20,    0
196552,20171217,  -22,    0
196552,20171218,  -23,    0
196552,20171219,  -35,    0
196552,20171220,  -33,    0
196552,20171221,    6,    0
196552,20171222,   41,    0
196552,20171223,   65,    0
196552,20171224,   93,    0
196552,20171225,   52,    0
196552,20171226,   38,    0
196552,20171227,   25,    0
196552,20171228,  -17,    0
196552,20171229,  -19,    0
196552,20171230,   32,    0
196552,20171231,   63,    0
196552,20180101,   37,    0
196552,20180102,   29,    0
196552,20180103,   45,    0
196552,20180104,   70,    0
196552,20180105,   74,    0
196552,20180106,   68,    0
196552,20180107,   69,    0
196552,20180108,   54,    0
196552,20180109,   57,    0
196552,20180110,   31,    0
196552,20180111,   15,    0
196552,20180112,   11,    0
196552,20180113,    5,    0
196552,20180114,   -1,    0
196552,20180115,    8,    0
196552,20180116,   42,    0
196552,20180117,   32,    0
196552,20180118,   21,    0
196552,20180119,   42,    0
196552,20180120,   26,    0
196552,20180121,   44,    0
196552,20180122,   36,    0
196552,20180123,   43,    0
196552,20180124,   45,    0
196552,20180125,   48,    0
196552,20180126,   45,    0
196552,20180127,   54,    0
196552,20180128,   64,    0
196552,20180129,   81,    0
196552,20180130,   52,    0
196552,20180131,   35,    0
196552,20180201,   29,    0
196552,20180202,    4,    0
196552,20180203,  -27,    0
196552,20180204,  -23,    0
196552,20180205,   -3,    0
196552,20180206,   -9,    0
196552,20180207,   -2,    0
196552,20180208,    8,    0
196552,20180209,    1,    0
196552,20180210,  -14,    0
196552,20180211,    3,    0
196552,20180212,   -8,    0
196552,20180213,  -34,    0
196552,20180214,  -32,    0
196552,20180215,  -19,    0
196552,20180216,   20,    0
196552,20180217,   33,    0
196552,20180218,   -1,    0
196552,20180219,  -30,    0
196552,20180220,  -38,    0
196552,20180221,  -32,    0
196552,20180222,  -31,    0
196552,20180223,  -28,    0
196552,20180224,    4,    0
196552,20180225,  -56,    0
196552,20180226, -112,    0
196552,20180227, -114,    0
196552,20180228,  -88,    0
196552,20180301,  -76,    0
196552,20180302,   -2,    0
196552,20180303,    8,    0
196552,20180304,   24,    0
196552,20180305,   11,    0
196552,20180306,   27,    0
196552,20180307,   25,    0
196552,20180308,   37,    0
196552,20180309,   49,    0
196552,20180310,   50,    0
196552,20180311,   66,    0
196552,20180312,   48,    0
196552,20180313,   45,    0
196552,20180314,   50,    0
196552,20180315,   50,    0
196552,20180316,   57,    0
196552,20180317,   31,    0
196552,20180318,    9,    0
196552,20180319,   -3,    0
196552,20180320,  -10,    0
196552,20180321,  -35,    0
196552,20180322,  -26,    0
196552,20180323,   10,    0
196552,20180324,   15,    0
196552,20180325,   -5,    0
196552,20180326,   35,    0
196552,20180327,   52,    0
196552,20180328,   64,    0
196552,20180329,   64,    0
196552,20180330,   80,    0
196552,20180331,   29,    0
196552,20180401,   55,    0
196552,20180402,   68,    0
196552,20180403,   74,    0
196552,20180404,   76,    0
196552,20180405,   79,    0
196552,20180406,   91,    0
196552,20180407,   96,    0
196552,20180408,   98,    0
196552,20180409,   58,    0
196552,20180410,   54,    0
196552,20180411,   63,    0
196552,20180412,   76,    0
196552,20180413,   71,    0
196552,20180414,   90,    0
196552,20180415,   89,    0
196552,20180416,   99,    0
196552,20180417,  108,    0
196552,20180418,  111,    0
196552,20180419,  126,    0
196552,20180420,  139,    0
196552,20180421,  151,    0
196552,20180422,  164,    0
196552,20180423,  159,    0
196552,20180424,  152,    0
196552,20180425,  152,    0
196552,20180426,  151,    0
196552,20180427,  144,    0
196552,20180428,  141,    0
196552,20180429,  148,    0
196552,20180430,   86,    0
196552,20180501,   77,    0
196552,20180502,   78,    0
196552,20180503,   96,    0
196552,20180504,   99,    0
196552,20180505,  116,    0
196552,20180506,  135,    0
196552,20180507,  136,    0
196552,20180508,  135,    0
196552,20180509,  111,    0
196552,20180510,  116,    0
196552,20180511,  125,    0
196552,20180512,  134,    0
196552,20180513,  110,    0
196552,20180514,   60,    0
196552,20180515,   71,    0
196552,20180516,   96,    0
196552,20180517,   98,    0
196552,20180518,  119,    0
196552,20180519,  118,    0
196552,20180520,  123,    0
196552,20180521,  118,    0
196552,20180522,  114,    0
196552,20180523,  127,    0
196552,20180524,  146,    0
196552,20180525,  166,    0
196552,20180526,  180,    0
196552,20180527,  171,    0
196552,20180528,  175,    0
196552,20180529,  171,    0
196552,20180530,  157,    0
196552,20180531,  161,    0
196552,20180601,  153,    0
196552,20180602,  164,    0
196552,20180603,  178,    0
196552,20180604,  163,    0
196552,20180605,  155,    0
196552,20180606,  159,    0
196552,20180607,  164,    0
196552,20180608,  146,    0
196552,20180609,  165,    0
196552,20180610,  195,    0
196552,20180611,  196,    0
196552,20180612,  167,    0
196552,20180613,  146,    0
196552,20180614,  130,    0
196552,20180615,  147,    0
196552,20180616,  165,    0
196552,20180617,  175,    0
196552,20180618,  182,    0
196552,20180619,  178,    0
196552,20180620,  181,    0
196552,20180621,  189,    0
196552,20180622,  173,    0
196552,20180623,  140,    0
196552,20180624,  145,    0
196552,20180625,  128,    0
196552,20180626,  135,    0
196552,20180627,  159,    0
196552,20180628,  144,    0
196552,20180629,  176,    0
196552,20180630,  204,    0
196552,20180701,  212,    0
196552,20180702,  211,    0
196552,20180703,  202,    0
196552,20180704,  198,    0
196552,20180705,  197,    0
196552,20180706,  171,    0
196552,20180707,  172,    0
196552,20180708,  193,    0
196552,20180709,  180,    0
196552,20180710,  187,    0
196552,20180711,  183,    0
196552,20180712,  177,    0
196552,20180713,  194,    0
196552,20180714,  209,    0
196552,20180715,  208,    0
196552,20180716,  179,    0
196552,20180717,  180,    0
196552,20180718,  209,    0
196552,20180719,  213,    0
196552,20180720,  207,    0
196552,20180721,  179,    0
196552,20180722,  174,    0
196552,20180723,  185,    0
196552,20180724,  197,    0
196552,20180725,  188,    0
196552,20180726,  174,    0
196552,20180727,  197,    0
196552,20180728,  199,    0
196552,20180729,  201,    0
196552,20180730,  212,    0
196552,20180731,  229,    0
196552,20180801,  212,    0
196552,20180802,  196,    0
196552,20180803,  199,    0
196552,20180804,  212,    0
196552,20180805,  219,    0
196552,20180806,  213,    0
196552,20180807,  193,    0
196552,20180808,  200,    0
196552,20180809,  206,    0
196552,20180810,  204,    0
196552,20180811,  198,    0
196552,20180812,  198,    0
196552,20180813,  182,    0
196552,20180814,  155,    0
196552,20180815,  161,    0
196552,20180816,  177,    0
196552,20180817,  181,    0
196552,20180818,  192,    0
196552,20180819,  197,    0
196552,20180820,  201,    0
196552,20180821,  198,    0
196552,20180822,  194,    0
196552,20180823,  178,    0
196552,20180824,  195,    0
196552,20180825,  178,    0
196552,20180826,  127,    0
196552,20180827,  138,    0
196552,20180828,  182,    0
196552,20180829,  192,    0
196552,20180830,  182,    0
196552,20180831,  167,    0
196552,20180901,  133,    0
196552,20180902,  128,    0
196552,20180903,  132,    0
196552,20180904,  147,    0
196552,20180905,  150,    0
196552,20180906,  162,    0
196552,20180907,  147,    0
196552,20180908,  163,    0
196552,20180909,  173,    0
196552,20180910,  175,    0
196552,20180911,  189,    0
196552,20180912,  192,    0
196552,20180913,  175,    0
196552,20180914,  177,    0
196552,20180915,  174,    0
196552,20180916,  175,    0
196552,20180917,  166,    0
196552,20180918,  158,    0
196552,20180919,  165,    0
196552,20180920,  169,    0
196552,20180921,  181,    0
196552,20180922,  178,    0
196552,20180923,  183,    0
196552,20180924,  151,    0
196552,20180925,   89,    0
196552,20180926,   81,    0
196552,20180927,  139,    0
196552,20180928,  158,    0
196552,20180929,  138,    0
196552,20180930,  129,    0
196552,20181001,  100,    0
196552,20181002,   61,    0
196552,20181003,   95,    0
196552,20181004,  108,    0
196552,20181005,  105,    0
196552,20181006,   96,    0
196552,20181007,  116,    0
196552,20181008,  120,    0
196552,20181009,  120,    0
196552,20181010,  118,    0
196552,20181011,  128,    0
196552,20181012,  130,    0
196552,20181013,  118,    0
196552,20181014,  107,    0
196552,20181015,  102,    0
196552,20181016,  113,    0
196552,20181017,  110,    0
196552,20181018,  122,    0
196552,20181019,  121,    0
196552,20181020,  122,    0
196552,20181021,   96,    0
196552,20181022,   59,    0
196552,20181023,  100,    0
196552,20181024,  178,    0
196552,20181025,  157,    0
196552,20181026,  120,    0
196552,20181027,  120,    0
196552,20181028,  116,    0
196552,20181029,  104,    0
196552,20181030,   55,    0
196552,20181031,   66,    0
196552,20181101,   90,    0
196552,20181102,   80,    0
196552,20181103,   95,    0
196552,20181104,  101,    0
196552,20181105,   91,    0
196552,20181106,  100,    0
196552,20181107,   92,    0
196552,20181108,   90,    0
196552,20181109,   86,    0
196552,20181110,   90,    0
196552,20181111,  104,    0
196552,20181112,  101,    0
196552,20181113,  104,    0
196552,20181114,   84,    0
196552,20181115,   69,    0
196552,20181116,   36,    0
196552,20181117,   10,    0
196552,20181118,   -7,    0
196552,20181119,  -10,    0
196552,20181120,   -7,    0
196552,20181121,   27,    0
196552,20181122,   55,    0
196552,20181123,   56,    0
196552,20181124,   80,    0
196552,20181125,   48,    0
196552,20181126,   27,    0
196552,20181127,   25,    0
196552,20181128,   15,    0
196552,20181129,   15,    0
196552,20181130,   14,    0
196552,20181201,   13,    0
196552,20181202,   55,    0
196552,20181203,   91,    0
196552,20181204,   83,    0
196552,20181205,   75,    0
196552,20181206,   40,    0
196552,20181207,   66,    0
196552,20181208,   54,    0
196552,20181209,   62,    0
196552,20181210,   48,    0
196552,20181211,    8,    0
196552,20181212,   -7,    0
196552,20181213,  -23,    0
196552,20181214,  -39,    0
196552,20181215,  -45,    0
196552,20181216,   -5,    0
196552,20181217,  -22,    0
196552,20181218,    0,    0
196552,20181219,   18,    0
196552,20181220,    9,    0
196552,20181221,   38,    0
196552,20181222,   82,    0
196552,20181223,   78,    0
196552,20181224,   76,    0
196552,20181225,   24,    0
196552,20181226,   41,    0
196552,20181227,   33,    0
196552,20181228,   55,    0
196552,20181229,   50,    0
196552,20181230,   70,    0
196552,20181231,   50,    0
196552,20190101,   42,    0
196552,20190102,   36,    0
196552,20190103,  -33,    0
196552,20190104,  -30,    0
196552,20190105,   22,    0
196552,20190106,   36,    0
196552,20190107,   22,    0
196552,20190108,   24,    0
196552,20190109,   -2,    0
196552,20190110,  -18,    0
196552,20190111,  -33,    0
196552,20190112,   20,    0
196552,20190113,   58,    0
196552,20190114,   56,    0
196552,20190115,   30,    0
196552,20190116,   39,    0
196552,20190117,   31,    0
196552,20190118,   12,    0
196552,20190119,  -13,    0
196552,20190120,  -14,    0
196552,20190121,  -23,    0
196552,20190122,  -35,    0
196552,20190123,  -35,    0
196552,20190124,  -33,    0
196552,20190125,  -38,    0
196552,20190126,   19,    0
196552,20190127,   28,    0
196552,20190128,   -8,    0
196552,20190129,  -18,    0
196552,20190130,  -25,    0
196552,20190131,   -9,    0
196552,20190201,   46,    0
196552,20190202,   32,    0
196552,20190203,   10,    0
196552,20190204,   -4,    0
196552,20190205,    0,    0
196552,20190206,   19,    0
196552,20190207,   36,    0
196552,20190208,   22,    0
196552,20190209,   45,    0
196552,20190210,   45,    0
196552,20190211,   25,    0
196552,20190212,   31,    0
196552,20190213,   31,    0
196552,20190214,   66,    0
196552,20190215,   72,    0
196552,20190216,   68,    0
196552,20190217,   86,    0
196552,20190218,   72,    0
196552,20190219,   52,    0
196552,20190220,   39,    0
196552,20190221,   70,    0
196552,20190222,   79,    0
196552,20190223,   24,    0
196552,20190224,   -7,    0
196552,20190225,  -17,    0
196552,20190226,   49,    0
196552,20190227,  112,    0
196552,20190228,  134,    0
196552,20190301,   90,    0
196552,20190302,   66,    0
196552,20190303,   75,    0
196552,20190304,   65,    0
196552,20190305,   64,    0
196552,20190306,   68,    0
196552,20190307,   64,    0
196552,20190308,   60,    0
196552,20190309,   59,    0
196552,20190310,   73,    0
196552,20190311,   48,    0
196552,20190312,   30,    0
196552,20190313,   24,    0
196552,20190314,   40,    0
196552,20190315,  100,    0
196552,20190316,  116,    0
196552,20190317,   72,    0
196552,20190318,   40,    0
196552,20190319,   -1,    0
196552,20190320,    7,    0
196552,20190321,   30,    0
196552,20190322,   66,    0
196552,20190323,   91,    0
196552,20190324,  118,    0
196552,20190325,  103,    0
196552,20190326,    4,    0
196552,20190327,   23,    0
196552,20190328,   30,    0
196552,20190329,   48,    0
196552,20190330,   79,    0
196552,20190331,  103,    0
196552,20190401,  102,    0
196552,20190402,  102,    0
196552,20190403,   57,    0
196552,20190404,   47,    0
196552,20190405,   36,    0
196552,20190406,   68,    0
196552,20190407,   48,    0
196552,20190408,   61,    0
196552,20190409,   62,    0
196552,20190410,   60,    0
196552,20190411,   54,    0
196552,20190412,   51,    0
196552,20190413,   44,    0
196552,20190414,   21,    0
196552,20190415,   40,    0
196552,20190416,   67,    0
196552,20190417,   85,    0
196552,20190418,   89,    0
196552,20190419,   89,    0
196552,20190420,   97,    0
196552,20190421,  104,    0
196552,20190422,   88,    0
196552,20190423,   86,    0
196552,20190424,  100,    0
196552,20190425,  132,    0
196552,20190426,   93,    0
196552,20190427,   92,    0
196552,20190428,   59,    0
196552,20190429,   16,    0
196552,20190430,   81,    0
196552,20190501,   96,    0
196552,20190502,   99,    0
196552,20190503,   86,    0
196552,20190504,   82,    0
196552,20190505,   12,    0
196552,20190506,   37,    0
196552,20190507,   63,    0
196552,20190508,   64,    0
196552,20190509,   94,    0
196552,20190510,  105,    0
196552,20190511,   95,    0
196552,20190512,   47,    0
196552,20190513,   48,    0
196552,20190514,   59,    0
196552,20190515,   17,    0
196552,20190516,   75,    0
196552,20190517,   97,    0
196552,20190518,   77,    0
196552,20190519,   80,    0
196552,20190520,   79,    0
196552,20190521,  103,    0
196552,20190522,  111,    0
196552,20190523,  130,    0
196552,20190524,  126,    0
196552,20190525,  128,    0
196552,20190526,  100,    0
196552,20190527,  100,    0
196552,20190528,  103,    0
196552,20190529,   82,    0
196552,20190530,  104,    0
196552,20190531,-9999,    9
196552,20190601,-9999,    9
196552,20190602,-9999,    9
196552,20190603,-9999,    9
196552,20190604,-9999,    9
196552,20190605,-9999,    9
196552,20190606,-9999,    9
196552,20190607,-9999,    9
196552,20190608,-9999,    9
196552,20190609,-9999,    9
196552,20190610,-9999,    9
196552,20190611,-9999,    9
196552,20190612,-9999,    9
196552,20190613,-9999,    9
196552,20190614,-9999,    9
196552,20190615,-9999,    9
196552,20190616,-9999,    9
196552,20190617,-9999,    9
196552,20190618,-9999,    9
196552,20190619,-9999,    9
196552,20190620,-9999,    9
196552,20190621,-9999,    9
196552,20190622,-9999,    9
196552,20190623,-9999,    9
196552,20190624,-9999,    9
196552,20190625,-9999,    9
196552,20190626,-9999,    9
196552,20190627,-9999,    9
196552,20190628,-9999,    9
196552,20190629,-9999,    9
196552,20190630,-9999,    9
196552,20190701,-9999,    9
196552,20190702,-9999,    9
196552,20190703,-9999,    9
196552,20190704,-9999,    9
196552,20190705,-9999,    9
196552,20190706,-9999,    9
196552,20190707,-9999,    9
196552,20190708,-9999,    9
196552,20190709,-9999,    9
196552,20190710,-9999,    9
196552,20190711,-9999,    9
196552,20190712,-9999,    9
196552,20190713,-9999,    9
196552,20190714,-9999,    9
196552,20190715,-9999,    9
196552,20190716,-9999,    9
196552,20190717,-9999,    9
196552,20190718,-9999,    9
196552,20190719,-9999,    9
196552,20190720,-9999,    9
196552,20190721,-9999,    9
196552,20190722,-9999,    9
196552,20190723,-9999,    9
196552,20190724,-9999,    9
196552,20190725,-9999,    9
196552,20190726,-9999,    9
196552,20190727,-9999,    9
196552,20190728,-9999,    9
196552,20190729,-9999,    9
196552,20190730,-9999,    9
196552,20190731,-9999,    9
196552,20190801,-9999,    9
196552,20190802,-9999,    9
196552,20190803,-9999,    9
196552,20190804,-9999,    9
196552,20190805,-9999,    9
196552,20190806,-9999,    9
196552,20190807,-9999,    9
196552,20190808,-9999,    9
196552,20190809,-9999,    9
196552,20190810,-9999,    9
196552,20190811,-9999,    9
196552,20190812,-9999,    9
196552,20190813,-9999,    9
196552,20190814,-9999,    9
196552,20190815,-9999,    9
196552,20190816,-9999,    9
196552,20190817,-9999,    9
196552,20190818,-9999,    9
196552,20190819,-9999,    9
196552,20190820,-9999,    9
196552,20190821,-9999,    9
196552,20190822,-9999,    9
196552,20190823,-9999,    9
196552,20190824,-9999,    9
196552,20190825,-9999,    9
196552,20190826,-9999,    9
196552,20190827,-9999,    9
196552,20190828,-9999,    9
196552,20190829,-9999,    9
196552,20190830,-9999,    9
196552,20190831,-9999,    9
196552,20190901,-9999,    9
196552,20190902,-9999,    9
196552,20190903,-9999,    9
196552,20190904,-9999,    9
196552,20190905,-9999,    9
196552,20190906,-9999,    9
196552,20190907,-9999,    9
196552,20190908,-9999,    9
196552,20190909,-9999,    9
196552,20190910,-9999,    9
196552,20190911,-9999,    9
196552,20190912,-9999,    9
196552,20190913,-9999,    9
196552,20190914,-9999,    9
196552,20190915,-9999,    9
196552,20190916,-9999,    9
196552,20190917,-9999,    9
196552,20190918,-9999,    9
196552,20190919,-9999,    9
196552,20190920,-9999,    9
196552,20190921,-9999,    9
196552,20190922,-9999,    9
196552,20190923,-9999,    9
196552,20190924,-9999,    9
196552,20190925,-9999,    9
196552,20190926,-9999,    9
196552,20190927,-9999,    9
196552,20190928,-9999,    9
196552,20190929,-9999,    9
196552,20190930,-9999,    9
196552,20191001,-9999,    9
196552,20191002,-9999,    9
196552,20191003,-9999,    9
196552,20191004,-9999,    9
196552,20191005,-9999,    9
196552,20191006,-9999,    9
196552,20191007,-9999,    9
196552,20191008,-9999,    9
196552,20191009,-9999,    9
196552,20191010,-9999,    9
196552,20191011,-9999,    9
196552,20191012,-9999,    9
196552,20191013,-9999,    9
196552,20191014,-9999,    9
196552,20191015,-9999,    9
196552,20191016,-9999,    9
196552,20191017,-9999,    9
196552,20191018,-9999,    9
196552,20191019,-9999,    9
196552,20191020,-9999,    9
196552,20191021,-9999,    9
196552,20191022,-9999,    9
196552,20191023,-9999,    9
196552,20191024,-9999,    9
196552,20191025,-9999,    9
196552,20191026,-9999,    9
196552,20191027,-9999,    9
196552,20191028,-9999,    9
196552,20191029,-9999,    9
196552,20191030,-9999,    9
196552,20191031,-9999,    9
196552,20191101,-9999,    9
196552,20191102,-9999,    9
196552,20191103,-9999,    9
196552,20191104,-9999,    9
196552,20191105,-9999,    9
196552,20191106,-9999,    9
196552,20191107,-9999,    9
196552,20191108,-9999,    9
196552,20191109,-9999,    9
196552,20191110,-9999,    9
196552,20191111,-9999,    9
196552,20191112,-9999,    9
196552,20191113,-9999,    9
196552,20191114,-9999,    9
196552,20191115,-9999,    9
196552,20191116,-9999,    9
196552,20191117,-9999,    9
196552,20191118,-9999,    9
196552,20191119,-9999,    9
196552,20191120,-9999,    9
196552,20191121,-9999,    9
196552,20191122,-9999,    9
196552,20191123,-9999,    9
196552,20191124,-9999,    9
196552,20191125,-9999,    9
196552,20191126,-9999,    9
196552,20191127,-9999,    9
196552,20191128,-9999,    9
196552,20191129,-9999,    9
196552,20191130,-9999,    9
196552,20191201,-9999,    9
196552,20191202,-9999,    9
196552,20191203,-9999,    9
196552,20191204,-9999,    9
196552,20191205,-9999,    9
196552,20191206,-9999,    9
196552,20191207,-9999,    9
196552,20191208,-9999,    9
196552,20191209,-9999,    9
196552,20191210,-9999,    9
196552,20191211,-9999,    9
196552,20191212,-9999,    9
196552,20191213,-9999,    9
196552,20191214,-9999,    9
196552,20191215,-9999,    9
196552,20191216,-9999,    9
196552,20191217,-9999,    9
196552,20191218,-9999,    9
196552,20191219,-9999,    9
196552,20191220,-9999,    9
196552,20191221,-9999,    9
196552,20191222,-9999,    9
196552,20191223,-9999,    9
196552,20191224,-9999,    9
196552,20191225,-9999,    9
196552,20191226,-9999,    9
196552,20191227,-9999,    9
196552,20191228,-9999,    9
196552,20191229,-9999,    9
196552,20191230,-9999,    9
196552,20191231,   50,    0
196552,20200101,   63,    0
196552,20200102,   61,    0
196552,20200103,   53,    0
196552,20200104,   58,    0
196552,20200105,   41,    0
196552,20200106,   18,    0
196552,20200107,   12,    0
196552,20200108,   32,    0
196552,20200109,   53,    0
196552,20200110,   41,    0
196552,20200111,   33,    0
196552,20200112,   19,    0
196552,20200113,   12,    0
196552,20200114,   29,    0
196552,20200115,   37,    0
196552,20200116,   34,    0
196552,20200117,   33,    0
196552,20200118,    9,    0
196552,20200119,   -3,    0
196552,20200120,  -12,    0
196552,20200121,   -7,    0
196552,20200122,   48,    0
196552,20200123,   36,    0
196552,20200124,   33,    0
196552,20200125,   15,    0
196552,20200126,   30,    0
196552,20200127,   46,    0
196552,20200128,   46,    0
196552,20200129,   55,    0
196552,20200130,   52,    0
196552,20200131,-9999,    9
196552,20200201,-9999,    9
196552,20200202,-9999,    9
196552,20200203,-9999,    9
196552,20200204,-9999,    9
196552,20200205,-9999,    9
196552,20200206,-9999,    9
196552,20200207,-9999,    9
196552,20200208,-9999,    9
196552,20200209,-9999,    9
196552,20200210,-9999,    9
196552,20200211,-9999,    9
196552,20200212,-9999,    9
196552,20200213,-9999,    9
196552,20200214,-9999,    9
196552,20200215,-9999,    9
196552,20200216,-9999,    9
196552,20200217,-9999,    9
196552,20200218,-9999,    9
196552,20200219,-9999,    9
196552,20200220,-9999,    9
196552,20200221,-9999,    9
196552,20200222,-9999,    9
196552,20200223,-9999,    9
196552,20200224,-9999,    9
196552,20200225,-9999,    9
196552,20200226,-9999,    9
196552,20200227,-9999,    9
196552,20200228,-9999,    9
196552,20200229,-9999,    9
196552,20200301,-9999,    9
196552,20200302,-9999,    9
196552,20200303,-9999,    9
196552,20200304,-9999,    9
196552,20200305,-9999,    9
196552,20200306,-9999,    9
196552,20200307,-9999,    9
196552,20200308,-9999,    9
196552,20200309,-9999,    9
196552,20200310,-9999,    9
196552,20200311,-9999,    9
196552,20200312,-9999,    9
196552,20200313,-9999,    9
196552,20200314,-9999,    9
196552,20200315,-9999,    9
196552,20200316,-9999,    9
196552,20200317,-9999,    9
196552,20200318,-9999,    9
196552,20200319,-9999,    9
196552,20200320,-9999,    9
196552,20200321,-9999,    9
196552,20200322,-9999,    9
196552,20200323,-9999,    9
196552,20200324,-9999,    9
196552,20200325,-9999,    9
196552,20200326,-9999,    9
196552,20200327,-9999,    9
196552,20200328,-9999,    9
196552,20200329,-9999,    9
196552,20200330,-9999,    9
196552,20200331,-9999,    9
196552,20200401,-9999,    9
196552,20200402,-9999,    9
196552,20200403,-9999,    9
196552,20200404,-9999,    9
196552,20200405,-9999,    9
196552,20200406,-9999,    9
196552,20200407,-9999,    9
196552,20200408,-9999,    9
196552,20200409,-9999,    9
196552,20200410,-9999,    9
196552,20200411,-9999,    9
196552,20200412,-9999,    9
196552,20200413,-9999,    9
196552,20200414,-9999,    9
196552,20200415,-9999,    9
196552,20200416,-9999,    9
196552,20200417,-9999,    9
196552,20200418,-9999,    9
196552,20200419,-9999,    9
196552,20200420,-9999,    9
196552,20200421,-9999,    9
196552,20200422,-9999,    9
196552,20200423,-9999,    9
196552,20200424,-9999,    9
196552,20200425,-9999,    9
196552,20200426,-9999,    9
196552,20200427,-9999,    9
196552,20200428,-9999,    9
196552,20200429,-9999,    9
196552,20200430,   92,    0
196552,20200501,   97,    0
196552,20200502,  131,    0
196552,20200503,  120,    0
196552,20200504,  132,    0
196552,20200505,  132,    0
196552,20200506,  117,    0
196552,20200507,  129,    0
196552,20200508,  146,    0
196552,20200509,  147,    0
196552,20200510,  149,    0
196552,20200511,   95,    0
196552,20200512,  113,    0
196552,20200513,  137,    0
196552,20200514,  145,    0
196552,20200515,  112,    0
196552,20200516,  123,    0
196552,20200517,  136,    0
196552,20200518,  145,    0
196552,20200519,  113,    0
196552,20200520,  126,    0
196552,20200521,  149,    0
196552,20200522,  165,    0
196552,20200523,  170,    0
196552,20200524,  150,    0
196552,20200525,  144,    0
196552,20200526,  140,    0
196552,20200527,  126,    0
196552,20200528,  121,    0
196552,20200529,   78,    0
196552,20200530,  104,    0
196552,20200531,  113,    0
196552,20200601,  140,    0
196552,20200602,  136,    0
196552,20200603,  138,    0
196552,20200604,  116,    0
196552,20200605,  134,    0
196552,20200606,  139,    0
196552,20200607,  134,    0
196552,20200608,  135,    0
196552,20200609,  121,    0
196552,20200610,   98,    0
196552,20200611,  107,    0
196552,20200612,  135,    0
196552,20200613,  141,    0
196552,20200614,  139,    0
196552,20200615,  141,    0
196552,20200616,  143,    0
196552,20200617,  136,    0
196552,20200618,  136,    0
196552,20200619,  137,    0
196552,20200620,  158,    0
196552,20200621,  168,    0
196552,20200622,  184,    0
196552,20200623,  191,    0
196552,20200624,  193,    0
196552,20200625,  196,    0
196552,20200626,  191,    0
196552,20200627,  201,    0
196552,20200628,  205,    0
196552,20200629,  194,    0
196552,20200630,  196,    0
196552,20200701,  195,    0
196552,20200702,  212,    0
196552,20200703,  181,    0
196552,20200704,  172,    0
196552,20200705,  193,    0
196552,20200706,  215,    0
196552,20200707,  158,    0
196552,20200708,  174,    0
196552,20200709,  201,    0
196552,20200710,  211,    0
196552,20200711,  203,    0
196552,20200712,  173,    0
196552,20200713,  151,    0
196552,20200714,  157,    0
196552,20200715,  154,    0
196552,20200716,  165,    0
196552,20200717,  175,    0
196552,20200718,  161,    0
196552,20200719,  178,    0
196552,20200720,  193,    0
196552,20200721,  213,    0
196552,20200722,  209,    0
196552,20200723,  196,    0
196552,20200724,  143,    0
196552,20200725,  169,    0
196552,20200726,  184,    0
196552,20200727,  204,    0
196552,20200728,  223,    0
196552,20200729,  229,    0
196552,20200730,  242,    0
196552,20200731,  227,    0
196552,20200801,  248,    0
196552,20200802,  230,    0
196552,20200803,  178,    0
196552,20200804,  128,    0
196552,20200805,  146,    0
196552,20200806,  166,    0
196552,20200807,  189,    0
196552,20200808,  202,    0
196552,20200809,  214,    0
196552,20200810,  219,    0
196552,20200811,  215,    0
196552,20200812,  216,    0
196552,20200813,  222,    0
196552,20200814,  210,    0
196552,20200815,  204,    0
196552,20200816,  201,    0
196552,20200817,  180,    0
196552,20200818,  180,    0
196552,20200819,  186,    0
196552,20200820,  201,    0
196552,20200821,  221,    0
196552,20200822,  225,    0
196552,20200823,  204,    0
196552,20200824,  178,    0
196552,20200825,  188,    0
196552,20200826,  197,    0
196552,20200827,  196,    0
196552,20200828,  190,    0
196552,20200829,  194,    0
196552,20200830,  157,    0
196552,20200831,  116,    0
196552,20200901,  122,    0
196552,20200902,  134,    0
196552,20200903,  141,    0
196552,20200904,  168,    0
196552,20200905,  183,    0
196552,20200906,  170,    0
196552,20200907,  159,    0
196552,20200908,  158,    0
196552,20200909,  178,    0
196552,20200910,  184,    0
196552,20200911,  178,    0
196552,20200912,  173,    0
196552,20200913,  178,    0
196552,20200914,  173,    0
196552,20200915,  171,    0
196552,20200916,  171,    0
196552,20200917,  173,    0
196552,20200918,  167,    0
196552,20200919,  163,    0
196552,20200920,  152,    0
196552,20200921,  140,    0
196552,20200922,  139,    0
196552,20200923,  131,    0
196552,20200924,  136,    0
196552,20200925,  101,    0
196552,20200926,   81,    0
196552,20200927,   61,    0
196552,20200928,   75,    0
196552,20200929,  101,    0
196552,20200930,  118,    0
196552,20201001,  118,    0
196552,20201002,  127,    0
196552,20201003,  100,    0
196552,20201004,   88,    0
196552,20201005,   87,    0
196552,20201006,   98,    0
196552,20201007,  109,    0
196552,20201008,  109,    0
196552,20201009,  114,    0
196552,20201010,  116,    0
196552,20201011,   74,    0
196552,20201012,   35,    0
196552,20201013,   52,    0
196552,20201014,   56,    0
196552,20201015,   46,    0
196552,20201016,   54,    0
196552,20201017,   57,    0
196552,20201018,   65,    0
196552,20201019,   69,    0
196552,20201020,   75,    0
196552,20201021,   76,    0
196552,20201022,  109,    0
196552,20201023,  124,    0
196552,20201024,  106,    0
196552,20201025,   94,    0
196552,20201026,   95,    0
196552,20201027,   63,    0
196552,20201028,   75,    0
196552,20201029,  103,    0
196552,20201030,  132,    0
196552,20201031,-9999,    9
196552,20201101,-9999,    9
196552,20201102,-9999,    9
196552,20201103,-9999,    9
196552,20201104,-9999,    9
196552,20201105,-9999,    9
196552,20201106,-9999,    9
196552,20201107,-9999,    9
196552,20201108,-9999,    9
196552,20201109,-9999,    9
196552,20201110,-9999,    9
196552,20201111,-9999,    9
196552,20201112,-9999,    9
196552,20201113,-9999,    9
196552,20201114,-9999,    9
196552,20201115,-9999,    9
196552,20201116,-9999,    9
196552,20201117,-9999,    9
196552,20201118,-9999,    9
196552,20201119,-9999,    9
196552,20201120,-9999,    9
196552,20201121,-9999,    9
196552,20201122,-9999,    9
196552,20201123,-9999,    9
196552,20201124,-9999,    9
196552,20201125,-9999,    9
196552,20201126,-9999,    9
196552,20201127,-9999,    9
196552,20201128,-9999,    9
196552,20201129,-9999,    9
196552,20201130,-9999,    9
196552,20201201,-9999,    9
196552,20201202,-9999,    9
196552,20201203,-9999,    9
196552,20201204,-9999,    9
196552,20201205,-9999,    9
196552,20201206,-9999,    9
196552,20201207,-9999,    9
196552,20201208,-9999,    9
196552,20201209,-9999,    9
196552,20201210,-9999,    9
196552,20201211,-9999,    9
196552,20201212,-9999,    9
196552,20201213,-9999,    9
196552,20201214,-9999,    9
196552,20201215,-9999,    9
196552,20201216,-9999,    9
196552,20201217,-9999,    9
196552,20201218,-9999,    9
196552,20201219,-9999,    9
196552,20201220,-9999,    9
196552,20201221,-9999,    9
196552,20201222,-9999,    9
196552,20201223,-9999,    9
196552,20201224,-9999,    9
196552,20201225,-9999,    9
196552,20201226,-9999,    9
196552,20201227,-9999,    9
196552,20201228,-9999,    9
196552,20201229,-9999,    9
196552,20201230,-9999,    9
196552,20201231,  -11,    0
196552,20210101,    6,    0
196552,20210102,    7,    0
196552,20210103,    8,    0
196552,20210104,   -5,    0
196552,20210105,  -11,    0
196552,20210106,  -15,    0
196552,20210107,  -15,    0
196552,20210108,  -43,    0
196552,20210109,  -35,    0
196552,20210110,  -39,    0
196552,20210111,  -53,    0
196552,20210112,  -13,    0
196552,20210113,   34,    0
196552,20210114,   42,    0
196552,20210115,   -9,    0
196552,20210116,  -24,    0
196552,20210117,   -2,    0
196552,20210118,   -7,    0
196552,20210119,   10,    0
196552,20210120,   29,    0
196552,20210121,   46,    0
196552,20210122,   51,    0
196552,20210123,   13,    0
196552,20210124,    0,    0
196552,20210125,   -3,    0
196552,20210126,  -28,    0
196552,20210127,  -16,    0
196552,20210128,   36,    0
196552,20210129,   61,    0
196552,20210130,   50,    0
196552,20210131,   13,    0
196552,20210201,   22,    0
196552,20210202,   53,    0
196552,20210203,   64,    0
196552,20210204,   69,    0
196552,20210205,   57,    0
196552,20210206,   53,    0
196552,20210207,   57,    0
196552,20210208,   25,    0
196552,20210209,   40,    0
196552,20210210,   36,    0
196552,20210211,   47,    0
196552,20210212,  -22,    0
196552,20210213,  -82,    0
196552,20210214,  -71,    0
196552,20210215,  -26,    0
196552,20210216,   30,    0
196552,20210217,   52,    0
196552,20210218,   41,    0
196552,20210219,   52,    0
196552,20210220,   60,    0
196552,20210221,   46,    0
196552,20210222,   40,    0
196552,20210223,   90,    0
196552,20210224,  104,    0
196552,20210225,  104,    0
196552,20210226,  107,    0
196552,20210227,   76,    0
196552,20210228,   26,    0
196552,20210301,   26,    0
196552,20210302,   53,    0
196552,20210303,   71,    0
196552,20210304,   58,    0
196552,20210305,   48,    0
196552,20210306,   12,    0
196552,20210307,   19,    0
196552,20210308,   30,    0
196552,20210309,   19,    0
196552,20210310,   32,    0
196552,20210311,   43,    0
196552,20210312,   55,    0
196552,20210313,   46,    0
196552,20210314,   33,    0
196552,20210315,   45,    0
196552,20210316,   34,    0
196552,20210317,   26,    0
196552,20210318,    0,    0
196552,20210319,  -14,    0
196552,20210320,  -20,    0
196552,20210321,  -20,    0
196552,20210322,   18,    0
196552,20210323,   29,    0
196552,20210324,   64,    0
196552,20210325,   83,    0
196552,20210326,   70,    0
196552,20210327,   60,    0
196552,20210328,   78,    0
196552,20210329,  104,    0
196552,20210330,  131,    0
196552,20210331,-9999,    9
