EUROPEAN CLIMATE ASSESSMENT & DATASET (ECA&D), file created on 12-05-2021
THESE DATA CAN BE USED FREELY PROVIDED THAT THE FOLLOWING SOURCE IS ACKNOWLEDGED:

Klein Tank, A.M.G. and Coauthors, 2002. Daily dataset of 20th-century surface
air temperature and precipitation series for the European Climate Assessment.
Int. J. of Climatol., 22, 1441-1453.
Data and metadata available at http://www.ecad.eu

FILE FORMAT (MISSING VALUE CODE IS -9999):

01-06 SOUID: Source identifier
08-15 DATE : Date YYYYMMDD
17-21 TG   : mean temperature in 0.1 &#176;C
23-27 Q_TG : Quality code for TG (0='valid'; 1='suspect'; 9='missing')

This is the blended series of station ITALY, CASTEL_SAN_PIETRO_GAIANA (STAID: 17581).
Blended and updated with sources: 194816 197984 
See file sources.txt and stations.txt for more info.

 SOUID,    DATE,   TG, Q_TG
194816,20120501,-9999,    9
194816,20120502,-9999,    9
194816,20120503,  199,    0
194816,20120504,  167,    0
194816,20120505,  172,    0
194816,20120506,  157,    0
194816,20120507,  160,    0
194816,20120508,  165,    0
194816,20120509,  178,    0
194816,20120510,  196,    0
194816,20120511,  211,    0
194816,20120512,  230,    0
194816,20120513,  124,    0
194816,20120514,  124,    0
194816,20120515,  148,    0
194816,20120516,  113,    0
194816,20120517,  131,    0
194816,20120518,  131,    0
194816,20120519,  143,    0
194816,20120520,  142,    0
194816,20120521,  140,    0
194816,20120522,  157,    0
194816,20120523,  189,    0
194816,20120524,  212,    0
194816,20120525,  190,    0
194816,20120526,  169,    0
194816,20120527,  171,    0
194816,20120528,  183,    0
194816,20120529,  203,    0
194816,20120530,  217,    0
194816,20120531,  200,    0
194816,20120601,  218,    0
194816,20120602,  220,    0
194816,20120603,  232,    0
194816,20120604,  187,    0
194816,20120605,  196,    0
194816,20120606,  205,    0
194816,20120607,  219,    0
194816,20120608,  229,    0
194816,20120609,  227,    0
194816,20120610,  214,    0
194816,20120611,  218,    0
194816,20120612,  214,    0
194816,20120613,  210,    0
194816,20120614,  195,    0
194816,20120615,  211,    0
194816,20120616,  226,    0
194816,20120617,  245,    0
194816,20120618,  255,    0
194816,20120619,  270,    0
194816,20120620,  278,    0
194816,20120621,  271,    0
194816,20120622,  270,    0
194816,20120623,  250,    0
194816,20120624,  254,    0
194816,20120625,  265,    0
194816,20120626,  248,    0
194816,20120627,  248,    0
194816,20120628,  256,    0
194816,20120629,  281,    0
194816,20120630,  292,    0
194816,20120701,  293,    0
194816,20120702,  300,    0
194816,20120703,  261,    0
194816,20120704,  266,    0
194816,20120705,  269,    0
194816,20120706,  247,    0
194816,20120707,  257,    0
194816,20120708,  281,    0
194816,20120709,  275,    0
194816,20120710,  281,    0
194816,20120711,  277,    0
194816,20120712,  272,    0
194816,20120713,  263,    0
194816,20120714,  284,    0
194816,20120715,  261,    0
194816,20120716,  238,    0
194816,20120717,  238,    0
194816,20120718,  253,    0
194816,20120719,  276,    0
194816,20120720,  289,    0
194816,20120721,  246,    0
194816,20120722,  230,    0
194816,20120723,  222,    0
194816,20120724,  233,    0
194816,20120725,  253,    0
194816,20120726,  268,    0
194816,20120727,  287,    0
194816,20120728,  305,    0
194816,20120729,  287,    0
194816,20120730,  271,    0
194816,20120731,  269,    0
194816,20120801,  268,    0
194816,20120802,  273,    0
194816,20120803,  289,    0
194816,20120804,  286,    0
194816,20120805,  292,    0
194816,20120806,  297,    0
194816,20120807,  276,    0
194816,20120808,  266,    0
194816,20120809,  264,    0
194816,20120810,  255,    0
194816,20120811,  248,    0
194816,20120812,  240,    0
194816,20120813,  244,    0
194816,20120814,  259,    0
194816,20120815,  274,    0
194816,20120816,  286,    0
194816,20120817,  273,    0
194816,20120818,  276,    0
194816,20120819,  276,    0
194816,20120820,  285,    0
194816,20120821,  292,    0
194816,20120822,  295,    0
194816,20120823,  294,    0
194816,20120824,  305,    0
194816,20120825,  308,    0
194816,20120826,  267,    0
194816,20120827,  221,    0
194816,20120828,  229,    0
194816,20120829,  253,    0
194816,20120830,  263,    0
194816,20120831,  228,    0
194816,20120901,  181,    0
194816,20120902,  190,    0
194816,20120903,  187,    0
194816,20120904,  191,    0
194816,20120905,  204,    0
194816,20120906,  222,    0
194816,20120907,  217,    0
194816,20120908,  221,    0
194816,20120909,  228,    0
194816,20120910,  231,    0
194816,20120911,  238,    0
194816,20120912,  227,    0
194816,20120913,  159,    0
194816,20120914,  180,    0
194816,20120915,  175,    0
194816,20120916,  177,    0
194816,20120917,  189,    0
194816,20120918,  194,    0
194816,20120919,  185,    0
194816,20120920,  157,    0
194816,20120921,  148,    0
194816,20120922,  178,    0
194816,20120923,  208,    0
194816,20120924,  215,    0
194816,20120925,  209,    0
194816,20120926,  240,    0
194816,20120927,  224,    0
194816,20120928,  196,    0
194816,20120929,  189,    0
194816,20120930,  187,    0
194816,20121001,  185,    0
194816,20121002,  189,    0
194816,20121003,  191,    0
194816,20121004,  192,    0
194816,20121005,  187,    0
194816,20121006,  192,    0
194816,20121007,  200,    0
194816,20121008,  180,    0
194816,20121009,  163,    0
194816,20121010,  177,    0
194816,20121011,  170,    0
194816,20121012,  153,    0
194816,20121013,  160,    0
194816,20121014,  150,    0
194816,20121015,  160,    0
194816,20121016,  132,    0
194816,20121017,  142,    0
194816,20121018,  154,    0
194816,20121019,  152,    0
194816,20121020,  133,    0
194816,20121021,  150,    0
194816,20121022,  151,    0
194816,20121023,  133,    0
194816,20121024,  125,    0
194816,20121025,  126,    0
194816,20121026,  126,    0
194816,20121027,  146,    0
194816,20121028,   93,    0
194816,20121029,   62,    0
194816,20121030,   61,    0
194816,20121031,   89,    0
194816,20121101,  108,    0
194816,20121102,  110,    0
194816,20121103,  119,    0
194816,20121104,  125,    0
194816,20121105,  157,    0
194816,20121106,  129,    0
194816,20121107,   86,    0
194816,20121108,   71,    0
194816,20121109,   93,    0
194816,20121110,  105,    0
194816,20121111,  134,    0
194816,20121112,  113,    0
194816,20121113,  122,    0
194816,20121114,  112,    0
194816,20121115,   78,    0
194816,20121116,   77,    0
194816,20121117,   89,    0
194816,20121118,   87,    0
194816,20121119,   90,    0
194816,20121120,  103,    0
194816,20121121,   77,    0
194816,20121122,   80,    0
194816,20121123,   98,    0
194816,20121124,   92,    0
194816,20121125,   98,    0
194816,20121126,  102,    0
194816,20121127,  118,    0
194816,20121128,  111,    0
194816,20121129,   95,    0
194816,20121130,   80,    0
194816,20121201,   64,    0
194816,20121202,   57,    0
194816,20121203,   41,    0
194816,20121204,   14,    0
194816,20121205,   11,    0
194816,20121206,    2,    0
194816,20121207,   -3,    0
194816,20121208,   -5,    0
194816,20121209,  -20,    0
194816,20121210,  -16,    0
194816,20121211,    9,    0
194816,20121212,   -8,    0
194816,20121213,  -18,    0
194816,20121214,   -3,    0
194816,20121215,   10,    0
194816,20121216,   11,    0
194816,20121217,   18,    0
194816,20121218,   20,    0
194816,20121219,    0,    0
194816,20121220,    0,    0
194816,20121221,    7,    0
194816,20121222,   19,    0
194816,20121223,    4,    0
194816,20121224,   20,    0
194816,20121225,   37,    0
194816,20121226,   49,    0
194816,20121227,   41,    0
194816,20121228,   54,    0
194816,20121229,   19,    0
194816,20121230,    8,    0
194816,20121231,    1,    0
194816,20130101,   10,    0
194816,20130102,   32,    0
194816,20130103,   53,    0
194816,20130104,   33,    0
194816,20130105,   48,    0
194816,20130106,   33,    0
194816,20130107,   27,    0
194816,20130108,   45,    0
194816,20130109,   47,    0
194816,20130110,   43,    0
194816,20130111,   27,    0
194816,20130112,   32,    0
194816,20130113,   32,    0
194816,20130114,   19,    0
194816,20130115,    9,    0
194816,20130116,   15,    0
194816,20130117,    9,    0
194816,20130118,   22,    0
194816,20130119,    7,    0
194816,20130120,   22,    0
194816,20130121,   27,    0
194816,20130122,   20,    0
194816,20130123,   20,    0
194816,20130124,   49,    0
194816,20130125,   36,    0
194816,20130126,   11,    0
194816,20130127,    2,    0
194816,20130128,   11,    0
194816,20130129,   14,    0
194816,20130130,   15,    0
194816,20130131,   28,    0
194816,20130201,   13,    0
194816,20130202,   26,    0
194816,20130203,   37,    0
194816,20130204,   46,    0
194816,20130205,   30,    0
194816,20130206,   45,    0
194816,20130207,   31,    0
194816,20130208,   13,    0
194816,20130209,   10,    0
194816,20130210,    4,    0
194816,20130211,    1,    0
194816,20130212,    8,    0
194816,20130213,   20,    0
194816,20130214,   31,    0
194816,20130215,   19,    0
194816,20130216,   22,    0
194816,20130217,   31,    0
194816,20130218,   29,    0
194816,20130219,   21,    0
194816,20130220,   19,    0
194816,20130221,   16,    0
194816,20130222,   -3,    0
194816,20130223,    0,    0
194816,20130224,   22,    0
194816,20130225,    4,    0
194816,20130226,   14,    0
194816,20130227,   24,    0
194816,20130228,   43,    0
194816,20130301,   46,    0
194816,20130302,   44,    0
194816,20130303,   51,    0
194816,20130304,   54,    0
194816,20130305,   35,    0
194816,20130306,   72,    0
194816,20130307,   90,    0
194816,20130308,   98,    0
194816,20130309,  115,    0
194816,20130310,  109,    0
194816,20130311,   87,    0
194816,20130312,   89,    0
194816,20130313,   87,    0
194816,20130314,   64,    0
194816,20130315,   36,    0
194816,20130316,   32,    0
194816,20130317,   52,    0
194816,20130318,   39,    0
194816,20130319,   84,    0
194816,20130320,   85,    0
194816,20130321,   94,    0
194816,20130322,   88,    0
194816,20130323,   95,    0
194816,20130324,   77,    0
194816,20130325,   30,    0
194816,20130326,   36,    0
194816,20130327,   59,    0
194816,20130328,   63,    0
194816,20130329,   73,    0
194816,20130330,   82,    0
194816,20130331,   95,    0
194816,20130401,   91,    0
194816,20130402,   78,    0
194816,20130403,   81,    0
194816,20130404,   84,    0
194816,20130405,   86,    0
194816,20130406,   92,    0
194816,20130407,   98,    0
194816,20130408,   88,    0
194816,20130409,   94,    0
194816,20130410,  111,    0
194816,20130411,  124,    0
194816,20130412,  160,    0
194816,20130413,  149,    0
194816,20130414,  142,    0
194816,20130415,  153,    0
194816,20130416,  150,    0
194816,20130417,  157,    0
194816,20130418,  170,    0
194816,20130419,  179,    0
194816,20130420,  162,    0
194816,20130421,  143,    0
194816,20130422,  117,    0
194816,20130423,  118,    0
194816,20130424,  131,    0
194816,20130425,  154,    0
194816,20130426,  162,    0
194816,20130427,  163,    0
194816,20130428,  178,    0
194816,20130429,  167,    0
194816,20130430,  169,    0
194816,20130501,  184,    0
194816,20130502,  168,    0
194816,20130503,  180,    0
194816,20130504,  182,    0
194816,20130505,  160,    0
194816,20130506,  166,    0
194816,20130507,  168,    0
194816,20130508,  173,    0
194816,20130509,  191,    0
194816,20130510,  183,    0
194816,20130511,  175,    0
194816,20130512,  159,    0
194816,20130513,  150,    0
194816,20130514,  165,    0
194816,20130515,  174,    0
194816,20130516,  166,    0
194816,20130517,  161,    0
194816,20130518,  172,    0
194816,20130519,  164,    0
194816,20130520,  157,    0
194816,20130521,  154,    0
194816,20130522,  158,    0
194816,20130523,  167,    0
194816,20130524,  112,    0
194816,20130525,   92,    0
194816,20130526,  143,    0
194816,20130527,  161,    0
194816,20130528,  160,    0
194816,20130529,  165,    0
194816,20130530,  133,    0
194816,20130531,  155,    0
194816,20130601,  171,    0
194816,20130602,  192,    0
194816,20130603,  166,    0
194816,20130604,  179,    0
194816,20130605,  189,    0
194816,20130606,  182,    0
194816,20130607,  197,    0
194816,20130608,  205,    0
194816,20130609,  182,    0
194816,20130610,  179,    0
194816,20130611,  201,    0
194816,20130612,  205,    0
194816,20130613,  212,    0
194816,20130614,  222,    0
194816,20130615,  241,    0
194816,20130616,  246,    0
194816,20130617,  253,    0
194816,20130618,  261,    0
194816,20130619,  262,    0
194816,20130620,  267,    0
194816,20130621,  247,    0
194816,20130622,  226,    0
194816,20130623,  233,    0
194816,20130624,  195,    0
194816,20130625,  202,    0
194816,20130626,  173,    0
194816,20130627,  174,    0
194816,20130628,  152,    0
194816,20130629,  178,    0
194816,20130630,  201,    0
194816,20130701,  210,    0
194816,20130702,  220,    0
194816,20130703,  234,    0
194816,20130704,  226,    0
194816,20130705,  242,    0
194816,20130706,  246,    0
194816,20130707,  236,    0
194816,20130708,  234,    0
194816,20130709,  240,    0
194816,20130710,  244,    0
194816,20130711,  245,    0
194816,20130712,  239,    0
194816,20130713,  231,    0
194816,20130714,  230,    0
194816,20130715,  241,    0
194816,20130716,  238,    0
194816,20130717,  235,    0
194816,20130718,  234,    0
194816,20130719,  245,    0
194816,20130720,  247,    0
194816,20130721,  245,    0
194816,20130722,  252,    0
194816,20130723,  262,    0
194816,20130724,  266,    0
194816,20130725,  273,    0
194816,20130726,  278,    0
194816,20130727,  294,    0
194816,20130728,  312,    0
194816,20130729,  260,    0
194816,20130730,  244,    0
194816,20130731,  248,    0
194816,20130801,  258,    0
194816,20130802,  276,    0
194816,20130803,  291,    0
194816,20130804,  303,    0
194816,20130805,  296,    0
194816,20130806,  294,    0
194816,20130807,  300,    0
194816,20130808,  291,    0
194816,20130809,  264,    0
194816,20130810,  241,    0
194816,20130811,  241,    0
194816,20130812,  254,    0
194816,20130813,  275,    0
194816,20130814,  207,    0
194816,20130815,  217,    0
194816,20130816,  226,    0
194816,20130817,  244,    0
194816,20130818,  253,    0
194816,20130819,  263,    0
194816,20130820,  191,    0
194816,20130821,  210,    0
194816,20130822,  220,    0
194816,20130823,  231,    0
194816,20130824,  243,    0
194816,20130825,  219,    0
194816,20130826,  212,    0
194816,20130827,  200,    0
194816,20130828,  208,    0
194816,20130829,  208,    0
194816,20130830,  202,    0
194816,20130831,  208,    0
194816,20130901,  214,    0
194816,20130902,  219,    0
194816,20130903,  230,    0
194816,20130904,  227,    0
194816,20130905,  230,    0
194816,20130906,  234,    0
194816,20130907,  240,    0
194816,20130908,  250,    0
194816,20130909,  245,    0
194816,20130910,  214,    0
194816,20130911,  183,    0
194816,20130912,  173,    0
194816,20130913,  186,    0
194816,20130914,  195,    0
194816,20130915,  187,    0
194816,20130916,  193,    0
194816,20130917,  182,    0
194816,20130918,  162,    0
194816,20130919,  183,    0
194816,20130920,  183,    0
194816,20130921,  186,    0
194816,20130922,  179,    0
194816,20130923,  188,    0
194816,20130924,  199,    0
194816,20130925,  200,    0
194816,20130926,  206,    0
194816,20130927,  213,    0
194816,20130928,  224,    0
194816,20130929,  178,    0
194816,20130930,  141,    0
194816,20131001,  165,    0
194816,20131002,  162,    0
194816,20131003,  128,    0
194816,20131004,  136,    0
194816,20131005,  113,    0
194816,20131006,  132,    0
194816,20131007,  147,    0
194816,20131008,  134,    0
194816,20131009,  151,    0
194816,20131010,  170,    0
194816,20131011,  124,    0
194816,20131012,  141,    0
194816,20131013,  131,    0
194816,20131014,  124,    0
194816,20131015,  138,    0
194816,20131016,  152,    0
194816,20131017,  130,    0
194816,20131018,  131,    0
194816,20131019,  149,    0
194816,20131020,  158,    0
194816,20131021,  154,    0
194816,20131022,  150,    0
194816,20131023,  184,    0
194816,20131024,  177,    0
194816,20131025,  168,    0
194816,20131026,  168,    0
194816,20131027,  181,    0
194816,20131028,  176,    0
194816,20131029,  198,    0
194816,20131030,  160,    0
194816,20131031,  142,    0
194816,20131101,  121,    0
194816,20131102,  125,    0
194816,20131103,  169,    0
194816,20131104,  146,    0
194816,20131105,  121,    0
194816,20131106,  117,    0
194816,20131107,  116,    0
194816,20131108,  142,    0
194816,20131109,  142,    0
194816,20131110,  133,    0
194816,20131111,  115,    0
194816,20131112,  106,    0
194816,20131113,  122,    0
194816,20131114,  110,    0
194816,20131115,  105,    0
194816,20131116,  102,    0
194816,20131117,  100,    0
194816,20131118,  104,    0
194816,20131119,  115,    0
194816,20131120,  101,    0
194816,20131121,   81,    0
194816,20131122,   66,    0
194816,20131123,   56,    0
194816,20131124,   75,    0
194816,20131125,   54,    0
194816,20131126,   11,    0
194816,20131127,   19,    0
194816,20131128,   22,    0
194816,20131129,   11,    0
194816,20131130,   21,    0
194816,20131201,   52,    0
194816,20131202,   56,    0
194816,20131203,   26,    0
194816,20131204,   18,    0
194816,20131205,   12,    0
194816,20131206,   31,    0
194816,20131207,   19,    0
194816,20131208,    9,    0
194816,20131209,    1,    0
194816,20131210,    7,    0
194816,20131211,   10,    0
194816,20131212,   14,    0
194816,20131213,   10,    0
194816,20131214,   22,    0
194816,20131215,   19,    0
194816,20131216,   17,    0
194816,20131217,   13,    0
194816,20131218,    3,    0
194816,20131219,    2,    0
194816,20131220,   43,    0
194816,20131221,   60,    0
194816,20131222,   55,    0
194816,20131223,   62,    0
194816,20131224,   39,    0
194816,20131225,  112,    0
194816,20131226,  103,    0
194816,20131227,   74,    0
194816,20131228,   60,    0
194816,20131229,   80,    0
194816,20131230,   68,    0
194816,20131231,   34,    0
194816,20140101,   17,    0
194816,20140102,   28,    0
194816,20140103,   49,    0
194816,20140104,   64,    0
194816,20140105,   67,    0
194816,20140106,   77,    0
194816,20140107,   53,    0
194816,20140108,   61,    0
194816,20140109,   54,    0
194816,20140110,   56,    0
194816,20140111,   80,    0
194816,20140112,   74,    0
194816,20140113,   72,    0
194816,20140114,   69,    0
194816,20140115,   38,    0
194816,20140116,   44,    0
194816,20140117,   70,    0
194816,20140118,   57,    0
194816,20140119,   64,    0
194816,20140120,   78,    0
194816,20140121,   88,    0
194816,20140122,   72,    0
194816,20140123,   66,    0
194816,20140124,   59,    0
194816,20140125,   43,    0
194816,20140126,   24,    0
194816,20140127,   31,    0
194816,20140128,   12,    0
194816,20140129,   29,    0
194816,20140130,   42,    0
194816,20140131,   45,    0
194816,20140201,   72,    0
194816,20140202,   68,    0
194816,20140203,   73,    0
194816,20140204,   60,    0
194816,20140205,   73,    0
194816,20140206,   67,    0
194816,20140207,   84,    0
194816,20140208,   88,    0
194816,20140209,   88,    0
194816,20140210,   79,    0
194816,20140211,   70,    0
194816,20140212,   77,    0
194816,20140213,   79,    0
194816,20140214,   80,    0
194816,20140215,   71,    0
194816,20140216,   73,    0
194816,20140217,   85,    0
194816,20140218,   83,    0
194816,20140219,   90,    0
194816,20140220,   82,    0
194816,20140221,  102,    0
194816,20140222,   75,    0
194816,20140223,   58,    0
194816,20140224,   57,    0
194816,20140225,   72,    0
194816,20140226,   89,    0
194816,20140227,   65,    0
194816,20140228,   79,    0
194816,20140301,   73,    0
194816,20140302,   70,    0
194816,20140303,   87,    0
194816,20140304,   74,    0
194816,20140305,   95,    0
194816,20140306,   94,    0
194816,20140307,   93,    0
194816,20140308,   79,    0
194816,20140309,   80,    0
194816,20140310,   77,    0
194816,20140311,   66,    0
194816,20140312,   81,    0
194816,20140313,   90,    0
194816,20140314,   94,    0
194816,20140315,  105,    0
194816,20140316,  106,    0
194816,20140317,  106,    0
194816,20140318,  106,    0
194816,20140319,  127,    0
194816,20140320,  115,    0
194816,20140321,  130,    0
194816,20140322,  146,    0
194816,20140323,  124,    0
194816,20140324,   65,    0
194816,20140325,   67,    0
194816,20140326,   77,    0
194816,20140327,  106,    0
194816,20140328,  115,    0
194816,20140329,  110,    0
194816,20140330,  119,    0
194816,20140331,  134,    0
194816,20140401,  133,    0
194816,20140402,  128,    0
194816,20140403,  132,    0
194816,20140404,  128,    0
194816,20140405,  127,    0
194816,20140406,  144,    0
194816,20140407,  152,    0
194816,20140408,  163,    0
194816,20140409,  135,    0
194816,20140410,  135,    0
194816,20140411,  130,    0
194816,20140412,  130,    0
194816,20140413,  121,    0
194816,20140414,  146,    0
194816,20140415,  122,    0
194816,20140416,  103,    0
194816,20140417,   99,    0
194816,20140418,  131,    0
194816,20140419,  115,    0
194816,20140420,  131,    0
194816,20140421,  134,    0
194816,20140422,  134,    0
194816,20140423,  146,    0
194816,20140424,  166,    0
194816,20140425,  164,    0
194816,20140426,  171,    0
194816,20140427,  143,    0
194816,20140428,  120,    0
194816,20140429,  137,    0
194816,20140430,  140,    0
194816,20140501,  158,    0
194816,20140502,  129,    0
194816,20140503,  139,    0
194816,20140504,  135,    0
194816,20140505,  129,    0
194816,20140506,  151,    0
194816,20140507,  162,    0
194816,20140508,  152,    0
194816,20140509,  173,    0
194816,20140510,  199,    0
194816,20140511,  199,    0
194816,20140512,  157,    0
194816,20140513,  118,    0
194816,20140514,  152,    0
194816,20140515,  145,    0
194816,20140516,  167,    0
194816,20140517,  161,    0
194816,20140518,  172,    0
194816,20140519,  163,    0
194816,20140520,  179,    0
194816,20140521,  190,    0
194816,20140522,  209,    0
194816,20140523,  201,    0
194816,20140524,  183,    0
194816,20140525,  184,    0
194816,20140526,  177,    0
194816,20140527,  177,    0
194816,20140528,  173,    0
194816,20140529,  182,    0
194816,20140530,  172,    0
194816,20140531,  163,    0
194816,20140601,  168,    0
194816,20140602,  175,    0
194816,20140603,  188,    0
194816,20140604,  186,    0
194816,20140605,  208,    0
194816,20140606,  209,    0
194816,20140607,  227,    0
194816,20140608,  242,    0
194816,20140609,  238,    0
194816,20140610,  244,    0
194816,20140611,  264,    0
194816,20140612,  264,    0
194816,20140613,  256,    0
194816,20140614,  217,    0
194816,20140615,  192,    0
194816,20140616,  177,    0
194816,20140617,  181,    0
194816,20140618,  187,    0
194816,20140619,  204,    0
194816,20140620,  223,    0
194816,20140621,  219,    0
194816,20140622,  233,    0
194816,20140623,  245,    0
194816,20140624,  242,    0
194816,20140625,  204,    0
194816,20140626,  191,    0
194816,20140627,  215,    0
194816,20140628,  231,    0
194816,20140629,  228,    0
194816,20140630,  209,    0
194816,20140701,  214,    0
194816,20140702,  215,    0
194816,20140703,  219,    0
194816,20140704,  216,    0
194816,20140705,  229,    0
194816,20140706,  245,    0
194816,20140707,  249,    0
194816,20140708,  213,    0
194816,20140709,  197,    0
194816,20140710,  169,    0
194816,20140711,  203,    0
194816,20140712,  212,    0
194816,20140713,  211,    0
194816,20140714,  201,    0
194816,20140715,  224,    0
194816,20140716,  247,    0
194816,20140717,  258,    0
194816,20140718,  259,    0
194816,20140719,  260,    0
194816,20140720,  274,    0
194816,20140721,  218,    0
194816,20140722,  224,    0
194816,20140723,  243,    0
194816,20140724,  215,    0
194816,20140725,  232,    0
194816,20140726,  201,    0
194816,20140727,  214,    0
194816,20140728,  243,    0
194816,20140729,  225,    0
194816,20140730,  193,    0
194816,20140731,  221,    0
194816,20140801,  240,    0
194816,20140802,  246,    0
194816,20140803,  230,    0
194816,20140804,  234,    0
194816,20140805,  224,    0
194816,20140806,  233,    0
194816,20140807,  237,    0
194816,20140808,  241,    0
194816,20140809,  254,    0
194816,20140810,  259,    0
194816,20140811,  269,    0
194816,20140812,  276,    0
194816,20140813,  261,    0
194816,20140814,-9999,    9
194816,20140815,-9999,    9
194816,20140816,-9999,    9
194816,20140817,-9999,    9
194816,20140818,-9999,    9
194816,20140819,-9999,    9
194816,20140820,-9999,    9
194816,20140821,-9999,    9
194816,20140822,-9999,    9
194816,20140823,-9999,    9
194816,20140824,-9999,    9
194816,20140825,-9999,    9
194816,20140826,-9999,    9
194816,20140827,-9999,    9
194816,20140828,-9999,    9
194816,20140829,-9999,    9
194816,20140830,-9999,    9
194816,20140831,-9999,    9
194816,20140901,-9999,    9
194816,20140902,-9999,    9
194816,20140903,-9999,    9
194816,20140904,  199,    0
194816,20140905,  202,    0
194816,20140906,  212,    0
194816,20140907,  212,    0
194816,20140908,  217,    0
194816,20140909,  227,    0
194816,20140910,  201,    0
194816,20140911,  182,    0
194816,20140912,  163,    0
194816,20140913,  173,    0
194816,20140914,  191,    0
194816,20140915,  190,    0
194816,20140916,  191,    0
194816,20140917,  185,    0
194816,20140918,  180,    0
194816,20140919,  187,    0
194816,20140920,  193,    0
194816,20140921,  203,    0
194816,20140922,  203,    0
194816,20140923,  160,    0
194816,20140924,  147,    0
194816,20140925,  164,    0
194816,20140926,  165,    0
194816,20140927,  175,    0
194816,20140928,  175,    0
194816,20140929,  176,    0
194816,20140930,  187,    0
194816,20141001,  180,    0
194816,20141002,  177,    0
194816,20141003,  165,    0
194816,20141004,  158,    0
194816,20141005,  154,    0
194816,20141006,  145,    0
194816,20141007,  169,    0
194816,20141008,  193,    0
194816,20141009,  174,    0
194816,20141010,  200,    0
194816,20141011,  199,    0
194816,20141012,  184,    0
194816,20141013,  208,    0
194816,20141014,  177,    0
194816,20141015,  176,    0
194816,20141016,  190,    0
194816,20141017,  207,    0
194816,20141018,  200,    0
194816,20141019,  187,    0
194816,20141020,  185,    0
194816,20141021,  202,    0
194816,20141022,  157,    0
194816,20141023,  145,    0
197984,20141024,  158,    0
197984,20141025,  111,    0
197984,20141026,  108,    0
197984,20141027,  105,    0
197984,20141028,   94,    0
197984,20141029,   80,    0
197984,20141030,   84,    0
197984,20141031,   88,    0
197984,20141101,   99,    0
197984,20141102,  110,    0
197984,20141103,  121,    0
197984,20141104,  161,    0
197984,20141105,  162,    0
197984,20141106,  143,    0
197984,20141107,  129,    0
197984,20141108,  137,    0
197984,20141109,  139,    0
197984,20141110,  137,    0
197984,20141111,  139,    0
197984,20141112,  138,    0
197984,20141113,  139,    0
197984,20141114,  126,    0
197984,20141115,  125,    0
197984,20141116,  136,    0
197984,20141117,   99,    0
197984,20141118,   96,    0
197984,20141119,   92,    0
197984,20141120,   66,    0
197984,20141121,   68,    0
197984,20141122,  100,    0
197984,20141123,  104,    0
197984,20141124,   94,    0
197984,20141125,   88,    0
197984,20141126,   80,    0
197984,20141127,   73,    0
197984,20141128,   85,    0
197984,20141129,  113,    0
197984,20141130,  117,    0
197984,20141201,  124,    0
197984,20141202,  102,    0
197984,20141203,   79,    0
197984,20141204,   90,    0
197984,20141205,   91,    0
197984,20141206,  100,    0
197984,20141207,   87,    0
197984,20141208,   75,    0
197984,20141209,   68,    0
197984,20141210,   48,    0
197984,20141211,   30,    0
197984,20141212,   32,    0
197984,20141213,   44,    0
197984,20141214,   62,    0
197984,20141215,   71,    0
197984,20141216,   76,    0
197984,20141217,   91,    0
197984,20141218,   70,    0
197984,20141219,   49,    0
197984,20141220,   51,    0
197984,20141221,   56,    0
197984,20141222,   38,    0
197984,20141223,   23,    0
197984,20141224,   26,    0
197984,20141225,   54,    0
197984,20141226,   41,    0
197984,20141227,    2,    0
197984,20141228,   12,    0
197984,20141229,   12,    0
197984,20141230,  -10,    0
197984,20141231,  -11,    0
197984,20150101,   -3,    0
197984,20150102,   22,    0
197984,20150103,   22,    0
197984,20150104,   36,    0
197984,20150105,   37,    0
197984,20150106,   18,    0
197984,20150107,   27,    0
197984,20150108,   42,    0
197984,20150109,   21,    0
197984,20150110,   24,    0
197984,20150111,   24,    0
197984,20150112,   53,    0
197984,20150113,   27,    0
197984,20150114,   32,    0
197984,20150115,   22,    0
197984,20150116,   69,    0
197984,20150117,  123,    0
197984,20150118,   46,    0
197984,20150119,   27,    0
197984,20150120,   39,    0
197984,20150121,   55,    0
197984,20150122,   54,    0
197984,20150123,   63,    0
197984,20150124,   67,    0
197984,20150125,   51,    0
197984,20150126,   32,    0
197984,20150127,    8,    0
197984,20150128,   15,    0
197984,20150129,   18,    0
197984,20150130,   21,    0
197984,20150131,   16,    0
197984,20150201,   28,    0
197984,20150202,   14,    0
197984,20150203,   28,    0
197984,20150204,   48,    0
197984,20150205,   36,    0
197984,20150206,   24,    0
197984,20150207,   14,    0
197984,20150208,   15,    0
197984,20150209,   11,    0
197984,20150210,   21,    0
197984,20150211,   21,    0
197984,20150212,   36,    0
197984,20150213,   44,    0
197984,20150214,   60,    0
197984,20150215,   57,    0
197984,20150216,   67,    0
197984,20150217,   65,    0
197984,20150218,   36,    0
197984,20150219,   34,    0
197984,20150220,   37,    0
197984,20150221,   71,    0
197984,20150222,   69,    0
197984,20150223,   86,    0
197984,20150224,   64,    0
197984,20150225,   70,    0
197984,20150226,   74,    0
197984,20150227,   76,    0
197984,20150228,   65,    0
197984,20150301,   71,    0
197984,20150302,   87,    0
197984,20150303,   62,    0
197984,20150304,   78,    0
197984,20150305,   74,    0
197984,20150306,   51,    0
197984,20150307,   46,    0
197984,20150308,   52,    0
197984,20150309,   45,    0
197984,20150310,   66,    0
197984,20150311,   88,    0
197984,20150312,   67,    0
197984,20150313,   68,    0
197984,20150314,   69,    0
197984,20150315,   87,    0
197984,20150316,   90,    0
197984,20150317,   90,    0
197984,20150318,   92,    0
197984,20150319,  107,    0
194816,20150320,   85,    0
194816,20150321,  100,    0
194816,20150322,  103,    0
194816,20150323,  109,    0
194816,20150324,  105,    0
194816,20150325,  110,    0
194816,20150326,  114,    0
194816,20150327,  103,    0
194816,20150328,  104,    0
194816,20150329,  131,    0
194816,20150330,  159,    0
194816,20150331,  150,    0
194816,20150401,  142,    0
194816,20150402,  126,    0
194816,20150403,  115,    0
194816,20150404,   74,    0
194816,20150405,   82,    0
194816,20150406,   75,    0
194816,20150407,   75,    0
194816,20150408,  104,    0
194816,20150409,  108,    0
194816,20150410,  118,    0
197984,20150411,  113,    0
194816,20150412,  110,    0
197984,20150413,  147,    0
194816,20150414,  151,    0
194816,20150415,  185,    0
194816,20150416,  238,    0
194816,20150417,  200,    0
197984,20150418,  107,    0
194816,20150419,  133,    0
197984,20150420,  106,    0
197984,20150421,  116,    0
197984,20150422,  113,    0
197984,20150423,  150,    0
194816,20150424,  185,    0
197984,20150425,  131,    0
197984,20150426,  139,    0
197984,20150427,  153,    0
194816,20150428,  122,    0
197984,20150429,  155,    0
197984,20150430,  156,    0
197984,20150501,  173,    0
197984,20150502,  135,    0
194816,20150503,  216,    0
197984,20150504,  175,    0
197984,20150505,  167,    0
194816,20150506,  162,    0
197984,20150507,  185,    0
197984,20150508,  168,    0
197984,20150509,  208,    0
197984,20150510,  156,    0
197984,20150511,  169,    0
194816,20150512,  258,    0
194816,20150513,  190,    0
194816,20150514,  215,    0
197984,20150515,  176,    0
194816,20150516,  146,    0
197984,20150517,  195,    0
194816,20150518,  182,    0
197984,20150519,  204,    0
194816,20150520,  190,    0
197984,20150521,  119,    0
194816,20150522,  130,    0
197984,20150523,  131,    0
197984,20150524,  137,    0
197984,20150525,  148,    0
194816,20150526,  137,    0
194816,20150527,  139,    0
194816,20150528,   99,    0
194816,20150529,  103,    0
197984,20150530,  179,    0
197984,20150531,  170,    0
194816,20150601,  143,    0
197984,20150602,  218,    0
197984,20150603,  204,    0
194816,20150604,  193,    0
194816,20150605,  305,    0
194816,20150606,  224,    0
197984,20150607,  225,    0
197984,20150608,  203,    0
194816,20150609,  254,    0
197984,20150610,  198,    0
197984,20150611,  206,    0
194816,20150612,  275,    0
197984,20150613,  248,    0
194816,20150614,  221,    0
194816,20150615,  197,    0
197984,20150616,  221,    0
194816,20150617,  183,    0
197984,20150618,  188,    0
194816,20150619,  178,    0
197984,20150620,  166,    0
194816,20150621,  148,    0
197984,20150622,  170,    0
197984,20150623,  197,    0
194816,20150624,  189,    0
197984,20150625,  166,    0
197984,20150626,  169,    0
194816,20150627,  182,    0
194816,20150628,  243,    0
194816,20150629,  271,    0
197984,20150630,  259,    0
194816,20150701,  235,    0
194816,20150702,  197,    0
194816,20150703,  212,    0
197984,20150704,  226,    0
197984,20150705,  253,    0
194816,20150706,  237,    0
197984,20150707,  270,    0
197984,20150708,  253,    0
194816,20150709,  239,    0
197984,20150710,  220,    0
197984,20150711,  248,    0
197984,20150712,  224,    0
197984,20150713,  264,    0
194816,20150714,  224,    0
197984,20150715,  264,    0
197984,20150716,  265,    0
197984,20150717,  303,    0
197984,20150718,  277,    0
197984,20150719,  306,    0
194816,20150720,  357,    0
197984,20150721,  276,    0
197984,20150722,  286,    0
197984,20150723,  271,    0
197984,20150724,  272,    0
197984,20150725,  271,    0
194816,20150726,  279,    0
197984,20150727,  246,    0
194816,20150728,  289,    0
194816,20150729,  236,    0
197984,20150730,  243,    0
197984,20150731,  218,    0
197984,20150801,  207,    0
197984,20150802,  208,    0
194816,20150803,  232,    0
194816,20150804,  305,    0
197984,20150805,  258,    0
197984,20150806,  285,    0
197984,20150807,  274,    0
197984,20150808,  255,    0
197984,20150809,  272,    0
197984,20150810,  221,    0
194816,20150811,  188,    0
197984,20150812,  252,    0
197984,20150813,  264,    0
197984,20150814,  245,    0
197984,20150815,  252,    0
197984,20150816,  212,    0
194816,20150817,  220,    0
197984,20150818,  232,    0
197984,20150819,  194,    0
197984,20150820,  207,    0
194816,20150821,  203,    0
197984,20150822,  187,    0
197984,20150823,  182,    0
197984,20150824,  217,    0
197984,20150825,  228,    0
194816,20150826,  241,    0
197984,20150827,  248,    0
197984,20150828,  222,    0
197984,20150829,  260,    0
197984,20150830,  255,    0
194816,20150831,  281,    0
194816,20150901,  285,    0
194816,20150902,  240,    0
197984,20150903,  238,    0
194816,20150904,  238,    0
197984,20150905,  201,    0
194816,20150906,  219,    0
194816,20150907,  228,    0
197984,20150908,  172,    0
194816,20150909,  173,    0
194816,20150910,  146,    0
197984,20150911,  173,    0
197984,20150912,  204,    0
197984,20150913,  188,    0
197984,20150914,  224,    0
197984,20150915,  215,    0
197984,20150916,  216,    0
197984,20150917,  271,    0
194816,20150918,  222,    0
197984,20150919,  169,    0
197984,20150920,  170,    0
197984,20150921,  152,    0
194816,20150922,  158,    0
197984,20150923,  191,    0
194816,20150924,  151,    0
197984,20150925,  167,    0
197984,20150926,  166,    0
194816,20150927,  175,    0
194816,20150928,  163,    0
197984,20150929,  151,    0
197984,20150930,  137,    0
197984,20151001,  121,    0
197984,20151002,  123,    0
194816,20151003,  156,    0
197984,20151004,  190,    0
197984,20151005,  174,    0
194816,20151006,  165,    0
197984,20151007,  176,    0
194816,20151008,  207,    0
197984,20151009,  139,    0
194816,20151010,  159,    0
194816,20151011,  208,    0
197984,20151012,  174,    0
194816,20151013,  158,    0
194816,20151014,  164,    0
194816,20151015,  150,    0
194816,20151016,  150,    0
197984,20151017,   93,    0
197984,20151018,  104,    0
194816,20151019,  112,    0
197984,20151020,   93,    0
197984,20151021,  128,    0
194816,20151022,   75,    0
194816,20151023,   55,    0
194816,20151024,  123,    0
194816,20151025,   99,    0
197984,20151026,  129,    0
197984,20151027,  138,    0
194816,20151028,  122,    0
194816,20151029,  128,    0
194816,20151030,  136,    0
194816,20151031,  112,    0
194816,20151101,  106,    0
194816,20151102,   96,    0
194816,20151103,  103,    0
194816,20151104,  117,    0
194816,20151105,  131,    0
194816,20151106,  135,    0
194816,20151107,  140,    0
194816,20151108,  141,    0
194816,20151109,  145,    0
194816,20151110,  134,    0
194816,20151111,  104,    0
194816,20151112,  113,    0
194816,20151113,   87,    0
194816,20151114,  100,    0
194816,20151115,  105,    0
194816,20151116,  100,    0
194816,20151117,  100,    0
194816,20151118,   97,    0
194816,20151119,  103,    0
194816,20151120,   96,    0
194816,20151121,   83,    0
194816,20151122,   58,    0
194816,20151123,   45,    0
194816,20151124,   48,    0
194816,20151125,   32,    0
194816,20151126,   45,    0
194816,20151127,   56,    0
194816,20151128,   38,    0
194816,20151129,   34,    0
194816,20151130,   55,    0
194816,20151201,   53,    0
194816,20151202,   54,    0
194816,20151203,   36,    0
194816,20151204,   37,    0
194816,20151205,   60,    0
194816,20151206,   47,    0
194816,20151207,   59,    0
194816,20151208,   74,    0
194816,20151209,   26,    0
194816,20151210,   44,    0
194816,20151211,   17,    0
194816,20151212,   18,    0
194816,20151213,   28,    0
194816,20151214,   56,    0
194816,20151215,   61,    0
194816,20151216,   58,    0
194816,20151217,   62,    0
194816,20151218,   64,    0
194816,20151219,   67,    0
194816,20151220,   62,    0
194816,20151221,   60,    0
194816,20151222,   63,    0
194816,20151223,   48,    0
194816,20151224,   62,    0
194816,20151225,   76,    0
194816,20151226,   57,    0
194816,20151227,   25,    0
194816,20151228,   22,    0
194816,20151229,   24,    0
194816,20151230,   25,    0
194816,20151231,   43,    0
194816,20160101,   20,    0
194816,20160102,   12,    0
194816,20160103,   21,    0
194816,20160104,   22,    0
194816,20160105,   32,    0
194816,20160106,   32,    0
194816,20160107,   35,    0
194816,20160108,   50,    0
194816,20160109,   49,    0
194816,20160110,   71,    0
194816,20160111,  148,    0
194816,20160112,  122,    0
194816,20160113,   92,    0
194816,20160114,   47,    0
194816,20160115,   41,    0
194816,20160116,   27,    0
194816,20160117,   21,    0
194816,20160118,   12,    0
194816,20160119,   -9,    0
194816,20160120,   -4,    0
194816,20160121,    0,    0
194816,20160122,   15,    0
194816,20160123,   13,    0
194816,20160124,   22,    0
194816,20160125,   46,    0
194816,20160126,   75,    0
194816,20160127,   76,    0
194816,20160128,   78,    0
194816,20160129,   79,    0
194816,20160130,   97,    0
194816,20160131,  106,    0
194816,20160201,   60,    0
194816,20160202,   68,    0
194816,20160203,   77,    0
194816,20160204,   64,    0
194816,20160205,   54,    0
194816,20160206,   56,    0
194816,20160207,   95,    0
194816,20160208,   80,    0
194816,20160209,  107,    0
194816,20160210,   96,    0
194816,20160211,   59,    0
194816,20160212,   68,    0
194816,20160213,   54,    0
194816,20160214,   57,    0
194816,20160215,   64,    0
194816,20160216,   68,    0
194816,20160217,   65,    0
194816,20160218,   79,    0
194816,20160219,   87,    0
194816,20160220,   72,    0
194816,20160221,   86,    0
194816,20160222,   88,    0
194816,20160223,  106,    0
194816,20160224,   83,    0
194816,20160225,   72,    0
194816,20160226,   70,    0
194816,20160227,   69,    0
194816,20160228,   97,    0
194816,20160229,   96,    0
194816,20160301,   87,    0
194816,20160302,  106,    0
194816,20160303,   47,    0
194816,20160304,   88,    0
194816,20160305,   98,    0
194816,20160306,   51,    0
194816,20160307,   59,    0
194816,20160308,   54,    0
194816,20160309,   55,    0
194816,20160310,   84,    0
194816,20160311,   87,    0
194816,20160312,   97,    0
194816,20160313,   94,    0
194816,20160314,   83,    0
194816,20160315,   84,    0
194816,20160316,   71,    0
194816,20160317,   78,    0
194816,20160318,   96,    0
194816,20160319,  123,    0
194816,20160320,  136,    0
194816,20160321,  121,    0
194816,20160322,  109,    0
194816,20160323,   88,    0
194816,20160324,   85,    0
194816,20160325,  115,    0
194816,20160326,  107,    0
194816,20160327,  131,    0
194816,20160328,  141,    0
197984,20160329,  160,    0
197984,20160330,  152,    0
194816,20160331,  133,    0
194816,20160401,  161,    0
194816,20160402,  126,    0
197984,20160403,  141,    0
194816,20160404,  134,    0
197984,20160405,  155,    0
194816,20160406,  102,    0
194816,20160407,  109,    0
197984,20160408,  127,    0
197984,20160409,  103,    0
197984,20160410,  128,    0
194816,20160411,  113,    0
194816,20160412,  148,    0
194816,20160413,  130,    0
197984,20160414,  150,    0
194816,20160415,  186,    0
194816,20160416,  187,    0
194816,20160417,  213,    0
194816,20160418,  151,    0
197984,20160419,  111,    0
194816,20160420,  137,    0
194816,20160421,   66,    0
194816,20160422,  126,    0
194816,20160423,  184,    0
197984,20160424,  115,    0
194816,20160425,   94,    0
194816,20160426,  142,    0
194816,20160427,  136,    0
194816,20160428,   89,    0
194816,20160429,  127,    0
194816,20160430,  119,    0
194816,20160501,  142,    0
194816,20160502,  135,    0
194816,20160503,  201,    0
197984,20160504,  143,    0
194816,20160505,  158,    0
194816,20160506,-9999,    9
194816,20160507,-9999,    9
194816,20160508,-9999,    9
194816,20160509,-9999,    9
194816,20160510,-9999,    9
194816,20160511,-9999,    9
194816,20160512,-9999,    9
194816,20160513,-9999,    9
194816,20160514,-9999,    9
194816,20160515,-9999,    9
194816,20160516,-9999,    9
194816,20160517,-9999,    9
194816,20160518,-9999,    9
194816,20160519,-9999,    9
194816,20160520,-9999,    9
194816,20160521,-9999,    9
194816,20160522,-9999,    9
194816,20160523,-9999,    9
194816,20160524,-9999,    9
194816,20160525,-9999,    9
194816,20160526,-9999,    9
194816,20160527,-9999,    9
194816,20160528,-9999,    9
194816,20160529,-9999,    9
194816,20160530,-9999,    9
194816,20160531,-9999,    9
194816,20160601,-9999,    9
194816,20160602,-9999,    9
194816,20160603,-9999,    9
194816,20160604,-9999,    9
194816,20160605,-9999,    9
194816,20160606,-9999,    9
194816,20160607,-9999,    9
194816,20160608,-9999,    9
194816,20160609,-9999,    9
194816,20160610,-9999,    9
194816,20160611,-9999,    9
194816,20160612,-9999,    9
194816,20160613,-9999,    9
194816,20160614,-9999,    9
194816,20160615,-9999,    9
194816,20160616,-9999,    9
194816,20160617,-9999,    9
194816,20160618,-9999,    9
194816,20160619,-9999,    9
194816,20160620,-9999,    9
194816,20160621,-9999,    9
194816,20160622,-9999,    9
194816,20160623,-9999,    9
194816,20160624,-9999,    9
194816,20160625,-9999,    9
194816,20160626,-9999,    9
194816,20160627,-9999,    9
194816,20160628,-9999,    9
194816,20160629,-9999,    9
194816,20160630,-9999,    9
194816,20160701,-9999,    9
194816,20160702,-9999,    9
194816,20160703,-9999,    9
194816,20160704,-9999,    9
194816,20160705,-9999,    9
194816,20160706,-9999,    9
194816,20160707,-9999,    9
194816,20160708,-9999,    9
194816,20160709,-9999,    9
194816,20160710,-9999,    9
194816,20160711,-9999,    9
194816,20160712,-9999,    9
194816,20160713,-9999,    9
194816,20160714,-9999,    9
194816,20160715,-9999,    9
194816,20160716,-9999,    9
194816,20160717,-9999,    9
194816,20160718,-9999,    9
194816,20160719,-9999,    9
194816,20160720,-9999,    9
194816,20160721,-9999,    9
194816,20160722,-9999,    9
194816,20160723,-9999,    9
194816,20160724,-9999,    9
194816,20160725,-9999,    9
194816,20160726,-9999,    9
194816,20160727,-9999,    9
194816,20160728,-9999,    9
194816,20160729,-9999,    9
194816,20160730,-9999,    9
194816,20160731,-9999,    9
194816,20160801,-9999,    9
194816,20160802,-9999,    9
194816,20160803,-9999,    9
194816,20160804,-9999,    9
194816,20160805,-9999,    9
194816,20160806,-9999,    9
194816,20160807,-9999,    9
194816,20160808,-9999,    9
194816,20160809,-9999,    9
194816,20160810,-9999,    9
194816,20160811,-9999,    9
194816,20160812,-9999,    9
194816,20160813,-9999,    9
194816,20160814,-9999,    9
194816,20160815,-9999,    9
194816,20160816,-9999,    9
194816,20160817,-9999,    9
194816,20160818,-9999,    9
194816,20160819,-9999,    9
194816,20160820,-9999,    9
194816,20160821,-9999,    9
194816,20160822,-9999,    9
194816,20160823,-9999,    9
194816,20160824,-9999,    9
194816,20160825,-9999,    9
194816,20160826,-9999,    9
194816,20160827,-9999,    9
194816,20160828,-9999,    9
194816,20160829,-9999,    9
194816,20160830,-9999,    9
194816,20160831,-9999,    9
194816,20160901,-9999,    9
194816,20160902,-9999,    9
194816,20160903,-9999,    9
194816,20160904,-9999,    9
194816,20160905,-9999,    9
194816,20160906,-9999,    9
194816,20160907,-9999,    9
194816,20160908,-9999,    9
194816,20160909,-9999,    9
194816,20160910,-9999,    9
194816,20160911,-9999,    9
194816,20160912,-9999,    9
194816,20160913,-9999,    9
194816,20160914,-9999,    9
194816,20160915,-9999,    9
194816,20160916,-9999,    9
194816,20160917,-9999,    9
194816,20160918,-9999,    9
194816,20160919,-9999,    9
194816,20160920,-9999,    9
194816,20160921,-9999,    9
194816,20160922,-9999,    9
194816,20160923,-9999,    9
194816,20160924,-9999,    9
194816,20160925,-9999,    9
194816,20160926,-9999,    9
194816,20160927,-9999,    9
194816,20160928,-9999,    9
194816,20160929,-9999,    9
194816,20160930,-9999,    9
194816,20161001,-9999,    9
194816,20161002,-9999,    9
194816,20161003,-9999,    9
194816,20161004,-9999,    9
194816,20161005,-9999,    9
194816,20161006,-9999,    9
194816,20161007,-9999,    9
194816,20161008,-9999,    9
194816,20161009,-9999,    9
194816,20161010,-9999,    9
194816,20161011,-9999,    9
194816,20161012,-9999,    9
194816,20161013,-9999,    9
194816,20161014,-9999,    9
194816,20161015,-9999,    9
194816,20161016,-9999,    9
194816,20161017,-9999,    9
194816,20161018,-9999,    9
194816,20161019,-9999,    9
194816,20161020,-9999,    9
194816,20161021,-9999,    9
194816,20161022,-9999,    9
194816,20161023,-9999,    9
194816,20161024,-9999,    9
194816,20161025,-9999,    9
194816,20161026,-9999,    9
194816,20161027,-9999,    9
194816,20161028,-9999,    9
194816,20161029,-9999,    9
194816,20161030,-9999,    9
194816,20161031,-9999,    9
194816,20161101,-9999,    9
194816,20161102,-9999,    9
194816,20161103,-9999,    9
194816,20161104,-9999,    9
194816,20161105,-9999,    9
194816,20161106,-9999,    9
194816,20161107,-9999,    9
194816,20161108,-9999,    9
194816,20161109,-9999,    9
194816,20161110,-9999,    9
194816,20161111,-9999,    9
194816,20161112,-9999,    9
194816,20161113,-9999,    9
194816,20161114,-9999,    9
194816,20161115,-9999,    9
194816,20161116,-9999,    9
194816,20161117,-9999,    9
194816,20161118,-9999,    9
194816,20161119,-9999,    9
194816,20161120,-9999,    9
194816,20161121,-9999,    9
194816,20161122,-9999,    9
194816,20161123,-9999,    9
194816,20161124,-9999,    9
194816,20161125,-9999,    9
194816,20161126,-9999,    9
194816,20161127,-9999,    9
194816,20161128,-9999,    9
194816,20161129,-9999,    9
194816,20161130,-9999,    9
194816,20161201,-9999,    9
194816,20161202,-9999,    9
194816,20161203,-9999,    9
194816,20161204,-9999,    9
194816,20161205,-9999,    9
194816,20161206,-9999,    9
194816,20161207,-9999,    9
194816,20161208,-9999,    9
194816,20161209,-9999,    9
194816,20161210,-9999,    9
194816,20161211,-9999,    9
194816,20161212,-9999,    9
194816,20161213,-9999,    9
194816,20161214,-9999,    9
194816,20161215,-9999,    9
194816,20161216,-9999,    9
194816,20161217,-9999,    9
194816,20161218,-9999,    9
194816,20161219,-9999,    9
194816,20161220,-9999,    9
194816,20161221,-9999,    9
194816,20161222,-9999,    9
194816,20161223,-9999,    9
194816,20161224,-9999,    9
194816,20161225,-9999,    9
194816,20161226,-9999,    9
194816,20161227,-9999,    9
194816,20161228,-9999,    9
194816,20161229,-9999,    9
194816,20161230,-9999,    9
194816,20161231,-9999,    9
194816,20170101,-9999,    9
194816,20170102,-9999,    9
194816,20170103,-9999,    9
194816,20170104,-9999,    9
194816,20170105,-9999,    9
194816,20170106,-9999,    9
194816,20170107,-9999,    9
194816,20170108,-9999,    9
194816,20170109,-9999,    9
194816,20170110,-9999,    9
194816,20170111,-9999,    9
194816,20170112,-9999,    9
194816,20170113,-9999,    9
194816,20170114,-9999,    9
194816,20170115,-9999,    9
194816,20170116,-9999,    9
194816,20170117,-9999,    9
194816,20170118,-9999,    9
194816,20170119,-9999,    9
194816,20170120,-9999,    9
194816,20170121,-9999,    9
194816,20170122,-9999,    9
194816,20170123,-9999,    9
194816,20170124,-9999,    9
194816,20170125,-9999,    9
194816,20170126,-9999,    9
194816,20170127,-9999,    9
194816,20170128,-9999,    9
194816,20170129,-9999,    9
194816,20170130,-9999,    9
194816,20170131,-9999,    9
194816,20170201,-9999,    9
194816,20170202,-9999,    9
194816,20170203,-9999,    9
194816,20170204,-9999,    9
194816,20170205,-9999,    9
194816,20170206,-9999,    9
194816,20170207,-9999,    9
194816,20170208,-9999,    9
194816,20170209,-9999,    9
194816,20170210,-9999,    9
194816,20170211,-9999,    9
194816,20170212,-9999,    9
194816,20170213,-9999,    9
194816,20170214,-9999,    9
194816,20170215,-9999,    9
194816,20170216,-9999,    9
194816,20170217,-9999,    9
194816,20170218,-9999,    9
194816,20170219,-9999,    9
194816,20170220,-9999,    9
194816,20170221,-9999,    9
194816,20170222,-9999,    9
194816,20170223,-9999,    9
194816,20170224,-9999,    9
194816,20170225,-9999,    9
194816,20170226,-9999,    9
194816,20170227,-9999,    9
194816,20170228,-9999,    9
194816,20170301,-9999,    9
194816,20170302,-9999,    9
194816,20170303,-9999,    9
194816,20170304,-9999,    9
194816,20170305,-9999,    9
194816,20170306,-9999,    9
194816,20170307,-9999,    9
194816,20170308,-9999,    9
194816,20170309,-9999,    9
194816,20170310,-9999,    9
194816,20170311,-9999,    9
194816,20170312,-9999,    9
194816,20170313,-9999,    9
194816,20170314,-9999,    9
194816,20170315,-9999,    9
194816,20170316,-9999,    9
194816,20170317,-9999,    9
194816,20170318,-9999,    9
194816,20170319,-9999,    9
194816,20170320,-9999,    9
194816,20170321,-9999,    9
194816,20170322,-9999,    9
194816,20170323,-9999,    9
194816,20170324,-9999,    9
194816,20170325,-9999,    9
194816,20170326,-9999,    9
194816,20170327,-9999,    9
194816,20170328,-9999,    9
194816,20170329,-9999,    9
194816,20170330,-9999,    9
194816,20170331,-9999,    9
194816,20170401,-9999,    9
194816,20170402,-9999,    9
194816,20170403,-9999,    9
194816,20170404,-9999,    9
194816,20170405,-9999,    9
194816,20170406,-9999,    9
194816,20170407,-9999,    9
194816,20170408,-9999,    9
194816,20170409,-9999,    9
194816,20170410,-9999,    9
194816,20170411,-9999,    9
194816,20170412,-9999,    9
194816,20170413,-9999,    9
194816,20170414,-9999,    9
194816,20170415,-9999,    9
194816,20170416,-9999,    9
194816,20170417,-9999,    9
194816,20170418,-9999,    9
194816,20170419,-9999,    9
194816,20170420,-9999,    9
194816,20170421,-9999,    9
194816,20170422,-9999,    9
194816,20170423,-9999,    9
194816,20170424,-9999,    9
194816,20170425,-9999,    9
194816,20170426,-9999,    9
194816,20170427,-9999,    9
194816,20170428,-9999,    9
194816,20170429,-9999,    9
194816,20170430,-9999,    9
194816,20170501,-9999,    9
194816,20170502,-9999,    9
194816,20170503,-9999,    9
194816,20170504,-9999,    9
194816,20170505,-9999,    9
194816,20170506,-9999,    9
194816,20170507,-9999,    9
194816,20170508,-9999,    9
194816,20170509,-9999,    9
194816,20170510,-9999,    9
194816,20170511,-9999,    9
194816,20170512,-9999,    9
194816,20170513,-9999,    9
194816,20170514,-9999,    9
194816,20170515,-9999,    9
194816,20170516,-9999,    9
194816,20170517,-9999,    9
194816,20170518,-9999,    9
194816,20170519,-9999,    9
194816,20170520,-9999,    9
194816,20170521,-9999,    9
194816,20170522,-9999,    9
194816,20170523,-9999,    9
194816,20170524,-9999,    9
194816,20170525,-9999,    9
194816,20170526,-9999,    9
194816,20170527,-9999,    9
194816,20170528,-9999,    9
194816,20170529,-9999,    9
194816,20170530,-9999,    9
194816,20170531,-9999,    9
194816,20170601,-9999,    9
194816,20170602,-9999,    9
194816,20170603,-9999,    9
194816,20170604,-9999,    9
194816,20170605,-9999,    9
194816,20170606,-9999,    9
194816,20170607,-9999,    9
194816,20170608,-9999,    9
194816,20170609,-9999,    9
194816,20170610,-9999,    9
194816,20170611,-9999,    9
194816,20170612,-9999,    9
194816,20170613,-9999,    9
194816,20170614,-9999,    9
194816,20170615,-9999,    9
194816,20170616,-9999,    9
194816,20170617,-9999,    9
194816,20170618,-9999,    9
194816,20170619,-9999,    9
194816,20170620,-9999,    9
194816,20170621,-9999,    9
194816,20170622,-9999,    9
194816,20170623,-9999,    9
194816,20170624,-9999,    9
194816,20170625,-9999,    9
194816,20170626,-9999,    9
194816,20170627,-9999,    9
194816,20170628,-9999,    9
194816,20170629,-9999,    9
194816,20170630,-9999,    9
194816,20170701,-9999,    9
194816,20170702,-9999,    9
194816,20170703,-9999,    9
194816,20170704,-9999,    9
194816,20170705,-9999,    9
194816,20170706,-9999,    9
194816,20170707,-9999,    9
194816,20170708,-9999,    9
194816,20170709,-9999,    9
194816,20170710,-9999,    9
194816,20170711,-9999,    9
194816,20170712,-9999,    9
194816,20170713,-9999,    9
194816,20170714,-9999,    9
194816,20170715,-9999,    9
194816,20170716,-9999,    9
194816,20170717,-9999,    9
194816,20170718,-9999,    9
194816,20170719,-9999,    9
194816,20170720,-9999,    9
194816,20170721,-9999,    9
194816,20170722,-9999,    9
194816,20170723,-9999,    9
194816,20170724,-9999,    9
194816,20170725,-9999,    9
194816,20170726,-9999,    9
194816,20170727,-9999,    9
194816,20170728,-9999,    9
194816,20170729,-9999,    9
194816,20170730,-9999,    9
194816,20170731,-9999,    9
194816,20170801,-9999,    9
194816,20170802,-9999,    9
194816,20170803,-9999,    9
194816,20170804,-9999,    9
194816,20170805,-9999,    9
194816,20170806,-9999,    9
194816,20170807,-9999,    9
194816,20170808,-9999,    9
194816,20170809,-9999,    9
194816,20170810,-9999,    9
194816,20170811,-9999,    9
194816,20170812,-9999,    9
194816,20170813,-9999,    9
194816,20170814,-9999,    9
194816,20170815,-9999,    9
194816,20170816,-9999,    9
194816,20170817,-9999,    9
194816,20170818,-9999,    9
194816,20170819,-9999,    9
194816,20170820,-9999,    9
194816,20170821,-9999,    9
194816,20170822,-9999,    9
194816,20170823,-9999,    9
194816,20170824,-9999,    9
194816,20170825,-9999,    9
194816,20170826,-9999,    9
194816,20170827,-9999,    9
194816,20170828,-9999,    9
194816,20170829,-9999,    9
194816,20170830,-9999,    9
194816,20170831,-9999,    9
194816,20170901,-9999,    9
194816,20170902,-9999,    9
194816,20170903,-9999,    9
194816,20170904,-9999,    9
194816,20170905,-9999,    9
194816,20170906,-9999,    9
194816,20170907,-9999,    9
194816,20170908,-9999,    9
194816,20170909,-9999,    9
194816,20170910,-9999,    9
194816,20170911,-9999,    9
194816,20170912,-9999,    9
194816,20170913,-9999,    9
194816,20170914,-9999,    9
194816,20170915,-9999,    9
194816,20170916,-9999,    9
194816,20170917,-9999,    9
194816,20170918,-9999,    9
194816,20170919,-9999,    9
194816,20170920,-9999,    9
194816,20170921,-9999,    9
194816,20170922,-9999,    9
194816,20170923,-9999,    9
194816,20170924,-9999,    9
194816,20170925,-9999,    9
194816,20170926,-9999,    9
194816,20170927,-9999,    9
194816,20170928,-9999,    9
194816,20170929,-9999,    9
194816,20170930,-9999,    9
194816,20171001,-9999,    9
194816,20171002,-9999,    9
194816,20171003,-9999,    9
194816,20171004,-9999,    9
194816,20171005,-9999,    9
194816,20171006,-9999,    9
194816,20171007,-9999,    9
194816,20171008,-9999,    9
194816,20171009,-9999,    9
194816,20171010,-9999,    9
194816,20171011,-9999,    9
194816,20171012,-9999,    9
194816,20171013,-9999,    9
194816,20171014,-9999,    9
194816,20171015,-9999,    9
194816,20171016,-9999,    9
194816,20171017,-9999,    9
194816,20171018,-9999,    9
194816,20171019,-9999,    9
194816,20171020,-9999,    9
194816,20171021,-9999,    9
194816,20171022,-9999,    9
194816,20171023,-9999,    9
194816,20171024,-9999,    9
194816,20171025,-9999,    9
194816,20171026,-9999,    9
194816,20171027,-9999,    9
194816,20171028,-9999,    9
194816,20171029,-9999,    9
194816,20171030,-9999,    9
194816,20171031,-9999,    9
194816,20171101,-9999,    9
194816,20171102,-9999,    9
194816,20171103,-9999,    9
194816,20171104,-9999,    9
194816,20171105,-9999,    9
194816,20171106,-9999,    9
194816,20171107,-9999,    9
194816,20171108,-9999,    9
194816,20171109,-9999,    9
194816,20171110,-9999,    9
194816,20171111,-9999,    9
194816,20171112,-9999,    9
194816,20171113,-9999,    9
194816,20171114,-9999,    9
194816,20171115,-9999,    9
194816,20171116,-9999,    9
194816,20171117,-9999,    9
194816,20171118,-9999,    9
194816,20171119,-9999,    9
194816,20171120,-9999,    9
194816,20171121,-9999,    9
194816,20171122,-9999,    9
194816,20171123,-9999,    9
194816,20171124,-9999,    9
194816,20171125,-9999,    9
194816,20171126,-9999,    9
194816,20171127,-9999,    9
194816,20171128,-9999,    9
194816,20171129,-9999,    9
194816,20171130,-9999,    9
194816,20171201,-9999,    9
194816,20171202,-9999,    9
194816,20171203,-9999,    9
194816,20171204,-9999,    9
194816,20171205,-9999,    9
194816,20171206,-9999,    9
194816,20171207,-9999,    9
194816,20171208,-9999,    9
194816,20171209,-9999,    9
194816,20171210,-9999,    9
194816,20171211,-9999,    9
194816,20171212,-9999,    9
194816,20171213,-9999,    9
194816,20171214,-9999,    9
194816,20171215,-9999,    9
194816,20171216,-9999,    9
194816,20171217,-9999,    9
194816,20171218,-9999,    9
194816,20171219,-9999,    9
194816,20171220,-9999,    9
194816,20171221,-9999,    9
194816,20171222,-9999,    9
194816,20171223,-9999,    9
194816,20171224,-9999,    9
194816,20171225,-9999,    9
194816,20171226,-9999,    9
194816,20171227,-9999,    9
194816,20171228,-9999,    9
194816,20171229,-9999,    9
194816,20171230,-9999,    9
194816,20171231,-9999,    9
194816,20180101,-9999,    9
194816,20180102,-9999,    9
194816,20180103,-9999,    9
194816,20180104,-9999,    9
194816,20180105,-9999,    9
194816,20180106,-9999,    9
194816,20180107,-9999,    9
194816,20180108,-9999,    9
194816,20180109,-9999,    9
194816,20180110,-9999,    9
194816,20180111,-9999,    9
194816,20180112,-9999,    9
194816,20180113,-9999,    9
194816,20180114,-9999,    9
194816,20180115,-9999,    9
194816,20180116,-9999,    9
194816,20180117,-9999,    9
194816,20180118,-9999,    9
194816,20180119,-9999,    9
194816,20180120,-9999,    9
194816,20180121,-9999,    9
194816,20180122,-9999,    9
194816,20180123,-9999,    9
194816,20180124,-9999,    9
194816,20180125,-9999,    9
194816,20180126,-9999,    9
194816,20180127,-9999,    9
194816,20180128,-9999,    9
194816,20180129,-9999,    9
194816,20180130,-9999,    9
194816,20180131,-9999,    9
194816,20180201,-9999,    9
194816,20180202,-9999,    9
194816,20180203,-9999,    9
194816,20180204,-9999,    9
194816,20180205,-9999,    9
194816,20180206,-9999,    9
194816,20180207,-9999,    9
194816,20180208,-9999,    9
194816,20180209,-9999,    9
194816,20180210,-9999,    9
194816,20180211,-9999,    9
194816,20180212,-9999,    9
194816,20180213,-9999,    9
194816,20180214,-9999,    9
194816,20180215,-9999,    9
194816,20180216,-9999,    9
194816,20180217,-9999,    9
194816,20180218,-9999,    9
194816,20180219,-9999,    9
194816,20180220,-9999,    9
194816,20180221,-9999,    9
194816,20180222,-9999,    9
194816,20180223,-9999,    9
194816,20180224,-9999,    9
194816,20180225,-9999,    9
194816,20180226,-9999,    9
194816,20180227,-9999,    9
194816,20180228,-9999,    9
194816,20180301,-9999,    9
194816,20180302,-9999,    9
194816,20180303,-9999,    9
194816,20180304,-9999,    9
194816,20180305,-9999,    9
194816,20180306,-9999,    9
194816,20180307,-9999,    9
194816,20180308,-9999,    9
194816,20180309,-9999,    9
194816,20180310,-9999,    9
194816,20180311,-9999,    9
194816,20180312,-9999,    9
194816,20180313,-9999,    9
194816,20180314,-9999,    9
194816,20180315,-9999,    9
194816,20180316,-9999,    9
194816,20180317,-9999,    9
194816,20180318,-9999,    9
194816,20180319,-9999,    9
194816,20180320,-9999,    9
194816,20180321,-9999,    9
194816,20180322,-9999,    9
194816,20180323,-9999,    9
194816,20180324,-9999,    9
194816,20180325,-9999,    9
194816,20180326,-9999,    9
194816,20180327,-9999,    9
194816,20180328,-9999,    9
194816,20180329,-9999,    9
194816,20180330,-9999,    9
194816,20180331,-9999,    9
194816,20180401,-9999,    9
194816,20180402,-9999,    9
194816,20180403,-9999,    9
194816,20180404,-9999,    9
194816,20180405,-9999,    9
194816,20180406,-9999,    9
194816,20180407,-9999,    9
194816,20180408,-9999,    9
194816,20180409,-9999,    9
194816,20180410,-9999,    9
194816,20180411,-9999,    9
194816,20180412,-9999,    9
194816,20180413,-9999,    9
194816,20180414,-9999,    9
194816,20180415,-9999,    9
194816,20180416,-9999,    9
194816,20180417,-9999,    9
194816,20180418,-9999,    9
194816,20180419,-9999,    9
194816,20180420,-9999,    9
194816,20180421,-9999,    9
194816,20180422,-9999,    9
194816,20180423,-9999,    9
194816,20180424,-9999,    9
194816,20180425,-9999,    9
194816,20180426,-9999,    9
194816,20180427,-9999,    9
194816,20180428,-9999,    9
194816,20180429,-9999,    9
194816,20180430,-9999,    9
194816,20180501,-9999,    9
194816,20180502,-9999,    9
194816,20180503,-9999,    9
194816,20180504,-9999,    9
194816,20180505,-9999,    9
194816,20180506,-9999,    9
194816,20180507,-9999,    9
194816,20180508,-9999,    9
194816,20180509,-9999,    9
194816,20180510,-9999,    9
194816,20180511,-9999,    9
194816,20180512,-9999,    9
194816,20180513,-9999,    9
194816,20180514,-9999,    9
194816,20180515,-9999,    9
194816,20180516,-9999,    9
194816,20180517,-9999,    9
194816,20180518,-9999,    9
194816,20180519,-9999,    9
194816,20180520,-9999,    9
194816,20180521,-9999,    9
194816,20180522,-9999,    9
194816,20180523,-9999,    9
194816,20180524,-9999,    9
194816,20180525,-9999,    9
194816,20180526,-9999,    9
194816,20180527,-9999,    9
194816,20180528,-9999,    9
194816,20180529,-9999,    9
194816,20180530,-9999,    9
194816,20180531,-9999,    9
194816,20180601,-9999,    9
194816,20180602,-9999,    9
194816,20180603,-9999,    9
194816,20180604,-9999,    9
194816,20180605,-9999,    9
194816,20180606,-9999,    9
194816,20180607,-9999,    9
194816,20180608,-9999,    9
194816,20180609,-9999,    9
194816,20180610,-9999,    9
194816,20180611,-9999,    9
194816,20180612,-9999,    9
194816,20180613,-9999,    9
194816,20180614,-9999,    9
194816,20180615,-9999,    9
194816,20180616,-9999,    9
194816,20180617,-9999,    9
194816,20180618,-9999,    9
194816,20180619,-9999,    9
194816,20180620,-9999,    9
194816,20180621,-9999,    9
194816,20180622,-9999,    9
194816,20180623,-9999,    9
194816,20180624,-9999,    9
194816,20180625,-9999,    9
194816,20180626,-9999,    9
194816,20180627,-9999,    9
194816,20180628,-9999,    9
194816,20180629,-9999,    9
194816,20180630,-9999,    9
194816,20180701,-9999,    9
194816,20180702,-9999,    9
194816,20180703,-9999,    9
194816,20180704,-9999,    9
194816,20180705,-9999,    9
194816,20180706,-9999,    9
194816,20180707,-9999,    9
194816,20180708,-9999,    9
194816,20180709,-9999,    9
194816,20180710,-9999,    9
194816,20180711,-9999,    9
194816,20180712,-9999,    9
194816,20180713,-9999,    9
194816,20180714,-9999,    9
194816,20180715,-9999,    9
194816,20180716,-9999,    9
194816,20180717,-9999,    9
194816,20180718,-9999,    9
194816,20180719,-9999,    9
194816,20180720,-9999,    9
194816,20180721,-9999,    9
194816,20180722,-9999,    9
194816,20180723,-9999,    9
194816,20180724,-9999,    9
194816,20180725,-9999,    9
194816,20180726,-9999,    9
194816,20180727,-9999,    9
194816,20180728,-9999,    9
194816,20180729,-9999,    9
194816,20180730,-9999,    9
194816,20180731,-9999,    9
194816,20180801,-9999,    9
194816,20180802,-9999,    9
194816,20180803,-9999,    9
194816,20180804,-9999,    9
194816,20180805,-9999,    9
194816,20180806,-9999,    9
194816,20180807,-9999,    9
194816,20180808,-9999,    9
194816,20180809,-9999,    9
194816,20180810,-9999,    9
194816,20180811,-9999,    9
194816,20180812,-9999,    9
194816,20180813,-9999,    9
194816,20180814,-9999,    9
194816,20180815,-9999,    9
194816,20180816,-9999,    9
194816,20180817,-9999,    9
194816,20180818,-9999,    9
194816,20180819,-9999,    9
194816,20180820,-9999,    9
194816,20180821,-9999,    9
194816,20180822,-9999,    9
194816,20180823,-9999,    9
194816,20180824,-9999,    9
194816,20180825,-9999,    9
194816,20180826,-9999,    9
194816,20180827,-9999,    9
194816,20180828,-9999,    9
194816,20180829,-9999,    9
194816,20180830,-9999,    9
194816,20180831,-9999,    9
194816,20180901,-9999,    9
194816,20180902,-9999,    9
194816,20180903,-9999,    9
194816,20180904,-9999,    9
194816,20180905,-9999,    9
194816,20180906,-9999,    9
194816,20180907,-9999,    9
194816,20180908,-9999,    9
194816,20180909,-9999,    9
194816,20180910,-9999,    9
194816,20180911,-9999,    9
194816,20180912,-9999,    9
194816,20180913,-9999,    9
194816,20180914,-9999,    9
194816,20180915,-9999,    9
194816,20180916,-9999,    9
194816,20180917,-9999,    9
194816,20180918,-9999,    9
194816,20180919,-9999,    9
194816,20180920,-9999,    9
194816,20180921,-9999,    9
194816,20180922,-9999,    9
194816,20180923,-9999,    9
194816,20180924,-9999,    9
194816,20180925,-9999,    9
194816,20180926,-9999,    9
194816,20180927,-9999,    9
194816,20180928,-9999,    9
194816,20180929,-9999,    9
194816,20180930,-9999,    9
194816,20181001,-9999,    9
194816,20181002,-9999,    9
194816,20181003,-9999,    9
194816,20181004,-9999,    9
194816,20181005,-9999,    9
194816,20181006,-9999,    9
194816,20181007,-9999,    9
194816,20181008,-9999,    9
194816,20181009,-9999,    9
194816,20181010,-9999,    9
194816,20181011,-9999,    9
194816,20181012,-9999,    9
194816,20181013,-9999,    9
194816,20181014,-9999,    9
194816,20181015,-9999,    9
194816,20181016,-9999,    9
194816,20181017,-9999,    9
194816,20181018,-9999,    9
194816,20181019,-9999,    9
194816,20181020,-9999,    9
194816,20181021,-9999,    9
194816,20181022,-9999,    9
194816,20181023,-9999,    9
194816,20181024,-9999,    9
194816,20181025,-9999,    9
194816,20181026,-9999,    9
194816,20181027,-9999,    9
194816,20181028,-9999,    9
194816,20181029,-9999,    9
194816,20181030,-9999,    9
194816,20181031,-9999,    9
194816,20181101,-9999,    9
194816,20181102,-9999,    9
194816,20181103,-9999,    9
194816,20181104,-9999,    9
194816,20181105,-9999,    9
194816,20181106,-9999,    9
194816,20181107,-9999,    9
194816,20181108,-9999,    9
194816,20181109,-9999,    9
194816,20181110,-9999,    9
194816,20181111,-9999,    9
194816,20181112,-9999,    9
194816,20181113,-9999,    9
194816,20181114,-9999,    9
194816,20181115,-9999,    9
194816,20181116,-9999,    9
194816,20181117,-9999,    9
194816,20181118,-9999,    9
194816,20181119,-9999,    9
194816,20181120,-9999,    9
194816,20181121,-9999,    9
194816,20181122,-9999,    9
194816,20181123,-9999,    9
194816,20181124,-9999,    9
194816,20181125,-9999,    9
194816,20181126,-9999,    9
194816,20181127,-9999,    9
194816,20181128,-9999,    9
194816,20181129,-9999,    9
194816,20181130,-9999,    9
194816,20181201,-9999,    9
194816,20181202,-9999,    9
194816,20181203,-9999,    9
194816,20181204,-9999,    9
194816,20181205,-9999,    9
194816,20181206,-9999,    9
194816,20181207,-9999,    9
194816,20181208,-9999,    9
194816,20181209,-9999,    9
194816,20181210,-9999,    9
194816,20181211,-9999,    9
194816,20181212,-9999,    9
194816,20181213,-9999,    9
194816,20181214,-9999,    9
194816,20181215,-9999,    9
194816,20181216,-9999,    9
194816,20181217,-9999,    9
194816,20181218,-9999,    9
194816,20181219,-9999,    9
194816,20181220,-9999,    9
194816,20181221,-9999,    9
194816,20181222,-9999,    9
194816,20181223,-9999,    9
194816,20181224,-9999,    9
194816,20181225,-9999,    9
194816,20181226,-9999,    9
194816,20181227,-9999,    9
194816,20181228,-9999,    9
194816,20181229,-9999,    9
194816,20181230,-9999,    9
194816,20181231,-9999,    9
194816,20190101,-9999,    9
194816,20190102,-9999,    9
194816,20190103,-9999,    9
194816,20190104,-9999,    9
194816,20190105,-9999,    9
194816,20190106,-9999,    9
194816,20190107,-9999,    9
194816,20190108,-9999,    9
194816,20190109,-9999,    9
194816,20190110,-9999,    9
194816,20190111,-9999,    9
194816,20190112,-9999,    9
194816,20190113,-9999,    9
194816,20190114,-9999,    9
194816,20190115,-9999,    9
194816,20190116,-9999,    9
194816,20190117,-9999,    9
194816,20190118,-9999,    9
194816,20190119,-9999,    9
194816,20190120,-9999,    9
194816,20190121,-9999,    9
194816,20190122,-9999,    9
194816,20190123,-9999,    9
194816,20190124,-9999,    9
194816,20190125,-9999,    9
194816,20190126,-9999,    9
194816,20190127,-9999,    9
194816,20190128,-9999,    9
194816,20190129,-9999,    9
194816,20190130,-9999,    9
194816,20190131,-9999,    9
194816,20190201,-9999,    9
194816,20190202,-9999,    9
194816,20190203,-9999,    9
194816,20190204,-9999,    9
194816,20190205,-9999,    9
194816,20190206,-9999,    9
194816,20190207,-9999,    9
194816,20190208,-9999,    9
194816,20190209,-9999,    9
194816,20190210,-9999,    9
194816,20190211,-9999,    9
194816,20190212,-9999,    9
194816,20190213,-9999,    9
194816,20190214,-9999,    9
194816,20190215,-9999,    9
194816,20190216,-9999,    9
194816,20190217,-9999,    9
194816,20190218,-9999,    9
194816,20190219,-9999,    9
194816,20190220,-9999,    9
194816,20190221,-9999,    9
194816,20190222,-9999,    9
194816,20190223,-9999,    9
194816,20190224,-9999,    9
194816,20190225,-9999,    9
194816,20190226,-9999,    9
194816,20190227,-9999,    9
194816,20190228,-9999,    9
194816,20190301,-9999,    9
194816,20190302,-9999,    9
194816,20190303,-9999,    9
194816,20190304,-9999,    9
194816,20190305,-9999,    9
194816,20190306,-9999,    9
194816,20190307,-9999,    9
194816,20190308,-9999,    9
194816,20190309,-9999,    9
194816,20190310,-9999,    9
194816,20190311,-9999,    9
194816,20190312,-9999,    9
194816,20190313,-9999,    9
194816,20190314,-9999,    9
194816,20190315,-9999,    9
194816,20190316,-9999,    9
194816,20190317,-9999,    9
194816,20190318,-9999,    9
194816,20190319,-9999,    9
194816,20190320,-9999,    9
194816,20190321,-9999,    9
194816,20190322,-9999,    9
194816,20190323,-9999,    9
194816,20190324,-9999,    9
194816,20190325,-9999,    9
194816,20190326,-9999,    9
194816,20190327,-9999,    9
194816,20190328,-9999,    9
194816,20190329,-9999,    9
194816,20190330,-9999,    9
194816,20190331,-9999,    9
194816,20190401,-9999,    9
194816,20190402,-9999,    9
194816,20190403,-9999,    9
194816,20190404,-9999,    9
194816,20190405,-9999,    9
194816,20190406,-9999,    9
194816,20190407,-9999,    9
194816,20190408,-9999,    9
194816,20190409,-9999,    9
194816,20190410,-9999,    9
194816,20190411,-9999,    9
194816,20190412,-9999,    9
194816,20190413,-9999,    9
194816,20190414,-9999,    9
194816,20190415,-9999,    9
194816,20190416,-9999,    9
194816,20190417,-9999,    9
194816,20190418,-9999,    9
194816,20190419,-9999,    9
194816,20190420,-9999,    9
194816,20190421,-9999,    9
194816,20190422,-9999,    9
194816,20190423,-9999,    9
194816,20190424,-9999,    9
194816,20190425,-9999,    9
194816,20190426,-9999,    9
194816,20190427,-9999,    9
194816,20190428,-9999,    9
194816,20190429,-9999,    9
194816,20190430,-9999,    9
194816,20190501,-9999,    9
194816,20190502,-9999,    9
194816,20190503,-9999,    9
194816,20190504,-9999,    9
194816,20190505,-9999,    9
194816,20190506,-9999,    9
194816,20190507,-9999,    9
194816,20190508,-9999,    9
194816,20190509,-9999,    9
194816,20190510,-9999,    9
194816,20190511,-9999,    9
194816,20190512,-9999,    9
194816,20190513,-9999,    9
194816,20190514,-9999,    9
194816,20190515,-9999,    9
194816,20190516,-9999,    9
194816,20190517,-9999,    9
194816,20190518,-9999,    9
194816,20190519,-9999,    9
194816,20190520,-9999,    9
194816,20190521,-9999,    9
194816,20190522,-9999,    9
194816,20190523,-9999,    9
194816,20190524,-9999,    9
194816,20190525,-9999,    9
194816,20190526,-9999,    9
194816,20190527,-9999,    9
194816,20190528,-9999,    9
194816,20190529,-9999,    9
194816,20190530,-9999,    9
194816,20190531,-9999,    9
194816,20190601,-9999,    9
194816,20190602,-9999,    9
194816,20190603,-9999,    9
194816,20190604,-9999,    9
194816,20190605,-9999,    9
194816,20190606,-9999,    9
194816,20190607,-9999,    9
194816,20190608,-9999,    9
194816,20190609,-9999,    9
194816,20190610,-9999,    9
194816,20190611,-9999,    9
194816,20190612,-9999,    9
194816,20190613,-9999,    9
194816,20190614,-9999,    9
194816,20190615,-9999,    9
194816,20190616,-9999,    9
194816,20190617,-9999,    9
194816,20190618,-9999,    9
194816,20190619,-9999,    9
194816,20190620,-9999,    9
194816,20190621,-9999,    9
194816,20190622,-9999,    9
194816,20190623,-9999,    9
194816,20190624,-9999,    9
194816,20190625,-9999,    9
194816,20190626,-9999,    9
194816,20190627,-9999,    9
194816,20190628,-9999,    9
194816,20190629,-9999,    9
194816,20190630,-9999,    9
194816,20190701,-9999,    9
194816,20190702,-9999,    9
194816,20190703,-9999,    9
194816,20190704,-9999,    9
194816,20190705,-9999,    9
194816,20190706,-9999,    9
194816,20190707,-9999,    9
194816,20190708,-9999,    9
194816,20190709,-9999,    9
194816,20190710,-9999,    9
194816,20190711,-9999,    9
194816,20190712,-9999,    9
194816,20190713,-9999,    9
194816,20190714,-9999,    9
194816,20190715,-9999,    9
194816,20190716,-9999,    9
194816,20190717,-9999,    9
194816,20190718,-9999,    9
194816,20190719,-9999,    9
194816,20190720,-9999,    9
194816,20190721,-9999,    9
194816,20190722,-9999,    9
194816,20190723,-9999,    9
194816,20190724,-9999,    9
194816,20190725,-9999,    9
194816,20190726,-9999,    9
194816,20190727,-9999,    9
194816,20190728,-9999,    9
194816,20190729,-9999,    9
194816,20190730,-9999,    9
194816,20190731,-9999,    9
194816,20190801,-9999,    9
194816,20190802,-9999,    9
194816,20190803,-9999,    9
194816,20190804,-9999,    9
194816,20190805,-9999,    9
194816,20190806,-9999,    9
194816,20190807,-9999,    9
194816,20190808,-9999,    9
194816,20190809,-9999,    9
194816,20190810,-9999,    9
194816,20190811,-9999,    9
194816,20190812,-9999,    9
194816,20190813,-9999,    9
194816,20190814,-9999,    9
194816,20190815,-9999,    9
194816,20190816,-9999,    9
194816,20190817,-9999,    9
194816,20190818,-9999,    9
194816,20190819,-9999,    9
194816,20190820,-9999,    9
194816,20190821,-9999,    9
194816,20190822,-9999,    9
194816,20190823,-9999,    9
194816,20190824,-9999,    9
194816,20190825,-9999,    9
194816,20190826,-9999,    9
194816,20190827,-9999,    9
194816,20190828,-9999,    9
194816,20190829,-9999,    9
194816,20190830,-9999,    9
194816,20190831,-9999,    9
194816,20190901,-9999,    9
194816,20190902,-9999,    9
194816,20190903,-9999,    9
194816,20190904,-9999,    9
194816,20190905,-9999,    9
194816,20190906,-9999,    9
194816,20190907,-9999,    9
194816,20190908,-9999,    9
194816,20190909,-9999,    9
194816,20190910,-9999,    9
194816,20190911,-9999,    9
194816,20190912,-9999,    9
194816,20190913,-9999,    9
194816,20190914,-9999,    9
194816,20190915,-9999,    9
194816,20190916,-9999,    9
194816,20190917,-9999,    9
194816,20190918,-9999,    9
194816,20190919,-9999,    9
194816,20190920,-9999,    9
194816,20190921,-9999,    9
194816,20190922,-9999,    9
194816,20190923,-9999,    9
194816,20190924,-9999,    9
194816,20190925,-9999,    9
194816,20190926,-9999,    9
194816,20190927,-9999,    9
194816,20190928,-9999,    9
194816,20190929,-9999,    9
194816,20190930,-9999,    9
194816,20191001,-9999,    9
194816,20191002,-9999,    9
194816,20191003,-9999,    9
194816,20191004,-9999,    9
194816,20191005,-9999,    9
194816,20191006,-9999,    9
194816,20191007,-9999,    9
194816,20191008,-9999,    9
194816,20191009,-9999,    9
194816,20191010,-9999,    9
194816,20191011,-9999,    9
194816,20191012,-9999,    9
194816,20191013,-9999,    9
194816,20191014,-9999,    9
194816,20191015,-9999,    9
194816,20191016,-9999,    9
194816,20191017,-9999,    9
194816,20191018,-9999,    9
194816,20191019,-9999,    9
194816,20191020,-9999,    9
194816,20191021,-9999,    9
194816,20191022,-9999,    9
194816,20191023,-9999,    9
194816,20191024,-9999,    9
194816,20191025,-9999,    9
194816,20191026,-9999,    9
194816,20191027,-9999,    9
194816,20191028,-9999,    9
194816,20191029,-9999,    9
194816,20191030,-9999,    9
194816,20191031,-9999,    9
194816,20191101,-9999,    9
194816,20191102,-9999,    9
194816,20191103,-9999,    9
194816,20191104,-9999,    9
194816,20191105,-9999,    9
194816,20191106,-9999,    9
194816,20191107,-9999,    9
194816,20191108,-9999,    9
194816,20191109,-9999,    9
194816,20191110,-9999,    9
194816,20191111,-9999,    9
194816,20191112,-9999,    9
194816,20191113,-9999,    9
194816,20191114,-9999,    9
194816,20191115,-9999,    9
194816,20191116,-9999,    9
194816,20191117,-9999,    9
194816,20191118,-9999,    9
194816,20191119,-9999,    9
194816,20191120,-9999,    9
194816,20191121,-9999,    9
194816,20191122,-9999,    9
194816,20191123,-9999,    9
194816,20191124,-9999,    9
194816,20191125,-9999,    9
194816,20191126,-9999,    9
194816,20191127,-9999,    9
194816,20191128,-9999,    9
194816,20191129,-9999,    9
194816,20191130,-9999,    9
194816,20191201,-9999,    9
194816,20191202,-9999,    9
194816,20191203,-9999,    9
194816,20191204,-9999,    9
194816,20191205,-9999,    9
194816,20191206,-9999,    9
194816,20191207,-9999,    9
194816,20191208,-9999,    9
194816,20191209,-9999,    9
194816,20191210,-9999,    9
194816,20191211,-9999,    9
194816,20191212,-9999,    9
194816,20191213,-9999,    9
194816,20191214,-9999,    9
194816,20191215,-9999,    9
194816,20191216,-9999,    9
194816,20191217,-9999,    9
194816,20191218,-9999,    9
194816,20191219,-9999,    9
194816,20191220,-9999,    9
194816,20191221,-9999,    9
194816,20191222,-9999,    9
194816,20191223,-9999,    9
194816,20191224,-9999,    9
194816,20191225,-9999,    9
194816,20191226,-9999,    9
194816,20191227,-9999,    9
194816,20191228,-9999,    9
194816,20191229,-9999,    9
194816,20191230,-9999,    9
194816,20191231,-9999,    9
194816,20200101,-9999,    9
194816,20200102,-9999,    9
194816,20200103,-9999,    9
194816,20200104,-9999,    9
194816,20200105,-9999,    9
194816,20200106,-9999,    9
194816,20200107,-9999,    9
194816,20200108,-9999,    9
194816,20200109,-9999,    9
194816,20200110,-9999,    9
194816,20200111,-9999,    9
194816,20200112,-9999,    9
194816,20200113,-9999,    9
194816,20200114,-9999,    9
194816,20200115,-9999,    9
194816,20200116,-9999,    9
194816,20200117,-9999,    9
194816,20200118,-9999,    9
194816,20200119,-9999,    9
194816,20200120,-9999,    9
194816,20200121,-9999,    9
194816,20200122,-9999,    9
194816,20200123,-9999,    9
194816,20200124,-9999,    9
194816,20200125,-9999,    9
194816,20200126,-9999,    9
194816,20200127,-9999,    9
194816,20200128,-9999,    9
194816,20200129,-9999,    9
194816,20200130,-9999,    9
194816,20200131,-9999,    9
194816,20200201,-9999,    9
194816,20200202,-9999,    9
194816,20200203,-9999,    9
194816,20200204,-9999,    9
194816,20200205,-9999,    9
194816,20200206,-9999,    9
194816,20200207,-9999,    9
194816,20200208,-9999,    9
194816,20200209,-9999,    9
194816,20200210,-9999,    9
194816,20200211,-9999,    9
194816,20200212,-9999,    9
194816,20200213,-9999,    9
194816,20200214,-9999,    9
194816,20200215,-9999,    9
194816,20200216,-9999,    9
194816,20200217,-9999,    9
194816,20200218,-9999,    9
194816,20200219,-9999,    9
194816,20200220,-9999,    9
194816,20200221,-9999,    9
194816,20200222,-9999,    9
194816,20200223,-9999,    9
194816,20200224,-9999,    9
194816,20200225,-9999,    9
194816,20200226,-9999,    9
194816,20200227,-9999,    9
194816,20200228,-9999,    9
194816,20200229,-9999,    9
194816,20200301,-9999,    9
194816,20200302,-9999,    9
194816,20200303,-9999,    9
194816,20200304,-9999,    9
194816,20200305,-9999,    9
194816,20200306,-9999,    9
194816,20200307,-9999,    9
194816,20200308,-9999,    9
194816,20200309,-9999,    9
194816,20200310,-9999,    9
194816,20200311,-9999,    9
194816,20200312,-9999,    9
194816,20200313,-9999,    9
194816,20200314,-9999,    9
194816,20200315,-9999,    9
194816,20200316,-9999,    9
194816,20200317,-9999,    9
194816,20200318,-9999,    9
194816,20200319,-9999,    9
194816,20200320,-9999,    9
194816,20200321,-9999,    9
194816,20200322,-9999,    9
194816,20200323,-9999,    9
194816,20200324,-9999,    9
194816,20200325,-9999,    9
194816,20200326,-9999,    9
194816,20200327,-9999,    9
194816,20200328,-9999,    9
194816,20200329,-9999,    9
194816,20200330,-9999,    9
194816,20200331,-9999,    9
194816,20200401,-9999,    9
194816,20200402,-9999,    9
194816,20200403,-9999,    9
194816,20200404,-9999,    9
194816,20200405,-9999,    9
194816,20200406,-9999,    9
194816,20200407,-9999,    9
194816,20200408,-9999,    9
194816,20200409,-9999,    9
194816,20200410,-9999,    9
194816,20200411,-9999,    9
194816,20200412,-9999,    9
194816,20200413,-9999,    9
194816,20200414,-9999,    9
194816,20200415,-9999,    9
194816,20200416,-9999,    9
194816,20200417,-9999,    9
194816,20200418,-9999,    9
194816,20200419,-9999,    9
194816,20200420,-9999,    9
194816,20200421,-9999,    9
194816,20200422,-9999,    9
194816,20200423,-9999,    9
194816,20200424,-9999,    9
194816,20200425,-9999,    9
194816,20200426,-9999,    9
194816,20200427,-9999,    9
194816,20200428,-9999,    9
194816,20200429,-9999,    9
194816,20200430,-9999,    9
194816,20200501,-9999,    9
194816,20200502,-9999,    9
194816,20200503,-9999,    9
194816,20200504,-9999,    9
194816,20200505,-9999,    9
194816,20200506,-9999,    9
194816,20200507,-9999,    9
194816,20200508,-9999,    9
194816,20200509,-9999,    9
194816,20200510,-9999,    9
194816,20200511,-9999,    9
194816,20200512,-9999,    9
194816,20200513,-9999,    9
194816,20200514,-9999,    9
194816,20200515,-9999,    9
194816,20200516,-9999,    9
194816,20200517,-9999,    9
194816,20200518,-9999,    9
194816,20200519,-9999,    9
194816,20200520,-9999,    9
194816,20200521,-9999,    9
194816,20200522,-9999,    9
194816,20200523,-9999,    9
194816,20200524,-9999,    9
194816,20200525,-9999,    9
194816,20200526,-9999,    9
194816,20200527,-9999,    9
194816,20200528,-9999,    9
194816,20200529,-9999,    9
194816,20200530,-9999,    9
194816,20200531,-9999,    9
194816,20200601,-9999,    9
194816,20200602,-9999,    9
194816,20200603,-9999,    9
194816,20200604,-9999,    9
194816,20200605,-9999,    9
194816,20200606,-9999,    9
194816,20200607,-9999,    9
194816,20200608,-9999,    9
194816,20200609,-9999,    9
194816,20200610,-9999,    9
194816,20200611,-9999,    9
194816,20200612,-9999,    9
194816,20200613,-9999,    9
194816,20200614,-9999,    9
194816,20200615,-9999,    9
194816,20200616,-9999,    9
194816,20200617,-9999,    9
194816,20200618,-9999,    9
194816,20200619,-9999,    9
194816,20200620,-9999,    9
194816,20200621,-9999,    9
194816,20200622,-9999,    9
194816,20200623,-9999,    9
194816,20200624,-9999,    9
194816,20200625,-9999,    9
194816,20200626,-9999,    9
194816,20200627,-9999,    9
194816,20200628,-9999,    9
194816,20200629,-9999,    9
194816,20200630,-9999,    9
194816,20200701,-9999,    9
194816,20200702,-9999,    9
194816,20200703,-9999,    9
194816,20200704,-9999,    9
194816,20200705,-9999,    9
194816,20200706,-9999,    9
194816,20200707,-9999,    9
194816,20200708,-9999,    9
194816,20200709,-9999,    9
194816,20200710,-9999,    9
194816,20200711,-9999,    9
194816,20200712,-9999,    9
194816,20200713,-9999,    9
194816,20200714,-9999,    9
194816,20200715,-9999,    9
194816,20200716,-9999,    9
194816,20200717,-9999,    9
194816,20200718,-9999,    9
194816,20200719,-9999,    9
194816,20200720,-9999,    9
194816,20200721,-9999,    9
194816,20200722,-9999,    9
194816,20200723,-9999,    9
194816,20200724,-9999,    9
194816,20200725,-9999,    9
194816,20200726,-9999,    9
194816,20200727,-9999,    9
194816,20200728,-9999,    9
194816,20200729,-9999,    9
194816,20200730,-9999,    9
194816,20200731,-9999,    9
194816,20200801,-9999,    9
194816,20200802,-9999,    9
194816,20200803,-9999,    9
194816,20200804,-9999,    9
194816,20200805,-9999,    9
194816,20200806,-9999,    9
194816,20200807,-9999,    9
194816,20200808,-9999,    9
194816,20200809,-9999,    9
194816,20200810,-9999,    9
194816,20200811,-9999,    9
194816,20200812,-9999,    9
194816,20200813,-9999,    9
194816,20200814,-9999,    9
194816,20200815,-9999,    9
194816,20200816,-9999,    9
194816,20200817,-9999,    9
194816,20200818,-9999,    9
194816,20200819,-9999,    9
194816,20200820,-9999,    9
194816,20200821,-9999,    9
194816,20200822,-9999,    9
194816,20200823,-9999,    9
194816,20200824,-9999,    9
194816,20200825,-9999,    9
194816,20200826,-9999,    9
194816,20200827,-9999,    9
194816,20200828,-9999,    9
194816,20200829,-9999,    9
194816,20200830,-9999,    9
194816,20200831,-9999,    9
194816,20200901,-9999,    9
194816,20200902,-9999,    9
194816,20200903,-9999,    9
194816,20200904,-9999,    9
194816,20200905,-9999,    9
194816,20200906,-9999,    9
194816,20200907,-9999,    9
194816,20200908,-9999,    9
194816,20200909,-9999,    9
194816,20200910,-9999,    9
194816,20200911,-9999,    9
194816,20200912,-9999,    9
194816,20200913,-9999,    9
194816,20200914,-9999,    9
194816,20200915,-9999,    9
194816,20200916,-9999,    9
194816,20200917,-9999,    9
194816,20200918,-9999,    9
194816,20200919,-9999,    9
194816,20200920,-9999,    9
194816,20200921,-9999,    9
194816,20200922,-9999,    9
194816,20200923,-9999,    9
194816,20200924,-9999,    9
194816,20200925,-9999,    9
194816,20200926,-9999,    9
194816,20200927,-9999,    9
194816,20200928,-9999,    9
194816,20200929,-9999,    9
194816,20200930,-9999,    9
194816,20201001,-9999,    9
194816,20201002,-9999,    9
194816,20201003,-9999,    9
194816,20201004,-9999,    9
194816,20201005,-9999,    9
194816,20201006,-9999,    9
194816,20201007,-9999,    9
194816,20201008,-9999,    9
194816,20201009,-9999,    9
194816,20201010,-9999,    9
194816,20201011,-9999,    9
194816,20201012,-9999,    9
194816,20201013,-9999,    9
194816,20201014,-9999,    9
194816,20201015,-9999,    9
194816,20201016,-9999,    9
194816,20201017,-9999,    9
194816,20201018,-9999,    9
194816,20201019,-9999,    9
194816,20201020,-9999,    9
194816,20201021,-9999,    9
194816,20201022,-9999,    9
194816,20201023,-9999,    9
194816,20201024,-9999,    9
194816,20201025,-9999,    9
194816,20201026,-9999,    9
194816,20201027,-9999,    9
194816,20201028,-9999,    9
194816,20201029,-9999,    9
194816,20201030,-9999,    9
194816,20201031,-9999,    9
194816,20201101,-9999,    9
194816,20201102,-9999,    9
194816,20201103,-9999,    9
194816,20201104,-9999,    9
194816,20201105,-9999,    9
194816,20201106,-9999,    9
194816,20201107,-9999,    9
194816,20201108,-9999,    9
194816,20201109,-9999,    9
194816,20201110,-9999,    9
194816,20201111,-9999,    9
194816,20201112,-9999,    9
194816,20201113,-9999,    9
194816,20201114,-9999,    9
194816,20201115,-9999,    9
194816,20201116,-9999,    9
194816,20201117,-9999,    9
194816,20201118,-9999,    9
194816,20201119,-9999,    9
194816,20201120,-9999,    9
194816,20201121,-9999,    9
194816,20201122,-9999,    9
194816,20201123,-9999,    9
194816,20201124,-9999,    9
194816,20201125,-9999,    9
194816,20201126,-9999,    9
194816,20201127,-9999,    9
194816,20201128,-9999,    9
194816,20201129,-9999,    9
194816,20201130,-9999,    9
194816,20201201,-9999,    9
194816,20201202,-9999,    9
194816,20201203,-9999,    9
194816,20201204,-9999,    9
194816,20201205,-9999,    9
194816,20201206,-9999,    9
194816,20201207,-9999,    9
194816,20201208,-9999,    9
194816,20201209,-9999,    9
194816,20201210,-9999,    9
194816,20201211,-9999,    9
194816,20201212,-9999,    9
194816,20201213,-9999,    9
194816,20201214,-9999,    9
194816,20201215,-9999,    9
194816,20201216,-9999,    9
194816,20201217,-9999,    9
194816,20201218,-9999,    9
194816,20201219,-9999,    9
194816,20201220,-9999,    9
194816,20201221,-9999,    9
194816,20201222,-9999,    9
194816,20201223,-9999,    9
194816,20201224,-9999,    9
194816,20201225,-9999,    9
194816,20201226,-9999,    9
194816,20201227,-9999,    9
194816,20201228,-9999,    9
194816,20201229,-9999,    9
194816,20201230,-9999,    9
194816,20201231,-9999,    9
194816,20210101,-9999,    9
194816,20210102,-9999,    9
194816,20210103,-9999,    9
194816,20210104,-9999,    9
194816,20210105,-9999,    9
194816,20210106,-9999,    9
194816,20210107,-9999,    9
194816,20210108,-9999,    9
194816,20210109,-9999,    9
194816,20210110,-9999,    9
194816,20210111,-9999,    9
194816,20210112,-9999,    9
194816,20210113,-9999,    9
194816,20210114,-9999,    9
194816,20210115,-9999,    9
194816,20210116,-9999,    9
194816,20210117,-9999,    9
194816,20210118,-9999,    9
194816,20210119,-9999,    9
194816,20210120,-9999,    9
194816,20210121,-9999,    9
194816,20210122,-9999,    9
194816,20210123,-9999,    9
194816,20210124,-9999,    9
194816,20210125,-9999,    9
194816,20210126,-9999,    9
194816,20210127,-9999,    9
194816,20210128,-9999,    9
194816,20210129,-9999,    9
194816,20210130,-9999,    9
194816,20210131,-9999,    9
194816,20210201,-9999,    9
194816,20210202,-9999,    9
194816,20210203,-9999,    9
194816,20210204,-9999,    9
194816,20210205,-9999,    9
194816,20210206,-9999,    9
194816,20210207,-9999,    9
194816,20210208,-9999,    9
194816,20210209,-9999,    9
194816,20210210,-9999,    9
194816,20210211,-9999,    9
194816,20210212,-9999,    9
194816,20210213,-9999,    9
194816,20210214,-9999,    9
194816,20210215,-9999,    9
194816,20210216,-9999,    9
194816,20210217,-9999,    9
194816,20210218,-9999,    9
194816,20210219,-9999,    9
194816,20210220,-9999,    9
194816,20210221,-9999,    9
194816,20210222,-9999,    9
194816,20210223,-9999,    9
194816,20210224,-9999,    9
194816,20210225,-9999,    9
194816,20210226,-9999,    9
194816,20210227,-9999,    9
194816,20210228,-9999,    9
194816,20210301,-9999,    9
194816,20210302,-9999,    9
194816,20210303,-9999,    9
194816,20210304,-9999,    9
194816,20210305,-9999,    9
194816,20210306,-9999,    9
194816,20210307,-9999,    9
194816,20210308,-9999,    9
194816,20210309,-9999,    9
194816,20210310,-9999,    9
194816,20210311,-9999,    9
194816,20210312,-9999,    9
194816,20210313,-9999,    9
194816,20210314,-9999,    9
194816,20210315,-9999,    9
194816,20210316,-9999,    9
194816,20210317,-9999,    9
194816,20210318,-9999,    9
194816,20210319,-9999,    9
194816,20210320,-9999,    9
194816,20210321,-9999,    9
194816,20210322,-9999,    9
194816,20210323,-9999,    9
194816,20210324,-9999,    9
194816,20210325,-9999,    9
194816,20210326,-9999,    9
194816,20210327,-9999,    9
194816,20210328,-9999,    9
194816,20210329,-9999,    9
194816,20210330,-9999,    9
194816,20210331,-9999,    9
