EUROPEAN CLIMATE ASSESSMENT & DATASET (ECA&D), file created on 12-05-2021
THESE DATA CAN BE USED FREELY PROVIDED THAT THE FOLLOWING SOURCE IS ACKNOWLEDGED:

Klein Tank, A.M.G. and Coauthors, 2002. Daily dataset of 20th-century surface
air temperature and precipitation series for the European Climate Assessment.
Int. J. of Climatol., 22, 1441-1453.
Data and metadata available at http://www.ecad.eu

FILE FORMAT (MISSING VALUE CODE IS -9999):

01-06 SOUID: Source identifier
08-15 DATE : Date YYYYMMDD
17-21 TG   : mean temperature in 0.1 &#176;C
23-27 Q_TG : Quality code for TG (0='valid'; 1='suspect'; 9='missing')

This is the blended series of station ITALY, CASTENASO_VILLANOVA (STAID: 17582).
Blended and updated with sources: 194824 
See file sources.txt and stations.txt for more info.

 SOUID,    DATE,   TG, Q_TG
194824,20120501,-9999,    9
194824,20120502,  186,    0
194824,20120503,  174,    0
194824,20120504,  180,    0
194824,20120505,  186,    0
194824,20120506,  164,    0
194824,20120507,  162,    0
194824,20120508,  165,    0
194824,20120509,  182,    0
194824,20120510,  204,    0
194824,20120511,  223,    0
194824,20120512,  246,    0
194824,20120513,  128,    0
194824,20120514,  131,    0
194824,20120515,  159,    0
194824,20120516,  123,    0
194824,20120517,  144,    0
194824,20120518,  132,    0
194824,20120519,  156,    0
194824,20120520,  147,    0
194824,20120521,  134,    0
194824,20120522,  157,    0
194824,20120523,  193,    0
194824,20120524,  216,    0
194824,20120525,  195,    0
194824,20120526,  171,    0
194824,20120527,  179,    0
194824,20120528,  192,    0
194824,20120529,  218,    0
194824,20120530,  225,    0
194824,20120531,  208,    0
194824,20120601,  229,    0
194824,20120602,  235,    0
194824,20120603,  236,    0
194824,20120604,  191,    0
194824,20120605,  196,    0
194824,20120606,  212,    0
194824,20120607,  228,    0
194824,20120608,  228,    0
194824,20120609,  226,    0
194824,20120610,  209,    0
194824,20120611,  217,    0
194824,20120612,  215,    0
194824,20120613,  213,    0
194824,20120614,  201,    0
194824,20120615,  221,    0
194824,20120616,  236,    0
194824,20120617,  251,    0
194824,20120618,  266,    0
194824,20120619,  278,    0
194824,20120620,  288,    0
194824,20120621,  276,    0
194824,20120622,  273,    0
194824,20120623,  253,    0
194824,20120624,  258,    0
194824,20120625,  272,    0
194824,20120626,  251,    0
194824,20120627,  250,    0
194824,20120628,  259,    0
194824,20120629,  288,    0
194824,20120630,  301,    0
194824,20120701,  301,    0
194824,20120702,  294,    0
194824,20120703,  268,    0
194824,20120704,  269,    0
194824,20120705,  275,    0
194824,20120706,  249,    0
194824,20120707,  260,    0
194824,20120708,  283,    0
194824,20120709,  271,    0
194824,20120710,  287,    0
194824,20120711,  280,    0
194824,20120712,  269,    0
194824,20120713,  267,    0
194824,20120714,  280,    0
194824,20120715,  258,    0
194824,20120716,  235,    0
194824,20120717,  241,    0
194824,20120718,  253,    0
194824,20120719,  277,    0
194824,20120720,  288,    0
194824,20120721,  246,    0
194824,20120722,  231,    0
194824,20120723,  222,    0
194824,20120724,  236,    0
194824,20120725,  256,    0
194824,20120726,  267,    0
194824,20120727,  292,    0
194824,20120728,  305,    0
194824,20120729,  287,    0
194824,20120730,  273,    0
194824,20120731,  266,    0
194824,20120801,  270,    0
194824,20120802,  275,    0
194824,20120803,  294,    0
194824,20120804,  290,    0
194824,20120805,  289,    0
194824,20120806,  295,    0
194824,20120807,  275,    0
194824,20120808,  271,    0
194824,20120809,  268,    0
194824,20120810,  253,    0
194824,20120811,  250,    0
194824,20120812,  242,    0
194824,20120813,  245,    0
194824,20120814,  258,    0
194824,20120815,  272,    0
194824,20120816,  287,    0
194824,20120817,  269,    0
194824,20120818,  273,    0
194824,20120819,  275,    0
194824,20120820,  288,    0
194824,20120821,  296,    0
194824,20120822,  299,    0
194824,20120823,  294,    0
194824,20120824,  310,    0
194824,20120825,  309,    0
194824,20120826,  261,    0
194824,20120827,  219,    0
194824,20120828,  231,    0
194824,20120829,  260,    0
194824,20120830,  266,    0
194824,20120831,  229,    0
194824,20120901,  179,    0
194824,20120902,  194,    0
194824,20120903,  188,    0
194824,20120904,  190,    0
194824,20120905,  206,    0
194824,20120906,  227,    0
194824,20120907,  219,    0
194824,20120908,  224,    0
194824,20120909,  232,    0
194824,20120910,  234,    0
194824,20120911,  243,    0
194824,20120912,  228,    0
194824,20120913,  162,    0
194824,20120914,  184,    0
194824,20120915,  177,    0
194824,20120916,  183,    0
194824,20120917,  190,    0
194824,20120918,  200,    0
194824,20120919,  190,    0
194824,20120920,  161,    0
194824,20120921,  153,    0
194824,20120922,  182,    0
194824,20120923,  204,    0
194824,20120924,  211,    0
194824,20120925,  205,    0
194824,20120926,  241,    0
194824,20120927,  226,    0
194824,20120928,  194,    0
194824,20120929,  185,    0
194824,20120930,  187,    0
194824,20121001,  183,    0
194824,20121002,  190,    0
194824,20121003,  193,    0
194824,20121004,  189,    0
194824,20121005,  192,    0
194824,20121006,  194,    0
194824,20121007,  202,    0
194824,20121008,  181,    0
194824,20121009,  163,    0
194824,20121010,  175,    0
194824,20121011,  170,    0
194824,20121012,  152,    0
194824,20121013,  158,    0
194824,20121014,  147,    0
194824,20121015,  161,    0
194824,20121016,  132,    0
194824,20121017,  145,    0
194824,20121018,  155,    0
194824,20121019,  148,    0
194824,20121020,  141,    0
194824,20121021,  154,    0
194824,20121022,  158,    0
194824,20121023,  146,    0
194824,20121024,  136,    0
194824,20121025,  134,    0
194824,20121026,  124,    0
194824,20121027,  128,    0
194824,20121028,   85,    0
194824,20121029,   65,    0
194824,20121030,   65,    0
194824,20121031,   88,    0
194824,20121101,  103,    0
194824,20121102,   98,    0
194824,20121103,  117,    0
194824,20121104,  125,    0
194824,20121105,  157,    0
194824,20121106,  129,    0
194824,20121107,   92,    0
194824,20121108,   82,    0
194824,20121109,   96,    0
194824,20121110,  107,    0
194824,20121111,  124,    0
194824,20121112,  110,    0
194824,20121113,  126,    0
194824,20121114,  113,    0
194824,20121115,   83,    0
194824,20121116,   79,    0
194824,20121117,   90,    0
194824,20121118,   88,    0
194824,20121119,   92,    0
194824,20121120,  108,    0
194824,20121121,   82,    0
194824,20121122,   89,    0
194824,20121123,  102,    0
194824,20121124,   94,    0
194824,20121125,  101,    0
194824,20121126,  102,    0
194824,20121127,  118,    0
194824,20121128,  113,    0
194824,20121129,   98,    0
194824,20121130,   79,    0
194824,20121201,   62,    0
194824,20121202,   58,    0
194824,20121203,   47,    0
194824,20121204,   17,    0
194824,20121205,   11,    0
194824,20121206,   12,    0
194824,20121207,    1,    0
194824,20121208,   -2,    0
194824,20121209,   -2,    0
194824,20121210,   -6,    0
194824,20121211,   21,    0
194824,20121212,   -3,    0
194824,20121213,  -11,    0
194824,20121214,   -1,    0
194824,20121215,   15,    0
194824,20121216,   17,    0
194824,20121217,   22,    0
194824,20121218,   25,    0
194824,20121219,    8,    0
194824,20121220,   13,    0
194824,20121221,   10,    0
194824,20121222,   26,    0
194824,20121223,    5,    0
194824,20121224,   24,    0
194824,20121225,   38,    0
194824,20121226,   53,    0
194824,20121227,   41,    0
194824,20121228,   61,    0
194824,20121229,   28,    0
194824,20121230,   22,    0
194824,20121231,   19,    0
194824,20130101,   22,    0
194824,20130102,   34,    0
194824,20130103,   59,    0
194824,20130104,   43,    0
194824,20130105,   62,    0
194824,20130106,   41,    0
194824,20130107,   34,    0
194824,20130108,   47,    0
194824,20130109,   52,    0
194824,20130110,   47,    0
194824,20130111,   32,    0
194824,20130112,   35,    0
194824,20130113,   32,    0
194824,20130114,   20,    0
194824,20130115,   12,    0
194824,20130116,   13,    0
194824,20130117,    7,    0
194824,20130118,   24,    0
194824,20130119,    6,    0
194824,20130120,   21,    0
194824,20130121,   29,    0
194824,20130122,   24,    0
194824,20130123,   24,    0
194824,20130124,   50,    0
194824,20130125,   40,    0
194824,20130126,   16,    0
194824,20130127,   10,    0
194824,20130128,   11,    0
194824,20130129,   16,    0
194824,20130130,   15,    0
194824,20130131,   29,    0
194824,20130201,   14,    0
194824,20130202,   26,    0
194824,20130203,   42,    0
194824,20130204,   53,    0
194824,20130205,   34,    0
194824,20130206,   49,    0
194824,20130207,   35,    0
194824,20130208,   19,    0
194824,20130209,   15,    0
194824,20130210,    3,    0
194824,20130211,   -1,    0
194824,20130212,   13,    0
194824,20130213,   21,    0
194824,20130214,   36,    0
194824,20130215,   26,    0
194824,20130216,   34,    0
194824,20130217,   41,    0
194824,20130218,   37,    0
194824,20130219,   30,    0
194824,20130220,   23,    0
194824,20130221,   14,    0
194824,20130222,   -2,    0
194824,20130223,    1,    0
194824,20130224,   21,    0
194824,20130225,   12,    0
194824,20130226,   39,    0
194824,20130227,   40,    0
194824,20130228,   53,    0
194824,20130301,   50,    0
194824,20130302,   48,    0
194824,20130303,   58,    0
194824,20130304,   65,    0
194824,20130305,   40,    0
194824,20130306,   72,    0
194824,20130307,   90,    0
194824,20130308,   98,    0
194824,20130309,  116,    0
194824,20130310,  106,    0
194824,20130311,   87,    0
194824,20130312,   85,    0
194824,20130313,   86,    0
194824,20130314,   62,    0
194824,20130315,   41,    0
194824,20130316,   32,    0
194824,20130317,   53,    0
194824,20130318,   41,    0
194824,20130319,  104,    0
194824,20130320,   78,    0
194824,20130321,  101,    0
194824,20130322,   99,    0
194824,20130323,   95,    0
194824,20130324,   73,    0
194824,20130325,   29,    0
194824,20130326,   38,    0
194824,20130327,   56,    0
194824,20130328,   58,    0
194824,20130329,   74,    0
194824,20130330,   81,    0
194824,20130331,   98,    0
194824,20130401,   89,    0
194824,20130402,   78,    0
194824,20130403,   84,    0
194824,20130404,   82,    0
194824,20130405,   85,    0
194824,20130406,   96,    0
194824,20130407,  102,    0
194824,20130408,   89,    0
194824,20130409,   95,    0
194824,20130410,  117,    0
194824,20130411,  128,    0
194824,20130412,  170,    0
194824,20130413,  162,    0
194824,20130414,  150,    0
194824,20130415,  158,    0
194824,20130416,  150,    0
194824,20130417,  165,    0
194824,20130418,  180,    0
194824,20130419,  188,    0
194824,20130420,  157,    0
194824,20130421,  140,    0
194824,20130422,  118,    0
194824,20130423,  123,    0
194824,20130424,  139,    0
194824,20130425,  163,    0
194824,20130426,  163,    0
194824,20130427,  157,    0
194824,20130428,  178,    0
194824,20130429,  168,    0
194824,20130430,  173,    0
194824,20130501,  187,    0
194824,20130502,  171,    0
194824,20130503,  186,    0
194824,20130504,  185,    0
194824,20130505,  164,    0
194824,20130506,  167,    0
194824,20130507,  169,    0
194824,20130508,  176,    0
194824,20130509,  193,    0
194824,20130510,  182,    0
194824,20130511,  177,    0
194824,20130512,  160,    0
194824,20130513,  153,    0
194824,20130514,  169,    0
194824,20130515,  175,    0
194824,20130516,  165,    0
194824,20130517,  167,    0
194824,20130518,  171,    0
194824,20130519,  169,    0
194824,20130520,  162,    0
194824,20130521,  165,    0
194824,20130522,  163,    0
194824,20130523,  170,    0
194824,20130524,  112,    0
194824,20130525,   95,    0
194824,20130526,  152,    0
194824,20130527,  172,    0
194824,20130528,  165,    0
194824,20130529,  173,    0
194824,20130530,  141,    0
194824,20130531,  163,    0
194824,20130601,  177,    0
194824,20130602,  196,    0
194824,20130603,  168,    0
194824,20130604,  188,    0
194824,20130605,  192,    0
194824,20130606,  187,    0
194824,20130607,  205,    0
194824,20130608,  212,    0
194824,20130609,  187,    0
194824,20130610,  186,    0
194824,20130611,  211,    0
194824,20130612,  214,    0
194824,20130613,  221,    0
194824,20130614,  232,    0
194824,20130615,  256,    0
194824,20130616,  261,    0
194824,20130617,  267,    0
194824,20130618,  275,    0
194824,20130619,  270,    0
194824,20130620,  281,    0
194824,20130621,  261,    0
194824,20130622,  241,    0
194824,20130623,  246,    0
194824,20130624,  201,    0
194824,20130625,  211,    0
194824,20130626,  179,    0
194824,20130627,  179,    0
194824,20130628,  157,    0
194824,20130629,  185,    0
194824,20130630,  212,    0
194824,20130701,  221,    0
194824,20130702,  229,    0
194824,20130703,  246,    0
194824,20130704,  235,    0
194824,20130705,  251,    0
194824,20130706,  256,    0
194824,20130707,  242,    0
194824,20130708,  243,    0
194824,20130709,  251,    0
194824,20130710,  257,    0
194824,20130711,  259,    0
194824,20130712,  245,    0
194824,20130713,  234,    0
194824,20130714,  234,    0
194824,20130715,  251,    0
194824,20130716,  246,    0
194824,20130717,  236,    0
194824,20130718,  245,    0
194824,20130719,  256,    0
194824,20130720,  260,    0
194824,20130721,  257,    0
194824,20130722,  262,    0
194824,20130723,  272,    0
194824,20130724,  279,    0
194824,20130725,  279,    0
194824,20130726,  286,    0
194824,20130727,  304,    0
194824,20130728,  318,    0
194824,20130729,  264,    0
194824,20130730,  249,    0
194824,20130731,  254,    0
194824,20130801,  263,    0
194824,20130802,  281,    0
194824,20130803,  303,    0
194824,20130804,  307,    0
194824,20130805,  304,    0
194824,20130806,  302,    0
194824,20130807,  308,    0
194824,20130808,  279,    0
194824,20130809,  265,    0
194824,20130810,  253,    0
194824,20130811,  250,    0
194824,20130812,  260,    0
194824,20130813,  288,    0
194824,20130814,  214,    0
194824,20130815,  221,    0
194824,20130816,  230,    0
194824,20130817,  250,    0
194824,20130818,  261,    0
194824,20130819,  269,    0
194824,20130820,  198,    0
194824,20130821,  217,    0
194824,20130822,  223,    0
194824,20130823,  239,    0
194824,20130824,  251,    0
194824,20130825,  221,    0
194824,20130826,  211,    0
194824,20130827,  202,    0
194824,20130828,  212,    0
194824,20130829,  210,    0
194824,20130830,  205,    0
194824,20130831,  212,    0
194824,20130901,  221,    0
194824,20130902,  220,    0
194824,20130903,  237,    0
194824,20130904,  231,    0
194824,20130905,  235,    0
194824,20130906,  236,    0
194824,20130907,  244,    0
194824,20130908,  246,    0
194824,20130909,  257,    0
194824,20130910,  222,    0
194824,20130911,  185,    0
194824,20130912,  175,    0
194824,20130913,  194,    0
194824,20130914,  206,    0
194824,20130915,  194,    0
194824,20130916,  201,    0
194824,20130917,  186,    0
194824,20130918,  167,    0
194824,20130919,  185,    0
194824,20130920,  189,    0
194824,20130921,  195,    0
194824,20130922,  184,    0
194824,20130923,  194,    0
194824,20130924,  214,    0
194824,20130925,  208,    0
194824,20130926,  219,    0
194824,20130927,  222,    0
194824,20130928,  230,    0
194824,20130929,  176,    0
194824,20130930,  143,    0
194824,20131001,  167,    0
194824,20131002,  164,    0
194824,20131003,  132,    0
194824,20131004,  134,    0
194824,20131005,  111,    0
194824,20131006,  132,    0
194824,20131007,  146,    0
194824,20131008,  134,    0
194824,20131009,  150,    0
194824,20131010,  174,    0
194824,20131011,  127,    0
194824,20131012,  135,    0
194824,20131013,  130,    0
194824,20131014,  126,    0
194824,20131015,  141,    0
194824,20131016,  155,    0
194824,20131017,  138,    0
194824,20131018,  135,    0
194824,20131019,  150,    0
194824,20131020,  163,    0
194824,20131021,  156,    0
194824,20131022,  156,    0
194824,20131023,  184,    0
194824,20131024,  178,    0
194824,20131025,  172,    0
194824,20131026,  176,    0
194824,20131027,  181,    0
194824,20131028,  172,    0
194824,20131029,  194,    0
194824,20131030,  161,    0
194824,20131031,  144,    0
194824,20131101,  127,    0
194824,20131102,  129,    0
194824,20131103,  156,    0
194824,20131104,  132,    0
194824,20131105,  122,    0
194824,20131106,  122,    0
194824,20131107,  119,    0
194824,20131108,  145,    0
194824,20131109,  136,    0
194824,20131110,  131,    0
194824,20131111,  116,    0
194824,20131112,  107,    0
194824,20131113,  127,    0
194824,20131114,  112,    0
194824,20131115,  100,    0
194824,20131116,  103,    0
194824,20131117,  101,    0
194824,20131118,  104,    0
194824,20131119,  117,    0
194824,20131120,  103,    0
194824,20131121,   81,    0
194824,20131122,   68,    0
194824,20131123,   59,    0
194824,20131124,   77,    0
194824,20131125,   56,    0
194824,20131126,   21,    0
194824,20131127,   32,    0
194824,20131128,   29,    0
194824,20131129,   13,    0
194824,20131130,   26,    0
194824,20131201,   56,    0
194824,20131202,   65,    0
194824,20131203,   41,    0
194824,20131204,   35,    0
194824,20131205,   26,    0
194824,20131206,   39,    0
194824,20131207,   26,    0
194824,20131208,   19,    0
194824,20131209,   13,    0
194824,20131210,   12,    0
194824,20131211,   19,    0
194824,20131212,   14,    0
194824,20131213,   26,    0
194824,20131214,   42,    0
194824,20131215,   30,    0
194824,20131216,   34,    0
194824,20131217,   30,    0
194824,20131218,   21,    0
194824,20131219,   12,    0
194824,20131220,   51,    0
194824,20131221,   67,    0
194824,20131222,   65,    0
194824,20131223,   70,    0
194824,20131224,   43,    0
194824,20131225,  109,    0
194824,20131226,  111,    0
194824,20131227,   85,    0
194824,20131228,   71,    0
194824,20131229,   85,    0
194824,20131230,   72,    0
194824,20131231,   44,    0
194824,20140101,   31,    0
194824,20140102,   35,    0
194824,20140103,   52,    0
194824,20140104,   59,    0
194824,20140105,   68,    0
194824,20140106,   87,    0
194824,20140107,   64,    0
194824,20140108,   63,    0
194824,20140109,   56,    0
194824,20140110,   62,    0
194824,20140111,   84,    0
194824,20140112,   82,    0
194824,20140113,   71,    0
194824,20140114,   70,    0
194824,20140115,   40,    0
194824,20140116,   34,    0
194824,20140117,   69,    0
194824,20140118,   54,    0
194824,20140119,   64,    0
194824,20140120,   80,    0
194824,20140121,   91,    0
194824,20140122,   77,    0
194824,20140123,   73,    0
194824,20140124,   62,    0
194824,20140125,   46,    0
194824,20140126,   32,    0
194824,20140127,   35,    0
194824,20140128,   15,    0
194824,20140129,   31,    0
194824,20140130,   40,    0
194824,20140131,   45,    0
194824,20140201,   71,    0
194824,20140202,   70,    0
194824,20140203,   71,    0
194824,20140204,   59,    0
194824,20140205,   71,    0
194824,20140206,   69,    0
194824,20140207,   87,    0
194824,20140208,   88,    0
194824,20140209,   90,    0
194824,20140210,   79,    0
194824,20140211,   71,    0
194824,20140212,   82,    0
194824,20140213,   82,    0
194824,20140214,   83,    0
194824,20140215,   79,    0
194824,20140216,   79,    0
194824,20140217,   89,    0
194824,20140218,   86,    0
194824,20140219,   91,    0
194824,20140220,   84,    0
194824,20140221,  102,    0
194824,20140222,   77,    0
194824,20140223,   68,    0
194824,20140224,   71,    0
194824,20140225,   78,    0
194824,20140226,   91,    0
194824,20140227,   71,    0
194824,20140228,   87,    0
194824,20140301,   75,    0
194824,20140302,   73,    0
194824,20140303,   88,    0
194824,20140304,   74,    0
194824,20140305,   97,    0
194824,20140306,   97,    0
194824,20140307,  101,    0
194824,20140308,   89,    0
194824,20140309,   90,    0
194824,20140310,   84,    0
194824,20140311,   77,    0
194824,20140312,   94,    0
194824,20140313,  107,    0
194824,20140314,  108,    0
194824,20140315,  124,    0
194824,20140316,  112,    0
194824,20140317,  117,    0
194824,20140318,  108,    0
194824,20140319,  134,    0
194824,20140320,  118,    0
194824,20140321,  136,    0
194824,20140322,  149,    0
194824,20140323,  128,    0
194824,20140324,   73,    0
194824,20140325,   70,    0
194824,20140326,   79,    0
194824,20140327,  108,    0
194824,20140328,  124,    0
194824,20140329,  124,    0
194824,20140330,  133,    0
194824,20140331,  155,    0
194824,20140401,  150,    0
194824,20140402,  139,    0
194824,20140403,  137,    0
194824,20140404,  126,    0
194824,20140405,  129,    0
194824,20140406,  158,    0
194824,20140407,  163,    0
194824,20140408,  178,    0
194824,20140409,  137,    0
194824,20140410,  143,    0
194824,20140411,  139,    0
194824,20140412,  138,    0
194824,20140413,  129,    0
194824,20140414,  162,    0
194824,20140415,  125,    0
194824,20140416,  109,    0
194824,20140417,  109,    0
194824,20140418,  135,    0
194824,20140419,  116,    0
194824,20140420,  138,    0
194824,20140421,  140,    0
194824,20140422,  142,    0
194824,20140423,  154,    0
194824,20140424,  176,    0
194824,20140425,  174,    0
194824,20140426,  175,    0
194824,20140427,  141,    0
194824,20140428,  119,    0
194824,20140429,  140,    0
194824,20140430,  143,    0
194824,20140501,  165,    0
194824,20140502,  134,    0
194824,20140503,  142,    0
194824,20140504,  144,    0
194824,20140505,  136,    0
194824,20140506,  160,    0
194824,20140507,  168,    0
194824,20140508,  161,    0
194824,20140509,  182,    0
194824,20140510,  217,    0
194824,20140511,  205,    0
194824,20140512,  167,    0
194824,20140513,  126,    0
194824,20140514,  161,    0
194824,20140515,  156,    0
194824,20140516,  179,    0
194824,20140517,  166,    0
194824,20140518,  192,    0
194824,20140519,  170,    0
194824,20140520,  184,    0
194824,20140521,  199,    0
194824,20140522,  208,    0
194824,20140523,  209,    0
194824,20140524,  193,    0
194824,20140525,  192,    0
194824,20140526,  175,    0
194824,20140527,  181,    0
194824,20140528,  185,    0
194824,20140529,  187,    0
194824,20140530,  181,    0
194824,20140531,  166,    0
194824,20140601,  175,    0
194824,20140602,  184,    0
194824,20140603,  192,    0
194824,20140604,  189,    0
194824,20140605,  213,    0
194824,20140606,  217,    0
194824,20140607,  238,    0
194824,20140608,  256,    0
194824,20140609,  252,    0
194824,20140610,  256,    0
194824,20140611,  270,    0
194824,20140612,  271,    0
194824,20140613,  261,    0
194824,20140614,  218,    0
194824,20140615,  192,    0
194824,20140616,  173,    0
194824,20140617,  187,    0
194824,20140618,  192,    0
194824,20140619,  213,    0
194824,20140620,  235,    0
194824,20140621,  224,    0
194824,20140622,  241,    0
194824,20140623,  256,    0
194824,20140624,  246,    0
194824,20140625,  209,    0
194824,20140626,  196,    0
194824,20140627,  216,    0
194824,20140628,  244,    0
194824,20140629,  232,    0
194824,20140630,  214,    0
194824,20140701,  215,    0
194824,20140702,  216,    0
194824,20140703,  225,    0
194824,20140704,  222,    0
194824,20140705,  235,    0
194824,20140706,  255,    0
194824,20140707,  258,    0
194824,20140708,  213,    0
194824,20140709,  195,    0
194824,20140710,  177,    0
194824,20140711,  214,    0
194824,20140712,  215,    0
194824,20140713,  216,    0
194824,20140714,  203,    0
194824,20140715,  229,    0
194824,20140716,  250,    0
194824,20140717,  262,    0
194824,20140718,  262,    0
194824,20140719,  269,    0
194824,20140720,  276,    0
194824,20140721,  211,    0
194824,20140722,  225,    0
194824,20140723,  246,    0
194824,20140724,  214,    0
194824,20140725,  233,    0
194824,20140726,  199,    0
194824,20140727,  218,    0
194824,20140728,  248,    0
194824,20140729,  229,    0
194824,20140730,  190,    0
194824,20140731,  227,    0
194824,20140801,  237,    0
194824,20140802,  249,    0
194824,20140803,  232,    0
194824,20140804,  239,    0
194824,20140805,  229,    0
194824,20140806,  238,    0
194824,20140807,  242,    0
194824,20140808,  245,    0
194824,20140809,  259,    0
194824,20140810,  265,    0
194824,20140811,  274,    0
194824,20140812,  279,    0
194824,20140813,  258,    0
194824,20140814,-9999,    9
194824,20140815,-9999,    9
194824,20140816,-9999,    9
194824,20140817,-9999,    9
194824,20140818,-9999,    9
194824,20140819,-9999,    9
194824,20140820,-9999,    9
194824,20140821,-9999,    9
194824,20140822,-9999,    9
194824,20140823,-9999,    9
194824,20140824,-9999,    9
194824,20140825,-9999,    9
194824,20140826,-9999,    9
194824,20140827,-9999,    9
194824,20140828,-9999,    9
194824,20140829,-9999,    9
194824,20140830,-9999,    9
194824,20140831,-9999,    9
194824,20140901,-9999,    9
194824,20140902,-9999,    9
194824,20140903,-9999,    9
194824,20140904,  206,    0
194824,20140905,  206,    0
194824,20140906,  216,    0
194824,20140907,  215,    0
194824,20140908,  223,    0
194824,20140909,  234,    0
194824,20140910,  200,    0
194824,20140911,  183,    0
194824,20140912,  166,    0
194824,20140913,  178,    0
194824,20140914,  193,    0
194824,20140915,  194,    0
194824,20140916,  195,    0
194824,20140917,  189,    0
194824,20140918,  180,    0
194824,20140919,  188,    0
194824,20140920,  192,    0
194824,20140921,  206,    0
194824,20140922,  207,    0
194824,20140923,  157,    0
194824,20140924,  149,    0
194824,20140925,  165,    0
194824,20140926,  166,    0
194824,20140927,  179,    0
194824,20140928,  178,    0
194824,20140929,  184,    0
194824,20140930,  192,    0
194824,20141001,  180,    0
194824,20141002,  177,    0
194824,20141003,  166,    0
194824,20141004,  160,    0
194824,20141005,  159,    0
194824,20141006,  151,    0
194824,20141007,  173,    0
194824,20141008,  190,    0
194824,20141009,  176,    0
194824,20141010,  198,    0
194824,20141011,  197,    0
194824,20141012,  186,    0
194824,20141013,  200,    0
194824,20141014,  172,    0
194824,20141015,  177,    0
194824,20141016,  188,    0
194824,20141017,  200,    0
194824,20141018,  200,    0
194824,20141019,  191,    0
194824,20141020,  192,    0
194824,20141021,  203,    0
194824,20141022,  158,    0
194824,20141023,  143,    0
194824,20141024,  163,    0
194824,20141025,  116,    0
194824,20141026,  114,    0
194824,20141027,  107,    0
194824,20141028,  100,    0
194824,20141029,   91,    0
194824,20141030,   95,    0
194824,20141031,   98,    0
194824,20141101,  110,    0
194824,20141102,  116,    0
194824,20141103,  130,    0
194824,20141104,  173,    0
194824,20141105,  163,    0
194824,20141106,  144,    0
194824,20141107,  130,    0
194824,20141108,  138,    0
194824,20141109,  141,    0
194824,20141110,  140,    0
194824,20141111,  140,    0
194824,20141112,  138,    0
194824,20141113,  137,    0
194824,20141114,  128,    0
194824,20141115,  127,    0
194824,20141116,  144,    0
194824,20141117,  104,    0
194824,20141118,   99,    0
194824,20141119,   97,    0
194824,20141120,   76,    0
194824,20141121,   77,    0
194824,20141122,  103,    0
194824,20141123,  106,    0
194824,20141124,  103,    0
194824,20141125,   93,    0
194824,20141126,   79,    0
194824,20141127,   73,    0
194824,20141128,   85,    0
194824,20141129,  113,    0
194824,20141130,  117,    0
194824,20141201,  122,    0
194824,20141202,  101,    0
194824,20141203,   78,    0
194824,20141204,   89,    0
194824,20141205,   91,    0
194824,20141206,  100,    0
194824,20141207,   86,    0
194824,20141208,   76,    0
194824,20141209,   70,    0
194824,20141210,   57,    0
194824,20141211,   40,    0
194824,20141212,   40,    0
194824,20141213,   49,    0
194824,20141214,   67,    0
194824,20141215,   73,    0
194824,20141216,   76,    0
194824,20141217,   95,    0
194824,20141218,   78,    0
194824,20141219,   52,    0
194824,20141220,   55,    0
194824,20141221,   55,    0
194824,20141222,   39,    0
194824,20141223,   23,    0
194824,20141224,   29,    0
194824,20141225,   56,    0
194824,20141226,   44,    0
194824,20141227,    6,    0
194824,20141228,   16,    0
194824,20141229,   18,    0
194824,20141230,   -3,    0
194824,20141231,   -9,    0
194824,20150101,    1,    0
194824,20150102,   29,    0
194824,20150103,   27,    0
194824,20150104,   40,    0
194824,20150105,   52,    0
194824,20150106,   29,    0
194824,20150107,   35,    0
194824,20150108,   48,    0
194824,20150109,   31,    0
194824,20150110,   35,    0
194824,20150111,   35,    0
194824,20150112,   64,    0
194824,20150113,   34,    0
194824,20150114,   43,    0
194824,20150115,   30,    0
194824,20150116,   85,    0
194824,20150117,  127,    0
194824,20150118,   56,    0
194824,20150119,   38,    0
194824,20150120,   43,    0
194824,20150121,   56,    0
194824,20150122,   54,    0
194824,20150123,   67,    0
194824,20150124,   71,    0
194824,20150125,   57,    0
194824,20150126,   41,    0
194824,20150127,   19,    0
194824,20150128,   22,    0
194824,20150129,   23,    0
194824,20150130,   29,    0
194824,20150131,   31,    0
194824,20150201,   32,    0
194824,20150202,   22,    0
194824,20150203,   31,    0
194824,20150204,   48,    0
194824,20150205,   28,    0
194824,20150206,   17,    0
194824,20150207,   17,    0
194824,20150208,   19,    0
194824,20150209,   13,    0
194824,20150210,   25,    0
194824,20150211,   26,    0
194824,20150212,   37,    0
194824,20150213,   50,    0
194824,20150214,   56,    0
194824,20150215,   51,    0
194824,20150216,   63,    0
194824,20150217,   72,    0
194824,20150218,   44,    0
194824,20150219,   43,    0
194824,20150220,   46,    0
194824,20150221,   69,    0
194824,20150222,   67,    0
194824,20150223,   87,    0
194824,20150224,   65,    0
194824,20150225,   72,    0
194824,20150226,   79,    0
194824,20150227,   83,    0
194824,20150228,   75,    0
194824,20150301,   79,    0
194824,20150302,   97,    0
194824,20150303,   69,    0
194824,20150304,   81,    0
194824,20150305,   76,    0
194824,20150306,   56,    0
194824,20150307,   56,    0
194824,20150308,   59,    0
194824,20150309,   53,    0
194824,20150310,   75,    0
194824,20150311,   94,    0
194824,20150312,   74,    0
194824,20150313,   78,    0
194824,20150314,   70,    0
194824,20150315,   87,    0
194824,20150316,   88,    0
194824,20150317,   91,    0
194824,20150318,   97,    0
194824,20150319,   90,    0
194824,20150320,   82,    0
194824,20150321,   98,    0
194824,20150322,  101,    0
194824,20150323,  107,    0
194824,20150324,  104,    0
194824,20150325,  109,    0
194824,20150326,  113,    0
194824,20150327,  104,    0
194824,20150328,  102,    0
194824,20150329,  121,    0
194824,20150330,  151,    0
194824,20150331,  158,    0
194824,20150401,  151,    0
194824,20150402,  127,    0
194824,20150403,  116,    0
194824,20150404,   74,    0
194824,20150405,   83,    0
194824,20150406,   74,    0
194824,20150407,   75,    0
194824,20150408,  101,    0
194824,20150409,  107,    0
194824,20150410,  128,    0
194824,20150411,-9999,    9
194824,20150412,   95,    0
194824,20150413,-9999,    9
194824,20150414,-9999,    9
194824,20150415,-9999,    9
194824,20150416,  174,    0
194824,20150417,  182,    0
194824,20150418,-9999,    9
194824,20150419,-9999,    9
194824,20150420,-9999,    9
194824,20150421,-9999,    9
194824,20150422,-9999,    9
194824,20150423,-9999,    9
194824,20150424,-9999,    9
194824,20150425,-9999,    9
194824,20150426,-9999,    9
194824,20150427,-9999,    9
194824,20150428,-9999,    9
194824,20150429,-9999,    9
194824,20150430,  156,    0
194824,20150501,-9999,    9
194824,20150502,-9999,    9
194824,20150503,-9999,    9
194824,20150504,  163,    0
194824,20150505,  215,    0
194824,20150506,  168,    0
194824,20150507,  139,    0
194824,20150508,-9999,    9
194824,20150509,  247,    0
194824,20150510,-9999,    9
194824,20150511,-9999,    9
194824,20150512,  266,    0
194824,20150513,  194,    0
194824,20150514,  190,    0
194824,20150515,-9999,    9
194824,20150516,  183,    0
194824,20150517,-9999,    9
194824,20150518,  131,    0
194824,20150519,-9999,    9
194824,20150520,-9999,    9
194824,20150521,-9999,    9
194824,20150522,  127,    0
194824,20150523,-9999,    9
194824,20150524,-9999,    9
194824,20150525,  123,    0
194824,20150526,-9999,    9
194824,20150527,  139,    0
194824,20150528,   89,    0
194824,20150529,  110,    0
194824,20150530,-9999,    9
194824,20150531,-9999,    9
194824,20150601,  140,    0
194824,20150602,-9999,    9
194824,20150603,-9999,    9
194824,20150604,-9999,    9
194824,20150605,  250,    0
194824,20150606,-9999,    9
194824,20150607,  249,    0
194824,20150608,  245,    0
194824,20150609,  212,    0
194824,20150610,-9999,    9
194824,20150611,-9999,    9
194824,20150612,  286,    0
194824,20150613,  222,    0
194824,20150614,  238,    0
194824,20150615,  225,    0
194824,20150616,-9999,    9
194824,20150617,-9999,    9
194824,20150618,  250,    0
194824,20150619,-9999,    9
194824,20150620,  172,    0
194824,20150621,  142,    0
194824,20150622,-9999,    9
194824,20150623,-9999,    9
194824,20150624,  191,    0
194824,20150625,-9999,    9
194824,20150626,  203,    0
194824,20150627,-9999,    9
194824,20150628,-9999,    9
194824,20150629,  282,    0
194824,20150630,-9999,    9
194824,20150701,-9999,    9
194824,20150702,  299,    0
194824,20150703,-9999,    9
194824,20150704,-9999,    9
194824,20150705,-9999,    9
194824,20150706,-9999,    9
194824,20150707,  208,    0
194824,20150708,-9999,    9
194824,20150709,  232,    0
194824,20150710,-9999,    9
194824,20150711,-9999,    9
194824,20150712,-9999,    9
194824,20150713,-9999,    9
194824,20150714,-9999,    9
194824,20150715,-9999,    9
194824,20150716,-9999,    9
194824,20150717,  364,    0
194824,20150718,  369,    0
194824,20150719,-9999,    9
194824,20150720,  356,    0
194824,20150721,  293,    0
194824,20150722,  245,    0
194824,20150723,-9999,    9
194824,20150724,  274,    0
194824,20150725,  315,    0
194824,20150726,  281,    0
194824,20150727,-9999,    9
194824,20150728,  299,    0
194824,20150729,  266,    0
194824,20150730,-9999,    9
194824,20150731,  195,    0
194824,20150801,  171,    0
194824,20150802,  218,    0
194824,20150803,-9999,    9
194824,20150804,-9999,    9
194824,20150805,-9999,    9
194824,20150806,-9999,    9
194824,20150807,  362,    0
194824,20150808,  274,    0
194824,20150809,-9999,    9
194824,20150810,-9999,    9
194824,20150811,  314,    0
194824,20150812,-9999,    9
194824,20150813,-9999,    9
194824,20150814,  280,    0
194824,20150815,-9999,    9
194824,20150816,  247,    0
194824,20150817,-9999,    9
194824,20150818,-9999,    9
194824,20150819,-9999,    9
194824,20150820,-9999,    9
194824,20150821,  194,    0
194824,20150822,-9999,    9
194824,20150823,  148,    0
194824,20150824,  261,    0
194824,20150825,-9999,    9
194824,20150826,  289,    0
194824,20150827,-9999,    9
194824,20150828,  268,    0
194824,20150829,-9999,    9
194824,20150830,-9999,    9
194824,20150831,  237,    0
194824,20150901,-9999,    9
194824,20150902,  261,    0
194824,20150903,  291,    0
194824,20150904,  230,    0
194824,20150905,-9999,    9
194824,20150906,-9999,    9
194824,20150907,-9999,    9
194824,20150908,-9999,    9
194824,20150909,-9999,    9
194824,20150910,  180,    0
194824,20150911,  257,    0
194824,20150912,-9999,    9
194824,20150913,  203,    0
194824,20150914,  241,    0
194824,20150915,  222,    0
194824,20150916,  201,    0
194824,20150917,-9999,    9
194824,20150918,  234,    0
194824,20150919,  184,    0
194824,20150920,-9999,    9
194824,20150921,  159,    0
194824,20150922,  125,    0
194824,20150923,  184,    0
194824,20150924,  166,    0
194824,20150925,-9999,    9
194824,20150926,-9999,    9
194824,20150927,  134,    0
194824,20150928,  142,    0
194824,20150929,-9999,    9
194824,20150930,  176,    0
194824,20151001,  120,    0
194824,20151002,-9999,    9
194824,20151003,-9999,    9
194824,20151004,-9999,    9
194824,20151005,  209,    0
194824,20151006,  167,    0
194824,20151007,  188,    0
194824,20151008,  223,    0
194824,20151009,-9999,    9
194824,20151010,  145,    0
194824,20151011,-9999,    9
194824,20151012,  171,    0
194824,20151013,  161,    0
194824,20151014,  149,    0
194824,20151015,-9999,    9
194824,20151016,  133,    0
194824,20151017,-9999,    9
194824,20151018,-9999,    9
194824,20151019,  111,    0
194824,20151020,-9999,    9
194824,20151021,-9999,    9
194824,20151022,  117,    0
194824,20151023,  111,    0
194824,20151024,  143,    0
194824,20151025,-9999,    9
194824,20151026,   97,    0
194824,20151027,-9999,    9
194824,20151028,  120,    0
194824,20151029,  126,    0
194824,20151030,  135,    0
194824,20151031,  109,    0
194824,20151101,  102,    0
194824,20151102,   96,    0
194824,20151103,  105,    0
194824,20151104,  116,    0
194824,20151105,  126,    0
194824,20151106,  132,    0
194824,20151107,  136,    0
194824,20151108,  133,    0
194824,20151109,  140,    0
194824,20151110,  132,    0
194824,20151111,  107,    0
194824,20151112,  119,    0
194824,20151113,   91,    0
194824,20151114,  102,    0
194824,20151115,  100,    0
194824,20151116,  102,    0
194824,20151117,  101,    0
194824,20151118,   96,    0
194824,20151119,  105,    0
194824,20151120,   96,    0
194824,20151121,   81,    0
194824,20151122,   56,    0
194824,20151123,   41,    0
194824,20151124,   47,    0
194824,20151125,   28,    0
194824,20151126,   46,    0
194824,20151127,   57,    0
194824,20151128,   32,    0
194824,20151129,   26,    0
194824,20151130,   43,    0
194824,20151201,   43,    0
194824,20151202,   46,    0
194824,20151203,   37,    0
194824,20151204,   35,    0
194824,20151205,   56,    0
194824,20151206,   48,    0
194824,20151207,   66,    0
194824,20151208,   73,    0
194824,20151209,   29,    0
194824,20151210,   42,    0
194824,20151211,   24,    0
194824,20151212,   21,    0
194824,20151213,   28,    0
194824,20151214,   57,    0
194824,20151215,   63,    0
194824,20151216,   57,    0
194824,20151217,   59,    0
194824,20151218,   58,    0
194824,20151219,   60,    0
194824,20151220,   56,    0
194824,20151221,   52,    0
194824,20151222,   64,    0
194824,20151223,   51,    0
194824,20151224,   66,    0
194824,20151225,   81,    0
194824,20151226,   61,    0
194824,20151227,   31,    0
194824,20151228,   30,    0
194824,20151229,   31,    0
194824,20151230,   25,    0
194824,20151231,   38,    0
194824,20160101,   17,    0
194824,20160102,   12,    0
194824,20160103,   18,    0
194824,20160104,   21,    0
194824,20160105,   31,    0
194824,20160106,   36,    0
194824,20160107,   32,    0
194824,20160108,   42,    0
194824,20160109,   49,    0
194824,20160110,   60,    0
194824,20160111,  130,    0
194824,20160112,  106,    0
194824,20160113,   88,    0
194824,20160114,   36,    0
194824,20160115,   42,    0
194824,20160116,   32,    0
194824,20160117,   28,    0
194824,20160118,    2,    0
194824,20160119,  -11,    0
194824,20160120,   -5,    0
194824,20160121,   -6,    0
194824,20160122,   18,    0
194824,20160123,   15,    0
194824,20160124,   17,    0
194824,20160125,   38,    0
194824,20160126,   69,    0
194824,20160127,   69,    0
194824,20160128,   78,    0
194824,20160129,   77,    0
194824,20160130,   75,    0
194824,20160131,   58,    0
194824,20160201,   52,    0
194824,20160202,   64,    0
194824,20160203,   59,    0
194824,20160204,   61,    0
194824,20160205,   50,    0
194824,20160206,   52,    0
194824,20160207,   94,    0
194824,20160208,   74,    0
194824,20160209,   96,    0
194824,20160210,   91,    0
194824,20160211,   54,    0
194824,20160212,   58,    0
194824,20160213,   54,    0
194824,20160214,   55,    0
194824,20160215,   63,    0
194824,20160216,   64,    0
194824,20160217,   68,    0
194824,20160218,   81,    0
194824,20160219,   86,    0
194824,20160220,   72,    0
194824,20160221,   78,    0
194824,20160222,   81,    0
194824,20160223,   95,    0
194824,20160224,   76,    0
194824,20160225,   70,    0
194824,20160226,   69,    0
194824,20160227,   67,    0
194824,20160228,   96,    0
194824,20160229,   94,    0
194824,20160301,   88,    0
194824,20160302,  102,    0
194824,20160303,   46,    0
194824,20160304,   85,    0
194824,20160305,  101,    0
194824,20160306,   47,    0
194824,20160307,   53,    0
194824,20160308,   47,    0
194824,20160309,   53,    0
194824,20160310,   86,    0
194824,20160311,   88,    0
194824,20160312,  102,    0
194824,20160313,   93,    0
194824,20160314,   83,    0
194824,20160315,   82,    0
194824,20160316,   70,    0
194824,20160317,   80,    0
194824,20160318,   94,    0
194824,20160319,  119,    0
194824,20160320,  136,    0
194824,20160321,  119,    0
194824,20160322,  103,    0
194824,20160323,   92,    0
194824,20160324,   89,    0
194824,20160325,  100,    0
194824,20160326,  104,    0
194824,20160327,  122,    0
194824,20160328,  132,    0
194824,20160329,-9999,    9
194824,20160330,  148,    0
194824,20160331,  140,    0
194824,20160401,  153,    0
194824,20160402,-9999,    9
194824,20160403,  136,    0
194824,20160404,  129,    0
194824,20160405,-9999,    9
194824,20160406,-9999,    9
194824,20160407,  107,    0
194824,20160408,  132,    0
194824,20160409,-9999,    9
194824,20160410,-9999,    9
194824,20160411,-9999,    9
194824,20160412,-9999,    9
194824,20160413,  170,    0
194824,20160414,  161,    0
194824,20160415,  178,    0
194824,20160416,  235,    0
194824,20160417,  203,    0
194824,20160418,  179,    0
194824,20160419,  109,    0
194824,20160420,  138,    0
194824,20160421,  157,    0
194824,20160422,-9999,    9
194824,20160423,  114,    0
194824,20160424,  124,    0
194824,20160425,-9999,    9
194824,20160426,   98,    0
194824,20160427,-9999,    9
194824,20160428,   84,    0
194824,20160429,-9999,    9
194824,20160430,-9999,    9
194824,20160501,  136,    0
194824,20160502,-9999,    9
194824,20160503,  148,    0
194824,20160504,  138,    0
194824,20160505,-9999,    9
194824,20160506,-9999,    9
194824,20160507,-9999,    9
194824,20160508,-9999,    9
194824,20160509,-9999,    9
194824,20160510,-9999,    9
194824,20160511,-9999,    9
194824,20160512,-9999,    9
194824,20160513,-9999,    9
194824,20160514,-9999,    9
194824,20160515,-9999,    9
194824,20160516,-9999,    9
194824,20160517,-9999,    9
194824,20160518,-9999,    9
194824,20160519,-9999,    9
194824,20160520,-9999,    9
194824,20160521,-9999,    9
194824,20160522,-9999,    9
194824,20160523,-9999,    9
194824,20160524,-9999,    9
194824,20160525,-9999,    9
194824,20160526,-9999,    9
194824,20160527,-9999,    9
194824,20160528,-9999,    9
194824,20160529,-9999,    9
194824,20160530,-9999,    9
194824,20160531,-9999,    9
194824,20160601,-9999,    9
194824,20160602,-9999,    9
194824,20160603,-9999,    9
194824,20160604,-9999,    9
194824,20160605,-9999,    9
194824,20160606,-9999,    9
194824,20160607,-9999,    9
194824,20160608,-9999,    9
194824,20160609,-9999,    9
194824,20160610,-9999,    9
194824,20160611,-9999,    9
194824,20160612,-9999,    9
194824,20160613,-9999,    9
194824,20160614,-9999,    9
194824,20160615,-9999,    9
194824,20160616,-9999,    9
194824,20160617,-9999,    9
194824,20160618,-9999,    9
194824,20160619,-9999,    9
194824,20160620,-9999,    9
194824,20160621,-9999,    9
194824,20160622,-9999,    9
194824,20160623,-9999,    9
194824,20160624,-9999,    9
194824,20160625,-9999,    9
194824,20160626,-9999,    9
194824,20160627,-9999,    9
194824,20160628,-9999,    9
194824,20160629,-9999,    9
194824,20160630,-9999,    9
194824,20160701,-9999,    9
194824,20160702,-9999,    9
194824,20160703,-9999,    9
194824,20160704,-9999,    9
194824,20160705,-9999,    9
194824,20160706,-9999,    9
194824,20160707,-9999,    9
194824,20160708,-9999,    9
194824,20160709,-9999,    9
194824,20160710,-9999,    9
194824,20160711,-9999,    9
194824,20160712,-9999,    9
194824,20160713,-9999,    9
194824,20160714,-9999,    9
194824,20160715,-9999,    9
194824,20160716,-9999,    9
194824,20160717,-9999,    9
194824,20160718,-9999,    9
194824,20160719,-9999,    9
194824,20160720,-9999,    9
194824,20160721,-9999,    9
194824,20160722,-9999,    9
194824,20160723,-9999,    9
194824,20160724,-9999,    9
194824,20160725,-9999,    9
194824,20160726,-9999,    9
194824,20160727,-9999,    9
194824,20160728,-9999,    9
194824,20160729,-9999,    9
194824,20160730,-9999,    9
194824,20160731,-9999,    9
194824,20160801,-9999,    9
194824,20160802,-9999,    9
194824,20160803,-9999,    9
194824,20160804,-9999,    9
194824,20160805,-9999,    9
194824,20160806,-9999,    9
194824,20160807,-9999,    9
194824,20160808,-9999,    9
194824,20160809,-9999,    9
194824,20160810,-9999,    9
194824,20160811,-9999,    9
194824,20160812,-9999,    9
194824,20160813,-9999,    9
194824,20160814,-9999,    9
194824,20160815,-9999,    9
194824,20160816,-9999,    9
194824,20160817,-9999,    9
194824,20160818,-9999,    9
194824,20160819,-9999,    9
194824,20160820,-9999,    9
194824,20160821,-9999,    9
194824,20160822,-9999,    9
194824,20160823,-9999,    9
194824,20160824,-9999,    9
194824,20160825,-9999,    9
194824,20160826,-9999,    9
194824,20160827,-9999,    9
194824,20160828,-9999,    9
194824,20160829,-9999,    9
194824,20160830,-9999,    9
194824,20160831,-9999,    9
194824,20160901,-9999,    9
194824,20160902,-9999,    9
194824,20160903,-9999,    9
194824,20160904,-9999,    9
194824,20160905,-9999,    9
194824,20160906,-9999,    9
194824,20160907,-9999,    9
194824,20160908,-9999,    9
194824,20160909,-9999,    9
194824,20160910,-9999,    9
194824,20160911,-9999,    9
194824,20160912,-9999,    9
194824,20160913,-9999,    9
194824,20160914,-9999,    9
194824,20160915,-9999,    9
194824,20160916,-9999,    9
194824,20160917,-9999,    9
194824,20160918,-9999,    9
194824,20160919,-9999,    9
194824,20160920,-9999,    9
194824,20160921,-9999,    9
194824,20160922,-9999,    9
194824,20160923,-9999,    9
194824,20160924,-9999,    9
194824,20160925,-9999,    9
194824,20160926,-9999,    9
194824,20160927,-9999,    9
194824,20160928,-9999,    9
194824,20160929,-9999,    9
194824,20160930,-9999,    9
194824,20161001,-9999,    9
194824,20161002,-9999,    9
194824,20161003,-9999,    9
194824,20161004,-9999,    9
194824,20161005,-9999,    9
194824,20161006,-9999,    9
194824,20161007,-9999,    9
194824,20161008,-9999,    9
194824,20161009,-9999,    9
194824,20161010,-9999,    9
194824,20161011,-9999,    9
194824,20161012,-9999,    9
194824,20161013,-9999,    9
194824,20161014,-9999,    9
194824,20161015,-9999,    9
194824,20161016,-9999,    9
194824,20161017,-9999,    9
194824,20161018,-9999,    9
194824,20161019,-9999,    9
194824,20161020,-9999,    9
194824,20161021,-9999,    9
194824,20161022,-9999,    9
194824,20161023,-9999,    9
194824,20161024,-9999,    9
194824,20161025,-9999,    9
194824,20161026,-9999,    9
194824,20161027,-9999,    9
194824,20161028,-9999,    9
194824,20161029,-9999,    9
194824,20161030,-9999,    9
194824,20161031,-9999,    9
194824,20161101,-9999,    9
194824,20161102,-9999,    9
194824,20161103,-9999,    9
194824,20161104,-9999,    9
194824,20161105,-9999,    9
194824,20161106,-9999,    9
194824,20161107,-9999,    9
194824,20161108,-9999,    9
194824,20161109,-9999,    9
194824,20161110,-9999,    9
194824,20161111,-9999,    9
194824,20161112,-9999,    9
194824,20161113,-9999,    9
194824,20161114,-9999,    9
194824,20161115,-9999,    9
194824,20161116,-9999,    9
194824,20161117,-9999,    9
194824,20161118,-9999,    9
194824,20161119,-9999,    9
194824,20161120,-9999,    9
194824,20161121,-9999,    9
194824,20161122,-9999,    9
194824,20161123,-9999,    9
194824,20161124,-9999,    9
194824,20161125,-9999,    9
194824,20161126,-9999,    9
194824,20161127,-9999,    9
194824,20161128,-9999,    9
194824,20161129,-9999,    9
194824,20161130,-9999,    9
194824,20161201,-9999,    9
194824,20161202,-9999,    9
194824,20161203,-9999,    9
194824,20161204,-9999,    9
194824,20161205,-9999,    9
194824,20161206,-9999,    9
194824,20161207,-9999,    9
194824,20161208,-9999,    9
194824,20161209,-9999,    9
194824,20161210,-9999,    9
194824,20161211,-9999,    9
194824,20161212,-9999,    9
194824,20161213,-9999,    9
194824,20161214,-9999,    9
194824,20161215,-9999,    9
194824,20161216,-9999,    9
194824,20161217,-9999,    9
194824,20161218,-9999,    9
194824,20161219,-9999,    9
194824,20161220,-9999,    9
194824,20161221,-9999,    9
194824,20161222,-9999,    9
194824,20161223,-9999,    9
194824,20161224,-9999,    9
194824,20161225,-9999,    9
194824,20161226,-9999,    9
194824,20161227,-9999,    9
194824,20161228,-9999,    9
194824,20161229,-9999,    9
194824,20161230,-9999,    9
194824,20161231,-9999,    9
194824,20170101,-9999,    9
194824,20170102,-9999,    9
194824,20170103,-9999,    9
194824,20170104,-9999,    9
194824,20170105,-9999,    9
194824,20170106,-9999,    9
194824,20170107,-9999,    9
194824,20170108,-9999,    9
194824,20170109,-9999,    9
194824,20170110,-9999,    9
194824,20170111,-9999,    9
194824,20170112,-9999,    9
194824,20170113,-9999,    9
194824,20170114,-9999,    9
194824,20170115,-9999,    9
194824,20170116,-9999,    9
194824,20170117,-9999,    9
194824,20170118,-9999,    9
194824,20170119,-9999,    9
194824,20170120,-9999,    9
194824,20170121,-9999,    9
194824,20170122,-9999,    9
194824,20170123,-9999,    9
194824,20170124,-9999,    9
194824,20170125,-9999,    9
194824,20170126,-9999,    9
194824,20170127,-9999,    9
194824,20170128,-9999,    9
194824,20170129,-9999,    9
194824,20170130,-9999,    9
194824,20170131,-9999,    9
194824,20170201,-9999,    9
194824,20170202,-9999,    9
194824,20170203,-9999,    9
194824,20170204,-9999,    9
194824,20170205,-9999,    9
194824,20170206,-9999,    9
194824,20170207,-9999,    9
194824,20170208,-9999,    9
194824,20170209,-9999,    9
194824,20170210,-9999,    9
194824,20170211,-9999,    9
194824,20170212,-9999,    9
194824,20170213,-9999,    9
194824,20170214,-9999,    9
194824,20170215,-9999,    9
194824,20170216,-9999,    9
194824,20170217,-9999,    9
194824,20170218,-9999,    9
194824,20170219,-9999,    9
194824,20170220,-9999,    9
194824,20170221,-9999,    9
194824,20170222,-9999,    9
194824,20170223,-9999,    9
194824,20170224,-9999,    9
194824,20170225,-9999,    9
194824,20170226,-9999,    9
194824,20170227,-9999,    9
194824,20170228,-9999,    9
194824,20170301,-9999,    9
194824,20170302,-9999,    9
194824,20170303,-9999,    9
194824,20170304,-9999,    9
194824,20170305,-9999,    9
194824,20170306,-9999,    9
194824,20170307,-9999,    9
194824,20170308,-9999,    9
194824,20170309,-9999,    9
194824,20170310,-9999,    9
194824,20170311,-9999,    9
194824,20170312,-9999,    9
194824,20170313,-9999,    9
194824,20170314,-9999,    9
194824,20170315,-9999,    9
194824,20170316,-9999,    9
194824,20170317,-9999,    9
194824,20170318,-9999,    9
194824,20170319,-9999,    9
194824,20170320,-9999,    9
194824,20170321,-9999,    9
194824,20170322,-9999,    9
194824,20170323,-9999,    9
194824,20170324,-9999,    9
194824,20170325,-9999,    9
194824,20170326,-9999,    9
194824,20170327,-9999,    9
194824,20170328,-9999,    9
194824,20170329,-9999,    9
194824,20170330,-9999,    9
194824,20170331,-9999,    9
194824,20170401,-9999,    9
194824,20170402,-9999,    9
194824,20170403,-9999,    9
194824,20170404,-9999,    9
194824,20170405,-9999,    9
194824,20170406,-9999,    9
194824,20170407,-9999,    9
194824,20170408,-9999,    9
194824,20170409,-9999,    9
194824,20170410,-9999,    9
194824,20170411,-9999,    9
194824,20170412,-9999,    9
194824,20170413,-9999,    9
194824,20170414,-9999,    9
194824,20170415,-9999,    9
194824,20170416,-9999,    9
194824,20170417,-9999,    9
194824,20170418,-9999,    9
194824,20170419,-9999,    9
194824,20170420,-9999,    9
194824,20170421,-9999,    9
194824,20170422,-9999,    9
194824,20170423,-9999,    9
194824,20170424,-9999,    9
194824,20170425,-9999,    9
194824,20170426,-9999,    9
194824,20170427,-9999,    9
194824,20170428,-9999,    9
194824,20170429,-9999,    9
194824,20170430,-9999,    9
194824,20170501,-9999,    9
194824,20170502,-9999,    9
194824,20170503,-9999,    9
194824,20170504,-9999,    9
194824,20170505,-9999,    9
194824,20170506,-9999,    9
194824,20170507,-9999,    9
194824,20170508,-9999,    9
194824,20170509,-9999,    9
194824,20170510,-9999,    9
194824,20170511,-9999,    9
194824,20170512,-9999,    9
194824,20170513,-9999,    9
194824,20170514,-9999,    9
194824,20170515,-9999,    9
194824,20170516,-9999,    9
194824,20170517,-9999,    9
194824,20170518,-9999,    9
194824,20170519,-9999,    9
194824,20170520,-9999,    9
194824,20170521,-9999,    9
194824,20170522,-9999,    9
194824,20170523,-9999,    9
194824,20170524,-9999,    9
194824,20170525,-9999,    9
194824,20170526,-9999,    9
194824,20170527,-9999,    9
194824,20170528,-9999,    9
194824,20170529,-9999,    9
194824,20170530,-9999,    9
194824,20170531,-9999,    9
194824,20170601,-9999,    9
194824,20170602,-9999,    9
194824,20170603,-9999,    9
194824,20170604,-9999,    9
194824,20170605,-9999,    9
194824,20170606,-9999,    9
194824,20170607,-9999,    9
194824,20170608,-9999,    9
194824,20170609,-9999,    9
194824,20170610,-9999,    9
194824,20170611,-9999,    9
194824,20170612,-9999,    9
194824,20170613,-9999,    9
194824,20170614,-9999,    9
194824,20170615,-9999,    9
194824,20170616,-9999,    9
194824,20170617,-9999,    9
194824,20170618,-9999,    9
194824,20170619,-9999,    9
194824,20170620,-9999,    9
194824,20170621,-9999,    9
194824,20170622,-9999,    9
194824,20170623,-9999,    9
194824,20170624,-9999,    9
194824,20170625,-9999,    9
194824,20170626,-9999,    9
194824,20170627,-9999,    9
194824,20170628,-9999,    9
194824,20170629,-9999,    9
194824,20170630,-9999,    9
194824,20170701,-9999,    9
194824,20170702,-9999,    9
194824,20170703,-9999,    9
194824,20170704,-9999,    9
194824,20170705,-9999,    9
194824,20170706,-9999,    9
194824,20170707,-9999,    9
194824,20170708,-9999,    9
194824,20170709,-9999,    9
194824,20170710,-9999,    9
194824,20170711,-9999,    9
194824,20170712,-9999,    9
194824,20170713,-9999,    9
194824,20170714,-9999,    9
194824,20170715,-9999,    9
194824,20170716,-9999,    9
194824,20170717,-9999,    9
194824,20170718,-9999,    9
194824,20170719,-9999,    9
194824,20170720,-9999,    9
194824,20170721,-9999,    9
194824,20170722,-9999,    9
194824,20170723,-9999,    9
194824,20170724,-9999,    9
194824,20170725,-9999,    9
194824,20170726,-9999,    9
194824,20170727,-9999,    9
194824,20170728,-9999,    9
194824,20170729,-9999,    9
194824,20170730,-9999,    9
194824,20170731,-9999,    9
194824,20170801,-9999,    9
194824,20170802,-9999,    9
194824,20170803,-9999,    9
194824,20170804,-9999,    9
194824,20170805,-9999,    9
194824,20170806,-9999,    9
194824,20170807,-9999,    9
194824,20170808,-9999,    9
194824,20170809,-9999,    9
194824,20170810,-9999,    9
194824,20170811,-9999,    9
194824,20170812,-9999,    9
194824,20170813,-9999,    9
194824,20170814,-9999,    9
194824,20170815,-9999,    9
194824,20170816,-9999,    9
194824,20170817,-9999,    9
194824,20170818,-9999,    9
194824,20170819,-9999,    9
194824,20170820,-9999,    9
194824,20170821,-9999,    9
194824,20170822,-9999,    9
194824,20170823,-9999,    9
194824,20170824,-9999,    9
194824,20170825,-9999,    9
194824,20170826,-9999,    9
194824,20170827,-9999,    9
194824,20170828,-9999,    9
194824,20170829,-9999,    9
194824,20170830,-9999,    9
194824,20170831,-9999,    9
194824,20170901,-9999,    9
194824,20170902,-9999,    9
194824,20170903,-9999,    9
194824,20170904,-9999,    9
194824,20170905,-9999,    9
194824,20170906,-9999,    9
194824,20170907,-9999,    9
194824,20170908,-9999,    9
194824,20170909,-9999,    9
194824,20170910,-9999,    9
194824,20170911,-9999,    9
194824,20170912,-9999,    9
194824,20170913,-9999,    9
194824,20170914,-9999,    9
194824,20170915,-9999,    9
194824,20170916,-9999,    9
194824,20170917,-9999,    9
194824,20170918,-9999,    9
194824,20170919,-9999,    9
194824,20170920,-9999,    9
194824,20170921,-9999,    9
194824,20170922,-9999,    9
194824,20170923,-9999,    9
194824,20170924,-9999,    9
194824,20170925,-9999,    9
194824,20170926,-9999,    9
194824,20170927,-9999,    9
194824,20170928,-9999,    9
194824,20170929,-9999,    9
194824,20170930,-9999,    9
194824,20171001,-9999,    9
194824,20171002,-9999,    9
194824,20171003,-9999,    9
194824,20171004,-9999,    9
194824,20171005,-9999,    9
194824,20171006,-9999,    9
194824,20171007,-9999,    9
194824,20171008,-9999,    9
194824,20171009,-9999,    9
194824,20171010,-9999,    9
194824,20171011,-9999,    9
194824,20171012,-9999,    9
194824,20171013,-9999,    9
194824,20171014,-9999,    9
194824,20171015,-9999,    9
194824,20171016,-9999,    9
194824,20171017,-9999,    9
194824,20171018,-9999,    9
194824,20171019,-9999,    9
194824,20171020,-9999,    9
194824,20171021,-9999,    9
194824,20171022,-9999,    9
194824,20171023,-9999,    9
194824,20171024,-9999,    9
194824,20171025,-9999,    9
194824,20171026,-9999,    9
194824,20171027,-9999,    9
194824,20171028,-9999,    9
194824,20171029,-9999,    9
194824,20171030,-9999,    9
194824,20171031,-9999,    9
194824,20171101,-9999,    9
194824,20171102,-9999,    9
194824,20171103,-9999,    9
194824,20171104,-9999,    9
194824,20171105,-9999,    9
194824,20171106,-9999,    9
194824,20171107,-9999,    9
194824,20171108,-9999,    9
194824,20171109,-9999,    9
194824,20171110,-9999,    9
194824,20171111,-9999,    9
194824,20171112,-9999,    9
194824,20171113,-9999,    9
194824,20171114,-9999,    9
194824,20171115,-9999,    9
194824,20171116,-9999,    9
194824,20171117,-9999,    9
194824,20171118,-9999,    9
194824,20171119,-9999,    9
194824,20171120,-9999,    9
194824,20171121,-9999,    9
194824,20171122,-9999,    9
194824,20171123,-9999,    9
194824,20171124,-9999,    9
194824,20171125,-9999,    9
194824,20171126,-9999,    9
194824,20171127,-9999,    9
194824,20171128,-9999,    9
194824,20171129,-9999,    9
194824,20171130,-9999,    9
194824,20171201,-9999,    9
194824,20171202,-9999,    9
194824,20171203,-9999,    9
194824,20171204,-9999,    9
194824,20171205,-9999,    9
194824,20171206,-9999,    9
194824,20171207,-9999,    9
194824,20171208,-9999,    9
194824,20171209,-9999,    9
194824,20171210,-9999,    9
194824,20171211,-9999,    9
194824,20171212,-9999,    9
194824,20171213,-9999,    9
194824,20171214,-9999,    9
194824,20171215,-9999,    9
194824,20171216,-9999,    9
194824,20171217,-9999,    9
194824,20171218,-9999,    9
194824,20171219,-9999,    9
194824,20171220,-9999,    9
194824,20171221,-9999,    9
194824,20171222,-9999,    9
194824,20171223,-9999,    9
194824,20171224,-9999,    9
194824,20171225,-9999,    9
194824,20171226,-9999,    9
194824,20171227,-9999,    9
194824,20171228,-9999,    9
194824,20171229,-9999,    9
194824,20171230,-9999,    9
194824,20171231,-9999,    9
194824,20180101,-9999,    9
194824,20180102,-9999,    9
194824,20180103,-9999,    9
194824,20180104,-9999,    9
194824,20180105,-9999,    9
194824,20180106,-9999,    9
194824,20180107,-9999,    9
194824,20180108,-9999,    9
194824,20180109,-9999,    9
194824,20180110,-9999,    9
194824,20180111,-9999,    9
194824,20180112,-9999,    9
194824,20180113,-9999,    9
194824,20180114,-9999,    9
194824,20180115,-9999,    9
194824,20180116,-9999,    9
194824,20180117,-9999,    9
194824,20180118,-9999,    9
194824,20180119,-9999,    9
194824,20180120,-9999,    9
194824,20180121,-9999,    9
194824,20180122,-9999,    9
194824,20180123,-9999,    9
194824,20180124,-9999,    9
194824,20180125,-9999,    9
194824,20180126,-9999,    9
194824,20180127,-9999,    9
194824,20180128,-9999,    9
194824,20180129,-9999,    9
194824,20180130,-9999,    9
194824,20180131,-9999,    9
194824,20180201,-9999,    9
194824,20180202,-9999,    9
194824,20180203,-9999,    9
194824,20180204,-9999,    9
194824,20180205,-9999,    9
194824,20180206,-9999,    9
194824,20180207,-9999,    9
194824,20180208,-9999,    9
194824,20180209,-9999,    9
194824,20180210,-9999,    9
194824,20180211,-9999,    9
194824,20180212,-9999,    9
194824,20180213,-9999,    9
194824,20180214,-9999,    9
194824,20180215,-9999,    9
194824,20180216,-9999,    9
194824,20180217,-9999,    9
194824,20180218,-9999,    9
194824,20180219,-9999,    9
194824,20180220,-9999,    9
194824,20180221,-9999,    9
194824,20180222,-9999,    9
194824,20180223,-9999,    9
194824,20180224,-9999,    9
194824,20180225,-9999,    9
194824,20180226,-9999,    9
194824,20180227,-9999,    9
194824,20180228,-9999,    9
194824,20180301,-9999,    9
194824,20180302,-9999,    9
194824,20180303,-9999,    9
194824,20180304,-9999,    9
194824,20180305,-9999,    9
194824,20180306,-9999,    9
194824,20180307,-9999,    9
194824,20180308,-9999,    9
194824,20180309,-9999,    9
194824,20180310,-9999,    9
194824,20180311,-9999,    9
194824,20180312,-9999,    9
194824,20180313,-9999,    9
194824,20180314,-9999,    9
194824,20180315,-9999,    9
194824,20180316,-9999,    9
194824,20180317,-9999,    9
194824,20180318,-9999,    9
194824,20180319,-9999,    9
194824,20180320,-9999,    9
194824,20180321,-9999,    9
194824,20180322,-9999,    9
194824,20180323,-9999,    9
194824,20180324,-9999,    9
194824,20180325,-9999,    9
194824,20180326,-9999,    9
194824,20180327,-9999,    9
194824,20180328,-9999,    9
194824,20180329,-9999,    9
194824,20180330,-9999,    9
194824,20180331,-9999,    9
194824,20180401,-9999,    9
194824,20180402,-9999,    9
194824,20180403,-9999,    9
194824,20180404,-9999,    9
194824,20180405,-9999,    9
194824,20180406,-9999,    9
194824,20180407,-9999,    9
194824,20180408,-9999,    9
194824,20180409,-9999,    9
194824,20180410,-9999,    9
194824,20180411,-9999,    9
194824,20180412,-9999,    9
194824,20180413,-9999,    9
194824,20180414,-9999,    9
194824,20180415,-9999,    9
194824,20180416,-9999,    9
194824,20180417,-9999,    9
194824,20180418,-9999,    9
194824,20180419,-9999,    9
194824,20180420,-9999,    9
194824,20180421,-9999,    9
194824,20180422,-9999,    9
194824,20180423,-9999,    9
194824,20180424,-9999,    9
194824,20180425,-9999,    9
194824,20180426,-9999,    9
194824,20180427,-9999,    9
194824,20180428,-9999,    9
194824,20180429,-9999,    9
194824,20180430,-9999,    9
194824,20180501,-9999,    9
194824,20180502,-9999,    9
194824,20180503,-9999,    9
194824,20180504,-9999,    9
194824,20180505,-9999,    9
194824,20180506,-9999,    9
194824,20180507,-9999,    9
194824,20180508,-9999,    9
194824,20180509,-9999,    9
194824,20180510,-9999,    9
194824,20180511,-9999,    9
194824,20180512,-9999,    9
194824,20180513,-9999,    9
194824,20180514,-9999,    9
194824,20180515,-9999,    9
194824,20180516,-9999,    9
194824,20180517,-9999,    9
194824,20180518,-9999,    9
194824,20180519,-9999,    9
194824,20180520,-9999,    9
194824,20180521,-9999,    9
194824,20180522,-9999,    9
194824,20180523,-9999,    9
194824,20180524,-9999,    9
194824,20180525,-9999,    9
194824,20180526,-9999,    9
194824,20180527,-9999,    9
194824,20180528,-9999,    9
194824,20180529,-9999,    9
194824,20180530,-9999,    9
194824,20180531,-9999,    9
194824,20180601,-9999,    9
194824,20180602,-9999,    9
194824,20180603,-9999,    9
194824,20180604,-9999,    9
194824,20180605,-9999,    9
194824,20180606,-9999,    9
194824,20180607,-9999,    9
194824,20180608,-9999,    9
194824,20180609,-9999,    9
194824,20180610,-9999,    9
194824,20180611,-9999,    9
194824,20180612,-9999,    9
194824,20180613,-9999,    9
194824,20180614,-9999,    9
194824,20180615,-9999,    9
194824,20180616,-9999,    9
194824,20180617,-9999,    9
194824,20180618,-9999,    9
194824,20180619,-9999,    9
194824,20180620,-9999,    9
194824,20180621,-9999,    9
194824,20180622,-9999,    9
194824,20180623,-9999,    9
194824,20180624,-9999,    9
194824,20180625,-9999,    9
194824,20180626,-9999,    9
194824,20180627,-9999,    9
194824,20180628,-9999,    9
194824,20180629,-9999,    9
194824,20180630,-9999,    9
194824,20180701,-9999,    9
194824,20180702,-9999,    9
194824,20180703,-9999,    9
194824,20180704,-9999,    9
194824,20180705,-9999,    9
194824,20180706,-9999,    9
194824,20180707,-9999,    9
194824,20180708,-9999,    9
194824,20180709,-9999,    9
194824,20180710,-9999,    9
194824,20180711,-9999,    9
194824,20180712,-9999,    9
194824,20180713,-9999,    9
194824,20180714,-9999,    9
194824,20180715,-9999,    9
194824,20180716,-9999,    9
194824,20180717,-9999,    9
194824,20180718,-9999,    9
194824,20180719,-9999,    9
194824,20180720,-9999,    9
194824,20180721,-9999,    9
194824,20180722,-9999,    9
194824,20180723,-9999,    9
194824,20180724,-9999,    9
194824,20180725,-9999,    9
194824,20180726,-9999,    9
194824,20180727,-9999,    9
194824,20180728,-9999,    9
194824,20180729,-9999,    9
194824,20180730,-9999,    9
194824,20180731,-9999,    9
194824,20180801,-9999,    9
194824,20180802,-9999,    9
194824,20180803,-9999,    9
194824,20180804,-9999,    9
194824,20180805,-9999,    9
194824,20180806,-9999,    9
194824,20180807,-9999,    9
194824,20180808,-9999,    9
194824,20180809,-9999,    9
194824,20180810,-9999,    9
194824,20180811,-9999,    9
194824,20180812,-9999,    9
194824,20180813,-9999,    9
194824,20180814,-9999,    9
194824,20180815,-9999,    9
194824,20180816,-9999,    9
194824,20180817,-9999,    9
194824,20180818,-9999,    9
194824,20180819,-9999,    9
194824,20180820,-9999,    9
194824,20180821,-9999,    9
194824,20180822,-9999,    9
194824,20180823,-9999,    9
194824,20180824,-9999,    9
194824,20180825,-9999,    9
194824,20180826,-9999,    9
194824,20180827,-9999,    9
194824,20180828,-9999,    9
194824,20180829,-9999,    9
194824,20180830,-9999,    9
194824,20180831,-9999,    9
194824,20180901,-9999,    9
194824,20180902,-9999,    9
194824,20180903,-9999,    9
194824,20180904,-9999,    9
194824,20180905,-9999,    9
194824,20180906,-9999,    9
194824,20180907,-9999,    9
194824,20180908,-9999,    9
194824,20180909,-9999,    9
194824,20180910,-9999,    9
194824,20180911,-9999,    9
194824,20180912,-9999,    9
194824,20180913,-9999,    9
194824,20180914,-9999,    9
194824,20180915,-9999,    9
194824,20180916,-9999,    9
194824,20180917,-9999,    9
194824,20180918,-9999,    9
194824,20180919,-9999,    9
194824,20180920,-9999,    9
194824,20180921,-9999,    9
194824,20180922,-9999,    9
194824,20180923,-9999,    9
194824,20180924,-9999,    9
194824,20180925,-9999,    9
194824,20180926,-9999,    9
194824,20180927,-9999,    9
194824,20180928,-9999,    9
194824,20180929,-9999,    9
194824,20180930,-9999,    9
194824,20181001,-9999,    9
194824,20181002,-9999,    9
194824,20181003,-9999,    9
194824,20181004,-9999,    9
194824,20181005,-9999,    9
194824,20181006,-9999,    9
194824,20181007,-9999,    9
194824,20181008,-9999,    9
194824,20181009,-9999,    9
194824,20181010,-9999,    9
194824,20181011,-9999,    9
194824,20181012,-9999,    9
194824,20181013,-9999,    9
194824,20181014,-9999,    9
194824,20181015,-9999,    9
194824,20181016,-9999,    9
194824,20181017,-9999,    9
194824,20181018,-9999,    9
194824,20181019,-9999,    9
194824,20181020,-9999,    9
194824,20181021,-9999,    9
194824,20181022,-9999,    9
194824,20181023,-9999,    9
194824,20181024,-9999,    9
194824,20181025,-9999,    9
194824,20181026,-9999,    9
194824,20181027,-9999,    9
194824,20181028,-9999,    9
194824,20181029,-9999,    9
194824,20181030,-9999,    9
194824,20181031,-9999,    9
194824,20181101,-9999,    9
194824,20181102,-9999,    9
194824,20181103,-9999,    9
194824,20181104,-9999,    9
194824,20181105,-9999,    9
194824,20181106,-9999,    9
194824,20181107,-9999,    9
194824,20181108,-9999,    9
194824,20181109,-9999,    9
194824,20181110,-9999,    9
194824,20181111,-9999,    9
194824,20181112,-9999,    9
194824,20181113,-9999,    9
194824,20181114,-9999,    9
194824,20181115,-9999,    9
194824,20181116,-9999,    9
194824,20181117,-9999,    9
194824,20181118,-9999,    9
194824,20181119,-9999,    9
194824,20181120,-9999,    9
194824,20181121,-9999,    9
194824,20181122,-9999,    9
194824,20181123,-9999,    9
194824,20181124,-9999,    9
194824,20181125,-9999,    9
194824,20181126,-9999,    9
194824,20181127,-9999,    9
194824,20181128,-9999,    9
194824,20181129,-9999,    9
194824,20181130,-9999,    9
194824,20181201,-9999,    9
194824,20181202,-9999,    9
194824,20181203,-9999,    9
194824,20181204,-9999,    9
194824,20181205,-9999,    9
194824,20181206,-9999,    9
194824,20181207,-9999,    9
194824,20181208,-9999,    9
194824,20181209,-9999,    9
194824,20181210,-9999,    9
194824,20181211,-9999,    9
194824,20181212,-9999,    9
194824,20181213,-9999,    9
194824,20181214,-9999,    9
194824,20181215,-9999,    9
194824,20181216,-9999,    9
194824,20181217,-9999,    9
194824,20181218,-9999,    9
194824,20181219,-9999,    9
194824,20181220,-9999,    9
194824,20181221,-9999,    9
194824,20181222,-9999,    9
194824,20181223,-9999,    9
194824,20181224,-9999,    9
194824,20181225,-9999,    9
194824,20181226,-9999,    9
194824,20181227,-9999,    9
194824,20181228,-9999,    9
194824,20181229,-9999,    9
194824,20181230,-9999,    9
194824,20181231,-9999,    9
194824,20190101,-9999,    9
194824,20190102,-9999,    9
194824,20190103,-9999,    9
194824,20190104,-9999,    9
194824,20190105,-9999,    9
194824,20190106,-9999,    9
194824,20190107,-9999,    9
194824,20190108,-9999,    9
194824,20190109,-9999,    9
194824,20190110,-9999,    9
194824,20190111,-9999,    9
194824,20190112,-9999,    9
194824,20190113,-9999,    9
194824,20190114,-9999,    9
194824,20190115,-9999,    9
194824,20190116,-9999,    9
194824,20190117,-9999,    9
194824,20190118,-9999,    9
194824,20190119,-9999,    9
194824,20190120,-9999,    9
194824,20190121,-9999,    9
194824,20190122,-9999,    9
194824,20190123,-9999,    9
194824,20190124,-9999,    9
194824,20190125,-9999,    9
194824,20190126,-9999,    9
194824,20190127,-9999,    9
194824,20190128,-9999,    9
194824,20190129,-9999,    9
194824,20190130,-9999,    9
194824,20190131,-9999,    9
194824,20190201,-9999,    9
194824,20190202,-9999,    9
194824,20190203,-9999,    9
194824,20190204,-9999,    9
194824,20190205,-9999,    9
194824,20190206,-9999,    9
194824,20190207,-9999,    9
194824,20190208,-9999,    9
194824,20190209,-9999,    9
194824,20190210,-9999,    9
194824,20190211,-9999,    9
194824,20190212,-9999,    9
194824,20190213,-9999,    9
194824,20190214,-9999,    9
194824,20190215,-9999,    9
194824,20190216,-9999,    9
194824,20190217,-9999,    9
194824,20190218,-9999,    9
194824,20190219,-9999,    9
194824,20190220,-9999,    9
194824,20190221,-9999,    9
194824,20190222,-9999,    9
194824,20190223,-9999,    9
194824,20190224,-9999,    9
194824,20190225,-9999,    9
194824,20190226,-9999,    9
194824,20190227,-9999,    9
194824,20190228,-9999,    9
194824,20190301,-9999,    9
194824,20190302,-9999,    9
194824,20190303,-9999,    9
194824,20190304,-9999,    9
194824,20190305,-9999,    9
194824,20190306,-9999,    9
194824,20190307,-9999,    9
194824,20190308,-9999,    9
194824,20190309,-9999,    9
194824,20190310,-9999,    9
194824,20190311,-9999,    9
194824,20190312,-9999,    9
194824,20190313,-9999,    9
194824,20190314,-9999,    9
194824,20190315,-9999,    9
194824,20190316,-9999,    9
194824,20190317,-9999,    9
194824,20190318,-9999,    9
194824,20190319,-9999,    9
194824,20190320,-9999,    9
194824,20190321,-9999,    9
194824,20190322,-9999,    9
194824,20190323,-9999,    9
194824,20190324,-9999,    9
194824,20190325,-9999,    9
194824,20190326,-9999,    9
194824,20190327,-9999,    9
194824,20190328,-9999,    9
194824,20190329,-9999,    9
194824,20190330,-9999,    9
194824,20190331,-9999,    9
194824,20190401,-9999,    9
194824,20190402,-9999,    9
194824,20190403,-9999,    9
194824,20190404,-9999,    9
194824,20190405,-9999,    9
194824,20190406,-9999,    9
194824,20190407,-9999,    9
194824,20190408,-9999,    9
194824,20190409,-9999,    9
194824,20190410,-9999,    9
194824,20190411,-9999,    9
194824,20190412,-9999,    9
194824,20190413,-9999,    9
194824,20190414,-9999,    9
194824,20190415,-9999,    9
194824,20190416,-9999,    9
194824,20190417,-9999,    9
194824,20190418,-9999,    9
194824,20190419,-9999,    9
194824,20190420,-9999,    9
194824,20190421,-9999,    9
194824,20190422,-9999,    9
194824,20190423,-9999,    9
194824,20190424,-9999,    9
194824,20190425,-9999,    9
194824,20190426,-9999,    9
194824,20190427,-9999,    9
194824,20190428,-9999,    9
194824,20190429,-9999,    9
194824,20190430,-9999,    9
194824,20190501,-9999,    9
194824,20190502,-9999,    9
194824,20190503,-9999,    9
194824,20190504,-9999,    9
194824,20190505,-9999,    9
194824,20190506,-9999,    9
194824,20190507,-9999,    9
194824,20190508,-9999,    9
194824,20190509,-9999,    9
194824,20190510,-9999,    9
194824,20190511,-9999,    9
194824,20190512,-9999,    9
194824,20190513,-9999,    9
194824,20190514,-9999,    9
194824,20190515,-9999,    9
194824,20190516,-9999,    9
194824,20190517,-9999,    9
194824,20190518,-9999,    9
194824,20190519,-9999,    9
194824,20190520,-9999,    9
194824,20190521,-9999,    9
194824,20190522,-9999,    9
194824,20190523,-9999,    9
194824,20190524,-9999,    9
194824,20190525,-9999,    9
194824,20190526,-9999,    9
194824,20190527,-9999,    9
194824,20190528,-9999,    9
194824,20190529,-9999,    9
194824,20190530,-9999,    9
194824,20190531,-9999,    9
194824,20190601,-9999,    9
194824,20190602,-9999,    9
194824,20190603,-9999,    9
194824,20190604,-9999,    9
194824,20190605,-9999,    9
194824,20190606,-9999,    9
194824,20190607,-9999,    9
194824,20190608,-9999,    9
194824,20190609,-9999,    9
194824,20190610,-9999,    9
194824,20190611,-9999,    9
194824,20190612,-9999,    9
194824,20190613,-9999,    9
194824,20190614,-9999,    9
194824,20190615,-9999,    9
194824,20190616,-9999,    9
194824,20190617,-9999,    9
194824,20190618,-9999,    9
194824,20190619,-9999,    9
194824,20190620,-9999,    9
194824,20190621,-9999,    9
194824,20190622,-9999,    9
194824,20190623,-9999,    9
194824,20190624,-9999,    9
194824,20190625,-9999,    9
194824,20190626,-9999,    9
194824,20190627,-9999,    9
194824,20190628,-9999,    9
194824,20190629,-9999,    9
194824,20190630,-9999,    9
194824,20190701,-9999,    9
194824,20190702,-9999,    9
194824,20190703,-9999,    9
194824,20190704,-9999,    9
194824,20190705,-9999,    9
194824,20190706,-9999,    9
194824,20190707,-9999,    9
194824,20190708,-9999,    9
194824,20190709,-9999,    9
194824,20190710,-9999,    9
194824,20190711,-9999,    9
194824,20190712,-9999,    9
194824,20190713,-9999,    9
194824,20190714,-9999,    9
194824,20190715,-9999,    9
194824,20190716,-9999,    9
194824,20190717,-9999,    9
194824,20190718,-9999,    9
194824,20190719,-9999,    9
194824,20190720,-9999,    9
194824,20190721,-9999,    9
194824,20190722,-9999,    9
194824,20190723,-9999,    9
194824,20190724,-9999,    9
194824,20190725,-9999,    9
194824,20190726,-9999,    9
194824,20190727,-9999,    9
194824,20190728,-9999,    9
194824,20190729,-9999,    9
194824,20190730,-9999,    9
194824,20190731,-9999,    9
194824,20190801,-9999,    9
194824,20190802,-9999,    9
194824,20190803,-9999,    9
194824,20190804,-9999,    9
194824,20190805,-9999,    9
194824,20190806,-9999,    9
194824,20190807,-9999,    9
194824,20190808,-9999,    9
194824,20190809,-9999,    9
194824,20190810,-9999,    9
194824,20190811,-9999,    9
194824,20190812,-9999,    9
194824,20190813,-9999,    9
194824,20190814,-9999,    9
194824,20190815,-9999,    9
194824,20190816,-9999,    9
194824,20190817,-9999,    9
194824,20190818,-9999,    9
194824,20190819,-9999,    9
194824,20190820,-9999,    9
194824,20190821,-9999,    9
194824,20190822,-9999,    9
194824,20190823,-9999,    9
194824,20190824,-9999,    9
194824,20190825,-9999,    9
194824,20190826,-9999,    9
194824,20190827,-9999,    9
194824,20190828,-9999,    9
194824,20190829,-9999,    9
194824,20190830,-9999,    9
194824,20190831,-9999,    9
194824,20190901,-9999,    9
194824,20190902,-9999,    9
194824,20190903,-9999,    9
194824,20190904,-9999,    9
194824,20190905,-9999,    9
194824,20190906,-9999,    9
194824,20190907,-9999,    9
194824,20190908,-9999,    9
194824,20190909,-9999,    9
194824,20190910,-9999,    9
194824,20190911,-9999,    9
194824,20190912,-9999,    9
194824,20190913,-9999,    9
194824,20190914,-9999,    9
194824,20190915,-9999,    9
194824,20190916,-9999,    9
194824,20190917,-9999,    9
194824,20190918,-9999,    9
194824,20190919,-9999,    9
194824,20190920,-9999,    9
194824,20190921,-9999,    9
194824,20190922,-9999,    9
194824,20190923,-9999,    9
194824,20190924,-9999,    9
194824,20190925,-9999,    9
194824,20190926,-9999,    9
194824,20190927,-9999,    9
194824,20190928,-9999,    9
194824,20190929,-9999,    9
194824,20190930,-9999,    9
194824,20191001,-9999,    9
194824,20191002,-9999,    9
194824,20191003,-9999,    9
194824,20191004,-9999,    9
194824,20191005,-9999,    9
194824,20191006,-9999,    9
194824,20191007,-9999,    9
194824,20191008,-9999,    9
194824,20191009,-9999,    9
194824,20191010,-9999,    9
194824,20191011,-9999,    9
194824,20191012,-9999,    9
194824,20191013,-9999,    9
194824,20191014,-9999,    9
194824,20191015,-9999,    9
194824,20191016,-9999,    9
194824,20191017,-9999,    9
194824,20191018,-9999,    9
194824,20191019,-9999,    9
194824,20191020,-9999,    9
194824,20191021,-9999,    9
194824,20191022,-9999,    9
194824,20191023,-9999,    9
194824,20191024,-9999,    9
194824,20191025,-9999,    9
194824,20191026,-9999,    9
194824,20191027,-9999,    9
194824,20191028,-9999,    9
194824,20191029,-9999,    9
194824,20191030,-9999,    9
194824,20191031,-9999,    9
194824,20191101,-9999,    9
194824,20191102,-9999,    9
194824,20191103,-9999,    9
194824,20191104,-9999,    9
194824,20191105,-9999,    9
194824,20191106,-9999,    9
194824,20191107,-9999,    9
194824,20191108,-9999,    9
194824,20191109,-9999,    9
194824,20191110,-9999,    9
194824,20191111,-9999,    9
194824,20191112,-9999,    9
194824,20191113,-9999,    9
194824,20191114,-9999,    9
194824,20191115,-9999,    9
194824,20191116,-9999,    9
194824,20191117,-9999,    9
194824,20191118,-9999,    9
194824,20191119,-9999,    9
194824,20191120,-9999,    9
194824,20191121,-9999,    9
194824,20191122,-9999,    9
194824,20191123,-9999,    9
194824,20191124,-9999,    9
194824,20191125,-9999,    9
194824,20191126,-9999,    9
194824,20191127,-9999,    9
194824,20191128,-9999,    9
194824,20191129,-9999,    9
194824,20191130,-9999,    9
194824,20191201,-9999,    9
194824,20191202,-9999,    9
194824,20191203,-9999,    9
194824,20191204,-9999,    9
194824,20191205,-9999,    9
194824,20191206,-9999,    9
194824,20191207,-9999,    9
194824,20191208,-9999,    9
194824,20191209,-9999,    9
194824,20191210,-9999,    9
194824,20191211,-9999,    9
194824,20191212,-9999,    9
194824,20191213,-9999,    9
194824,20191214,-9999,    9
194824,20191215,-9999,    9
194824,20191216,-9999,    9
194824,20191217,-9999,    9
194824,20191218,-9999,    9
194824,20191219,-9999,    9
194824,20191220,-9999,    9
194824,20191221,-9999,    9
194824,20191222,-9999,    9
194824,20191223,-9999,    9
194824,20191224,-9999,    9
194824,20191225,-9999,    9
194824,20191226,-9999,    9
194824,20191227,-9999,    9
194824,20191228,-9999,    9
194824,20191229,-9999,    9
194824,20191230,-9999,    9
194824,20191231,-9999,    9
194824,20200101,-9999,    9
194824,20200102,-9999,    9
194824,20200103,-9999,    9
194824,20200104,-9999,    9
194824,20200105,-9999,    9
194824,20200106,-9999,    9
194824,20200107,-9999,    9
194824,20200108,-9999,    9
194824,20200109,-9999,    9
194824,20200110,-9999,    9
194824,20200111,-9999,    9
194824,20200112,-9999,    9
194824,20200113,-9999,    9
194824,20200114,-9999,    9
194824,20200115,-9999,    9
194824,20200116,-9999,    9
194824,20200117,-9999,    9
194824,20200118,-9999,    9
194824,20200119,-9999,    9
194824,20200120,-9999,    9
194824,20200121,-9999,    9
194824,20200122,-9999,    9
194824,20200123,-9999,    9
194824,20200124,-9999,    9
194824,20200125,-9999,    9
194824,20200126,-9999,    9
194824,20200127,-9999,    9
194824,20200128,-9999,    9
194824,20200129,-9999,    9
194824,20200130,-9999,    9
194824,20200131,-9999,    9
194824,20200201,-9999,    9
194824,20200202,-9999,    9
194824,20200203,-9999,    9
194824,20200204,-9999,    9
194824,20200205,-9999,    9
194824,20200206,-9999,    9
194824,20200207,-9999,    9
194824,20200208,-9999,    9
194824,20200209,-9999,    9
194824,20200210,-9999,    9
194824,20200211,-9999,    9
194824,20200212,-9999,    9
194824,20200213,-9999,    9
194824,20200214,-9999,    9
194824,20200215,-9999,    9
194824,20200216,-9999,    9
194824,20200217,-9999,    9
194824,20200218,-9999,    9
194824,20200219,-9999,    9
194824,20200220,-9999,    9
194824,20200221,-9999,    9
194824,20200222,-9999,    9
194824,20200223,-9999,    9
194824,20200224,-9999,    9
194824,20200225,-9999,    9
194824,20200226,-9999,    9
194824,20200227,-9999,    9
194824,20200228,-9999,    9
194824,20200229,-9999,    9
194824,20200301,-9999,    9
194824,20200302,-9999,    9
194824,20200303,-9999,    9
194824,20200304,-9999,    9
194824,20200305,-9999,    9
194824,20200306,-9999,    9
194824,20200307,-9999,    9
194824,20200308,-9999,    9
194824,20200309,-9999,    9
194824,20200310,-9999,    9
194824,20200311,-9999,    9
194824,20200312,-9999,    9
194824,20200313,-9999,    9
194824,20200314,-9999,    9
194824,20200315,-9999,    9
194824,20200316,-9999,    9
194824,20200317,-9999,    9
194824,20200318,-9999,    9
194824,20200319,-9999,    9
194824,20200320,-9999,    9
194824,20200321,-9999,    9
194824,20200322,-9999,    9
194824,20200323,-9999,    9
194824,20200324,-9999,    9
194824,20200325,-9999,    9
194824,20200326,-9999,    9
194824,20200327,-9999,    9
194824,20200328,-9999,    9
194824,20200329,-9999,    9
194824,20200330,-9999,    9
194824,20200331,-9999,    9
194824,20200401,-9999,    9
194824,20200402,-9999,    9
194824,20200403,-9999,    9
194824,20200404,-9999,    9
194824,20200405,-9999,    9
194824,20200406,-9999,    9
194824,20200407,-9999,    9
194824,20200408,-9999,    9
194824,20200409,-9999,    9
194824,20200410,-9999,    9
194824,20200411,-9999,    9
194824,20200412,-9999,    9
194824,20200413,-9999,    9
194824,20200414,-9999,    9
194824,20200415,-9999,    9
194824,20200416,-9999,    9
194824,20200417,-9999,    9
194824,20200418,-9999,    9
194824,20200419,-9999,    9
194824,20200420,-9999,    9
194824,20200421,-9999,    9
194824,20200422,-9999,    9
194824,20200423,-9999,    9
194824,20200424,-9999,    9
194824,20200425,-9999,    9
194824,20200426,-9999,    9
194824,20200427,-9999,    9
194824,20200428,-9999,    9
194824,20200429,-9999,    9
194824,20200430,-9999,    9
194824,20200501,-9999,    9
194824,20200502,-9999,    9
194824,20200503,-9999,    9
194824,20200504,-9999,    9
194824,20200505,-9999,    9
194824,20200506,-9999,    9
194824,20200507,-9999,    9
194824,20200508,-9999,    9
194824,20200509,-9999,    9
194824,20200510,-9999,    9
194824,20200511,-9999,    9
194824,20200512,-9999,    9
194824,20200513,-9999,    9
194824,20200514,-9999,    9
194824,20200515,-9999,    9
194824,20200516,-9999,    9
194824,20200517,-9999,    9
194824,20200518,-9999,    9
194824,20200519,-9999,    9
194824,20200520,-9999,    9
194824,20200521,-9999,    9
194824,20200522,-9999,    9
194824,20200523,-9999,    9
194824,20200524,-9999,    9
194824,20200525,-9999,    9
194824,20200526,-9999,    9
194824,20200527,-9999,    9
194824,20200528,-9999,    9
194824,20200529,-9999,    9
194824,20200530,-9999,    9
194824,20200531,-9999,    9
194824,20200601,-9999,    9
194824,20200602,-9999,    9
194824,20200603,-9999,    9
194824,20200604,-9999,    9
194824,20200605,-9999,    9
194824,20200606,-9999,    9
194824,20200607,-9999,    9
194824,20200608,-9999,    9
194824,20200609,-9999,    9
194824,20200610,-9999,    9
194824,20200611,-9999,    9
194824,20200612,-9999,    9
194824,20200613,-9999,    9
194824,20200614,-9999,    9
194824,20200615,-9999,    9
194824,20200616,-9999,    9
194824,20200617,-9999,    9
194824,20200618,-9999,    9
194824,20200619,-9999,    9
194824,20200620,-9999,    9
194824,20200621,-9999,    9
194824,20200622,-9999,    9
194824,20200623,-9999,    9
194824,20200624,-9999,    9
194824,20200625,-9999,    9
194824,20200626,-9999,    9
194824,20200627,-9999,    9
194824,20200628,-9999,    9
194824,20200629,-9999,    9
194824,20200630,-9999,    9
194824,20200701,-9999,    9
194824,20200702,-9999,    9
194824,20200703,-9999,    9
194824,20200704,-9999,    9
194824,20200705,-9999,    9
194824,20200706,-9999,    9
194824,20200707,-9999,    9
194824,20200708,-9999,    9
194824,20200709,-9999,    9
194824,20200710,-9999,    9
194824,20200711,-9999,    9
194824,20200712,-9999,    9
194824,20200713,-9999,    9
194824,20200714,-9999,    9
194824,20200715,-9999,    9
194824,20200716,-9999,    9
194824,20200717,-9999,    9
194824,20200718,-9999,    9
194824,20200719,-9999,    9
194824,20200720,-9999,    9
194824,20200721,-9999,    9
194824,20200722,-9999,    9
194824,20200723,-9999,    9
194824,20200724,-9999,    9
194824,20200725,-9999,    9
194824,20200726,-9999,    9
194824,20200727,-9999,    9
194824,20200728,-9999,    9
194824,20200729,-9999,    9
194824,20200730,-9999,    9
194824,20200731,-9999,    9
194824,20200801,-9999,    9
194824,20200802,-9999,    9
194824,20200803,-9999,    9
194824,20200804,-9999,    9
194824,20200805,-9999,    9
194824,20200806,-9999,    9
194824,20200807,-9999,    9
194824,20200808,-9999,    9
194824,20200809,-9999,    9
194824,20200810,-9999,    9
194824,20200811,-9999,    9
194824,20200812,-9999,    9
194824,20200813,-9999,    9
194824,20200814,-9999,    9
194824,20200815,-9999,    9
194824,20200816,-9999,    9
194824,20200817,-9999,    9
194824,20200818,-9999,    9
194824,20200819,-9999,    9
194824,20200820,-9999,    9
194824,20200821,-9999,    9
194824,20200822,-9999,    9
194824,20200823,-9999,    9
194824,20200824,-9999,    9
194824,20200825,-9999,    9
194824,20200826,-9999,    9
194824,20200827,-9999,    9
194824,20200828,-9999,    9
194824,20200829,-9999,    9
194824,20200830,-9999,    9
194824,20200831,-9999,    9
194824,20200901,-9999,    9
194824,20200902,-9999,    9
194824,20200903,-9999,    9
194824,20200904,-9999,    9
194824,20200905,-9999,    9
194824,20200906,-9999,    9
194824,20200907,-9999,    9
194824,20200908,-9999,    9
194824,20200909,-9999,    9
194824,20200910,-9999,    9
194824,20200911,-9999,    9
194824,20200912,-9999,    9
194824,20200913,-9999,    9
194824,20200914,-9999,    9
194824,20200915,-9999,    9
194824,20200916,-9999,    9
194824,20200917,-9999,    9
194824,20200918,-9999,    9
194824,20200919,-9999,    9
194824,20200920,-9999,    9
194824,20200921,-9999,    9
194824,20200922,-9999,    9
194824,20200923,-9999,    9
194824,20200924,-9999,    9
194824,20200925,-9999,    9
194824,20200926,-9999,    9
194824,20200927,-9999,    9
194824,20200928,-9999,    9
194824,20200929,-9999,    9
194824,20200930,-9999,    9
194824,20201001,-9999,    9
194824,20201002,-9999,    9
194824,20201003,-9999,    9
194824,20201004,-9999,    9
194824,20201005,-9999,    9
194824,20201006,-9999,    9
194824,20201007,-9999,    9
194824,20201008,-9999,    9
194824,20201009,-9999,    9
194824,20201010,-9999,    9
194824,20201011,-9999,    9
194824,20201012,-9999,    9
194824,20201013,-9999,    9
194824,20201014,-9999,    9
194824,20201015,-9999,    9
194824,20201016,-9999,    9
194824,20201017,-9999,    9
194824,20201018,-9999,    9
194824,20201019,-9999,    9
194824,20201020,-9999,    9
194824,20201021,-9999,    9
194824,20201022,-9999,    9
194824,20201023,-9999,    9
194824,20201024,-9999,    9
194824,20201025,-9999,    9
194824,20201026,-9999,    9
194824,20201027,-9999,    9
194824,20201028,-9999,    9
194824,20201029,-9999,    9
194824,20201030,-9999,    9
194824,20201031,-9999,    9
194824,20201101,-9999,    9
194824,20201102,-9999,    9
194824,20201103,-9999,    9
194824,20201104,-9999,    9
194824,20201105,-9999,    9
194824,20201106,-9999,    9
194824,20201107,-9999,    9
194824,20201108,-9999,    9
194824,20201109,-9999,    9
194824,20201110,-9999,    9
194824,20201111,-9999,    9
194824,20201112,-9999,    9
194824,20201113,-9999,    9
194824,20201114,-9999,    9
194824,20201115,-9999,    9
194824,20201116,-9999,    9
194824,20201117,-9999,    9
194824,20201118,-9999,    9
194824,20201119,-9999,    9
194824,20201120,-9999,    9
194824,20201121,-9999,    9
194824,20201122,-9999,    9
194824,20201123,-9999,    9
194824,20201124,-9999,    9
194824,20201125,-9999,    9
194824,20201126,-9999,    9
194824,20201127,-9999,    9
194824,20201128,-9999,    9
194824,20201129,-9999,    9
194824,20201130,-9999,    9
194824,20201201,-9999,    9
194824,20201202,-9999,    9
194824,20201203,-9999,    9
194824,20201204,-9999,    9
194824,20201205,-9999,    9
194824,20201206,-9999,    9
194824,20201207,-9999,    9
194824,20201208,-9999,    9
194824,20201209,-9999,    9
194824,20201210,-9999,    9
194824,20201211,-9999,    9
194824,20201212,-9999,    9
194824,20201213,-9999,    9
194824,20201214,-9999,    9
194824,20201215,-9999,    9
194824,20201216,-9999,    9
194824,20201217,-9999,    9
194824,20201218,-9999,    9
194824,20201219,-9999,    9
194824,20201220,-9999,    9
194824,20201221,-9999,    9
194824,20201222,-9999,    9
194824,20201223,-9999,    9
194824,20201224,-9999,    9
194824,20201225,-9999,    9
194824,20201226,-9999,    9
194824,20201227,-9999,    9
194824,20201228,-9999,    9
194824,20201229,-9999,    9
194824,20201230,-9999,    9
194824,20201231,-9999,    9
194824,20210101,-9999,    9
194824,20210102,-9999,    9
194824,20210103,-9999,    9
194824,20210104,-9999,    9
194824,20210105,-9999,    9
194824,20210106,-9999,    9
194824,20210107,-9999,    9
194824,20210108,-9999,    9
194824,20210109,-9999,    9
194824,20210110,-9999,    9
194824,20210111,-9999,    9
194824,20210112,-9999,    9
194824,20210113,-9999,    9
194824,20210114,-9999,    9
194824,20210115,-9999,    9
194824,20210116,-9999,    9
194824,20210117,-9999,    9
194824,20210118,-9999,    9
194824,20210119,-9999,    9
194824,20210120,-9999,    9
194824,20210121,-9999,    9
194824,20210122,-9999,    9
194824,20210123,-9999,    9
194824,20210124,-9999,    9
194824,20210125,-9999,    9
194824,20210126,-9999,    9
194824,20210127,-9999,    9
194824,20210128,-9999,    9
194824,20210129,-9999,    9
194824,20210130,-9999,    9
194824,20210131,-9999,    9
194824,20210201,-9999,    9
194824,20210202,-9999,    9
194824,20210203,-9999,    9
194824,20210204,-9999,    9
194824,20210205,-9999,    9
194824,20210206,-9999,    9
194824,20210207,-9999,    9
194824,20210208,-9999,    9
194824,20210209,-9999,    9
194824,20210210,-9999,    9
194824,20210211,-9999,    9
194824,20210212,-9999,    9
194824,20210213,-9999,    9
194824,20210214,-9999,    9
194824,20210215,-9999,    9
194824,20210216,-9999,    9
194824,20210217,-9999,    9
194824,20210218,-9999,    9
194824,20210219,-9999,    9
194824,20210220,-9999,    9
194824,20210221,-9999,    9
194824,20210222,-9999,    9
194824,20210223,-9999,    9
194824,20210224,-9999,    9
194824,20210225,-9999,    9
194824,20210226,-9999,    9
194824,20210227,-9999,    9
194824,20210228,-9999,    9
194824,20210301,-9999,    9
194824,20210302,-9999,    9
194824,20210303,-9999,    9
194824,20210304,-9999,    9
194824,20210305,-9999,    9
194824,20210306,-9999,    9
194824,20210307,-9999,    9
194824,20210308,-9999,    9
194824,20210309,-9999,    9
194824,20210310,-9999,    9
194824,20210311,-9999,    9
194824,20210312,-9999,    9
194824,20210313,-9999,    9
194824,20210314,-9999,    9
194824,20210315,-9999,    9
194824,20210316,-9999,    9
194824,20210317,-9999,    9
194824,20210318,-9999,    9
194824,20210319,-9999,    9
194824,20210320,-9999,    9
194824,20210321,-9999,    9
194824,20210322,-9999,    9
194824,20210323,-9999,    9
194824,20210324,-9999,    9
194824,20210325,-9999,    9
194824,20210326,-9999,    9
194824,20210327,-9999,    9
194824,20210328,-9999,    9
194824,20210329,-9999,    9
194824,20210330,-9999,    9
194824,20210331,-9999,    9
