EUROPEAN CLIMATE ASSESSMENT & DATASET (ECA&D), file created on 12-05-2021
THESE DATA CAN BE USED FREELY PROVIDED THAT THE FOLLOWING SOURCE IS ACKNOWLEDGED:

Klein Tank, A.M.G. and Coauthors, 2002. Daily dataset of 20th-century surface
air temperature and precipitation series for the European Climate Assessment.
Int. J. of Climatol., 22, 1441-1453.
Data and metadata available at http://www.ecad.eu

FILE FORMAT (MISSING VALUE CODE IS -9999):

01-06 SOUID: Source identifier
08-15 DATE : Date YYYYMMDD
17-21 TG   : mean temperature in 0.1 &#176;C
23-27 Q_TG : Quality code for TG (0='valid'; 1='suspect'; 9='missing')

This is the blended series of station ITALY, SERPIERI (STAID: 17811).
Blended and updated with sources: 197464 
See file sources.txt and stations.txt for more info.

 SOUID,    DATE,   TG, Q_TG
197464,20181001,-9999,    9
197464,20181002,-9999,    9
197464,20181003,-9999,    9
197464,20181004,-9999,    9
197464,20181005,-9999,    9
197464,20181006,-9999,    9
197464,20181007,-9999,    9
197464,20181008,-9999,    9
197464,20181009,-9999,    9
197464,20181010,-9999,    9
197464,20181011,-9999,    9
197464,20181012,-9999,    9
197464,20181013,-9999,    9
197464,20181014,-9999,    9
197464,20181015,-9999,    9
197464,20181016,-9999,    9
197464,20181017,-9999,    9
197464,20181018,-9999,    9
197464,20181019,-9999,    9
197464,20181020,-9999,    9
197464,20181021,-9999,    9
197464,20181022,-9999,    9
197464,20181023,-9999,    9
197464,20181024,-9999,    9
197464,20181025,-9999,    9
197464,20181026,-9999,    9
197464,20181027,-9999,    9
197464,20181028,-9999,    9
197464,20181029,-9999,    9
197464,20181030,-9999,    9
197464,20181031,  132,    0
197464,20181101,  139,    0
197464,20181102,  131,    0
197464,20181103,  144,    0
197464,20181104,  147,    0
197464,20181105,  158,    0
197464,20181106,  153,    0
197464,20181107,  145,    0
197464,20181108,  142,    0
197464,20181109,  120,    0
197464,20181110,  130,    0
197464,20181111,  144,    0
197464,20181112,  142,    0
197464,20181113,  146,    0
197464,20181114,  127,    0
197464,20181115,  109,    0
197464,20181116,   90,    0
197464,20181117,   76,    0
197464,20181118,   55,    0
197464,20181119,   54,    0
197464,20181120,   41,    0
197464,20181121,   82,    0
197464,20181122,   87,    0
197464,20181123,   81,    0
197464,20181124,   99,    0
197464,20181125,   92,    0
197464,20181126,  101,    0
197464,20181127,   99,    0
197464,20181128,   70,    0
197464,20181129,   37,    0
197464,20181130,   27,    0
197464,20181201,   48,    0
197464,20181202,   51,    0
197464,20181203,   73,    0
197464,20181204,   70,    0
197464,20181205,   58,    0
197464,20181206,   76,    0
197464,20181207,   70,    0
197464,20181208,   77,    0
197464,20181209,   52,    0
197464,20181210,   99,    0
197464,20181211,   56,    0
197464,20181212,   28,    0
197464,20181213,   23,    0
197464,20181214,   26,    0
197464,20181215,    5,    0
197464,20181216,   -2,    0
197464,20181217,   12,    0
197464,20181218,   -7,    0
197464,20181219,  -10,    0
197464,20181220,   16,    0
197464,20181221,   17,    0
197464,20181222,   36,    0
197464,20181223,   35,    0
197464,20181224,   39,    0
197464,20181225,   33,    0
197464,20181226,   13,    0
197464,20181227,    5,    0
197464,20181228,   22,    0
197464,20181229,   31,    0
197464,20181230,   39,    0
197464,20181231,   30,    0
197464,20190101,    6,    0
197464,20190102,    8,    0
197464,20190103,    9,    0
197464,20190104,    6,    0
197464,20190105,    2,    0
197464,20190106,   29,    0
197464,20190107,    5,    0
197464,20190108,   -1,    0
197464,20190109,    1,    0
197464,20190110,   24,    0
197464,20190111,   14,    0
197464,20190112,   18,    0
197464,20190113,   28,    0
197464,20190114,   68,    0
197464,20190115,   59,    0
197464,20190116,   54,    0
197464,20190117,   80,    0
197464,20190118,   60,    0
197464,20190119,   37,    0
197464,20190120,   35,    0
197464,20190121,   35,    0
197464,20190122,   23,    0
197464,20190123,   15,    0
197464,20190124,   14,    0
197464,20190125,   16,    0
197464,20190126,   12,    0
197464,20190127,    6,    0
197464,20190128,   30,    0
197464,20190129,   35,    0
197464,20190130,    7,    0
197464,20190131,    9,    0
197464,20190201,   15,    0
197464,20190202,   33,    0
197464,20190203,   58,    0
197464,20190204,   60,    0
197464,20190205,   45,    0
197464,20190206,   54,    0
197464,20190207,   53,    0
197464,20190208,   58,    0
197464,20190209,   61,    0
197464,20190210,   87,    0
197464,20190211,   83,    0
197464,20190212,   80,    0
197464,20190213,   43,    0
197464,20190214,   59,    0
197464,20190215,   63,    0
197464,20190216,   68,    0
197464,20190217,   77,    0
197464,20190218,   86,    0
197464,20190219,   78,    0
197464,20190220,   54,    0
197464,20190221,-9999,    9
197464,20190222,-9999,    9
197464,20190223,-9999,    9
197464,20190224,-9999,    9
197464,20190225,-9999,    9
197464,20190226,-9999,    9
197464,20190227,-9999,    9
197464,20190228,-9999,    9
197464,20190301,-9999,    9
197464,20190302,-9999,    9
197464,20190303,-9999,    9
197464,20190304,-9999,    9
197464,20190305,-9999,    9
197464,20190306,-9999,    9
197464,20190307,-9999,    9
197464,20190308,-9999,    9
197464,20190309,-9999,    9
197464,20190310,-9999,    9
197464,20190311,-9999,    9
197464,20190312,-9999,    9
197464,20190313,-9999,    9
197464,20190314,-9999,    9
197464,20190315,-9999,    9
197464,20190316,-9999,    9
197464,20190317,-9999,    9
197464,20190318,-9999,    9
197464,20190319,-9999,    9
197464,20190320,-9999,    9
197464,20190321,   85,    0
197464,20190322,  108,    0
197464,20190323,  129,    0
197464,20190324,  147,    0
197464,20190325,  158,    0
197464,20190326,   88,    0
197464,20190327,-9999,    9
197464,20190328,   88,    0
197464,20190329,  108,    0
197464,20190330,  120,    0
197464,20190331,  129,    0
197464,20190401,  149,    0
197464,20190402,  146,    0
197464,20190403,  150,    0
197464,20190404,  139,    0
197464,20190405,  151,    0
197464,20190406,  135,    0
197464,20190407,  122,    0
197464,20190408,  136,    0
197464,20190409,  152,    0
197464,20190410,-9999,    9
197464,20190411,  129,    0
197464,20190412,-9999,    9
197464,20190413,-9999,    9
197464,20190414,-9999,    9
197464,20190415,-9999,    9
197464,20190416,  129,    0
197464,20190417,  143,    0
197464,20190418,  135,    0
197464,20190419,  138,    0
197464,20190420,  148,    0
197464,20190421,  149,    0
197464,20190422,  147,    0
197464,20190423,  150,    0
197464,20190424,  181,    0
197464,20190425,  157,    0
197464,20190426,  176,    0
197464,20190427,  168,    0
197464,20190428,  121,    0
197464,20190429,   92,    0
197464,20190430,  154,    0
197464,20190501,  174,    0
197464,20190502,  179,    0
197464,20190503,  160,    0
197464,20190504,  144,    0
197464,20190505,   88,    0
197464,20190506,  108,    0
197464,20190507,  127,    0
197464,20190508,  136,    0
197464,20190509,  150,    0
197464,20190510,  175,    0
197464,20190511,  171,    0
197464,20190512,  115,    0
197464,20190513,  125,    0
197464,20190514,  122,    0
197464,20190515,   93,    0
197464,20190516,  132,    0
197464,20190517,  142,    0
197464,20190518,  139,    0
197464,20190519,  146,    0
197464,20190520,  159,    0
197464,20190521,  183,    0
197464,20190522,  181,    0
197464,20190523,  191,    0
197464,20190524,  197,    0
197464,20190525,  195,    0
197464,20190526,  173,    0
197464,20190527,  160,    0
197464,20190528,  180,    0
197464,20190529,  142,    0
197464,20190530,  172,    0
197464,20190531,-9999,    9
197464,20190601,-9999,    9
197464,20190602,-9999,    9
197464,20190603,-9999,    9
197464,20190604,-9999,    9
197464,20190605,-9999,    9
197464,20190606,-9999,    9
197464,20190607,-9999,    9
197464,20190608,-9999,    9
197464,20190609,-9999,    9
197464,20190610,-9999,    9
197464,20190611,-9999,    9
197464,20190612,-9999,    9
197464,20190613,-9999,    9
197464,20190614,-9999,    9
197464,20190615,-9999,    9
197464,20190616,-9999,    9
197464,20190617,-9999,    9
197464,20190618,-9999,    9
197464,20190619,-9999,    9
197464,20190620,-9999,    9
197464,20190621,-9999,    9
197464,20190622,-9999,    9
197464,20190623,-9999,    9
197464,20190624,-9999,    9
197464,20190625,-9999,    9
197464,20190626,-9999,    9
197464,20190627,-9999,    9
197464,20190628,-9999,    9
197464,20190629,-9999,    9
197464,20190630,-9999,    9
197464,20190701,-9999,    9
197464,20190702,-9999,    9
197464,20190703,-9999,    9
197464,20190704,-9999,    9
197464,20190705,-9999,    9
197464,20190706,-9999,    9
197464,20190707,-9999,    9
197464,20190708,-9999,    9
197464,20190709,-9999,    9
197464,20190710,-9999,    9
197464,20190711,-9999,    9
197464,20190712,-9999,    9
197464,20190713,-9999,    9
197464,20190714,-9999,    9
197464,20190715,-9999,    9
197464,20190716,-9999,    9
197464,20190717,-9999,    9
197464,20190718,-9999,    9
197464,20190719,-9999,    9
197464,20190720,-9999,    9
197464,20190721,-9999,    9
197464,20190722,-9999,    9
197464,20190723,-9999,    9
197464,20190724,-9999,    9
197464,20190725,-9999,    9
197464,20190726,-9999,    9
197464,20190727,-9999,    9
197464,20190728,-9999,    9
197464,20190729,-9999,    9
197464,20190730,-9999,    9
197464,20190731,-9999,    9
197464,20190801,-9999,    9
197464,20190802,-9999,    9
197464,20190803,-9999,    9
197464,20190804,-9999,    9
197464,20190805,-9999,    9
197464,20190806,-9999,    9
197464,20190807,-9999,    9
197464,20190808,-9999,    9
197464,20190809,-9999,    9
197464,20190810,-9999,    9
197464,20190811,-9999,    9
197464,20190812,-9999,    9
197464,20190813,-9999,    9
197464,20190814,-9999,    9
197464,20190815,-9999,    9
197464,20190816,-9999,    9
197464,20190817,-9999,    9
197464,20190818,-9999,    9
197464,20190819,-9999,    9
197464,20190820,-9999,    9
197464,20190821,-9999,    9
197464,20190822,-9999,    9
197464,20190823,-9999,    9
197464,20190824,-9999,    9
197464,20190825,-9999,    9
197464,20190826,-9999,    9
197464,20190827,-9999,    9
197464,20190828,-9999,    9
197464,20190829,-9999,    9
197464,20190830,-9999,    9
197464,20190831,-9999,    9
197464,20190901,-9999,    9
197464,20190902,-9999,    9
197464,20190903,-9999,    9
197464,20190904,-9999,    9
197464,20190905,-9999,    9
197464,20190906,-9999,    9
197464,20190907,-9999,    9
197464,20190908,-9999,    9
197464,20190909,-9999,    9
197464,20190910,-9999,    9
197464,20190911,-9999,    9
197464,20190912,-9999,    9
197464,20190913,-9999,    9
197464,20190914,-9999,    9
197464,20190915,-9999,    9
197464,20190916,-9999,    9
197464,20190917,-9999,    9
197464,20190918,-9999,    9
197464,20190919,-9999,    9
197464,20190920,-9999,    9
197464,20190921,-9999,    9
197464,20190922,-9999,    9
197464,20190923,-9999,    9
197464,20190924,-9999,    9
197464,20190925,-9999,    9
197464,20190926,-9999,    9
197464,20190927,-9999,    9
197464,20190928,-9999,    9
197464,20190929,-9999,    9
197464,20190930,-9999,    9
197464,20191001,-9999,    9
197464,20191002,-9999,    9
197464,20191003,-9999,    9
197464,20191004,-9999,    9
197464,20191005,-9999,    9
197464,20191006,-9999,    9
197464,20191007,-9999,    9
197464,20191008,-9999,    9
197464,20191009,-9999,    9
197464,20191010,-9999,    9
197464,20191011,-9999,    9
197464,20191012,-9999,    9
197464,20191013,-9999,    9
197464,20191014,-9999,    9
197464,20191015,-9999,    9
197464,20191016,-9999,    9
197464,20191017,-9999,    9
197464,20191018,-9999,    9
197464,20191019,-9999,    9
197464,20191020,-9999,    9
197464,20191021,-9999,    9
197464,20191022,-9999,    9
197464,20191023,-9999,    9
197464,20191024,-9999,    9
197464,20191025,-9999,    9
197464,20191026,-9999,    9
197464,20191027,-9999,    9
197464,20191028,-9999,    9
197464,20191029,-9999,    9
197464,20191030,-9999,    9
197464,20191031,-9999,    9
197464,20191101,-9999,    9
197464,20191102,-9999,    9
197464,20191103,-9999,    9
197464,20191104,-9999,    9
197464,20191105,-9999,    9
197464,20191106,-9999,    9
197464,20191107,-9999,    9
197464,20191108,-9999,    9
197464,20191109,-9999,    9
197464,20191110,-9999,    9
197464,20191111,-9999,    9
197464,20191112,-9999,    9
197464,20191113,-9999,    9
197464,20191114,-9999,    9
197464,20191115,-9999,    9
197464,20191116,-9999,    9
197464,20191117,-9999,    9
197464,20191118,-9999,    9
197464,20191119,-9999,    9
197464,20191120,-9999,    9
197464,20191121,-9999,    9
197464,20191122,-9999,    9
197464,20191123,-9999,    9
197464,20191124,-9999,    9
197464,20191125,-9999,    9
197464,20191126,-9999,    9
197464,20191127,-9999,    9
197464,20191128,-9999,    9
197464,20191129,-9999,    9
197464,20191130,-9999,    9
197464,20191201,-9999,    9
197464,20191202,-9999,    9
197464,20191203,-9999,    9
197464,20191204,-9999,    9
197464,20191205,-9999,    9
197464,20191206,-9999,    9
197464,20191207,-9999,    9
197464,20191208,-9999,    9
197464,20191209,-9999,    9
197464,20191210,-9999,    9
197464,20191211,-9999,    9
197464,20191212,-9999,    9
197464,20191213,-9999,    9
197464,20191214,-9999,    9
197464,20191215,-9999,    9
197464,20191216,-9999,    9
197464,20191217,-9999,    9
197464,20191218,-9999,    9
197464,20191219,-9999,    9
197464,20191220,-9999,    9
197464,20191221,-9999,    9
197464,20191222,-9999,    9
197464,20191223,-9999,    9
197464,20191224,-9999,    9
197464,20191225,-9999,    9
197464,20191226,-9999,    9
197464,20191227,-9999,    9
197464,20191228,-9999,    9
197464,20191229,-9999,    9
197464,20191230,-9999,    9
197464,20191231,   33,    0
197464,20200101,   33,    0
197464,20200102,   36,    0
197464,20200103,   58,    0
197464,20200104,   62,    0
197464,20200105,   48,    0
197464,20200106,   22,    0
197464,20200107,    9,    0
197464,20200108,   20,    0
197464,20200109,   29,    0
197464,20200110,   46,    0
197464,20200111,   69,    0
197464,20200112,   46,    0
197464,20200113,   27,    0
197464,20200114,-9999,    9
197464,20200115,   63,    0
197464,20200116,   68,    0
197464,20200117,   80,    0
197464,20200118,   79,    0
197464,20200119,   85,    0
197464,20200120,   61,    0
197464,20200121,   50,    0
197464,20200122,   49,    0
197464,20200123,   50,    0
197464,20200124,   59,    0
197464,20200125,   70,    0
197464,20200126,   80,    0
197464,20200127,   87,    0
197464,20200128,   80,    0
197464,20200129,  103,    0
197464,20200130,   83,    0
197464,20200131,-9999,    9
197464,20200201,-9999,    9
197464,20200202,-9999,    9
197464,20200203,-9999,    9
197464,20200204,-9999,    9
197464,20200205,-9999,    9
197464,20200206,-9999,    9
197464,20200207,-9999,    9
197464,20200208,-9999,    9
197464,20200209,-9999,    9
197464,20200210,-9999,    9
197464,20200211,-9999,    9
197464,20200212,-9999,    9
197464,20200213,-9999,    9
197464,20200214,-9999,    9
197464,20200215,-9999,    9
197464,20200216,-9999,    9
197464,20200217,-9999,    9
197464,20200218,-9999,    9
197464,20200219,-9999,    9
197464,20200220,-9999,    9
197464,20200221,-9999,    9
197464,20200222,-9999,    9
197464,20200223,-9999,    9
197464,20200224,-9999,    9
197464,20200225,-9999,    9
197464,20200226,-9999,    9
197464,20200227,-9999,    9
197464,20200228,-9999,    9
197464,20200229,-9999,    9
197464,20200301,-9999,    9
197464,20200302,-9999,    9
197464,20200303,-9999,    9
197464,20200304,-9999,    9
197464,20200305,-9999,    9
197464,20200306,-9999,    9
197464,20200307,-9999,    9
197464,20200308,-9999,    9
197464,20200309,-9999,    9
197464,20200310,-9999,    9
197464,20200311,-9999,    9
197464,20200312,-9999,    9
197464,20200313,-9999,    9
197464,20200314,-9999,    9
197464,20200315,-9999,    9
197464,20200316,-9999,    9
197464,20200317,-9999,    9
197464,20200318,-9999,    9
197464,20200319,-9999,    9
197464,20200320,-9999,    9
197464,20200321,-9999,    9
197464,20200322,-9999,    9
197464,20200323,-9999,    9
197464,20200324,-9999,    9
197464,20200325,-9999,    9
197464,20200326,-9999,    9
197464,20200327,-9999,    9
197464,20200328,-9999,    9
197464,20200329,-9999,    9
197464,20200330,-9999,    9
197464,20200331,-9999,    9
197464,20200401,-9999,    9
197464,20200402,-9999,    9
197464,20200403,-9999,    9
197464,20200404,-9999,    9
197464,20200405,-9999,    9
197464,20200406,-9999,    9
197464,20200407,-9999,    9
197464,20200408,-9999,    9
197464,20200409,-9999,    9
197464,20200410,-9999,    9
197464,20200411,-9999,    9
197464,20200412,-9999,    9
197464,20200413,-9999,    9
197464,20200414,-9999,    9
197464,20200415,-9999,    9
197464,20200416,-9999,    9
197464,20200417,-9999,    9
197464,20200418,-9999,    9
197464,20200419,-9999,    9
197464,20200420,-9999,    9
197464,20200421,-9999,    9
197464,20200422,-9999,    9
197464,20200423,-9999,    9
197464,20200424,-9999,    9
197464,20200425,-9999,    9
197464,20200426,-9999,    9
197464,20200427,-9999,    9
197464,20200428,-9999,    9
197464,20200429,-9999,    9
197464,20200430,  177,    0
197464,20200501,  181,    0
197464,20200502,  196,    0
197464,20200503,  162,    0
197464,20200504,  162,    0
197464,20200505,  183,    0
197464,20200506,  157,    0
197464,20200507,  158,    0
197464,20200508,  184,    0
197464,20200509,  203,    0
197464,20200510,  205,    0
197464,20200511,  182,    0
197464,20200512,  189,    0
197464,20200513,  166,    0
197464,20200514,  189,    0
197464,20200515,  201,    0
197464,20200516,  172,    0
197464,20200517,  200,    0
197464,20200518,  196,    0
197464,20200519,  191,    0
197464,20200520,-9999,    9
197464,20200521,  198,    0
197464,20200522,  211,    0
197464,20200523,  239,    0
197464,20200524,  198,    0
197464,20200525,  197,    0
197464,20200526,  191,    0
197464,20200527,  179,    0
197464,20200528,  198,    0
197464,20200529,  149,    0
197464,20200530,  166,    0
197464,20200531,  178,    0
197464,20200601,  195,    0
197464,20200602,  219,    0
197464,20200603,  216,    0
197464,20200604,  183,    0
197464,20200605,  205,    0
197464,20200606,  222,    0
197464,20200607,  221,    0
197464,20200608,  189,    0
197464,20200609,  181,    0
197464,20200610,  174,    0
197464,20200611,  167,    0
197464,20200612,  202,    0
197464,20200613,  212,    0
197464,20200614,  204,    0
197464,20200615,  207,    0
197464,20200616,  218,    0
197464,20200617,  212,    0
197464,20200618,  219,    0
197464,20200619,  215,    0
197464,20200620,  219,    0
197464,20200621,  229,    0
197464,20200622,  254,    0
197464,20200623,  255,    0
197464,20200624,  243,    0
197464,20200625,  237,    0
197464,20200626,  245,    0
197464,20200627,  263,    0
197464,20200628,  279,    0
197464,20200629,  282,    0
197464,20200630,  271,    0
197464,20200701,  272,    0
197464,20200702,  269,    0
197464,20200703,  240,    0
197464,20200704,  234,    0
197464,20200705,  256,    0
197464,20200706,  275,    0
197464,20200707,  218,    0
197464,20200708,  223,    0
197464,20200709,  252,    0
197464,20200710,  270,    0
197464,20200711,  251,    0
197464,20200712,  222,    0
197464,20200713,  213,    0
197464,20200714,  215,    0
197464,20200715,  225,    0
197464,20200716,  246,    0
197464,20200717,  223,    0
197464,20200718,  224,    0
197464,20200719,  236,    0
197464,20200720,  258,    0
197464,20200721,  276,    0
197464,20200722,  283,    0
197464,20200723,  253,    0
197464,20200724,  208,    0
197464,20200725,  243,    0
197464,20200726,  255,    0
197464,20200727,  262,    0
197464,20200728,  281,    0
197464,20200729,  285,    0
197464,20200730,  294,    0
197464,20200731,  286,    0
197464,20200801,  302,    0
197464,20200802,  255,    0
197464,20200803,  223,    0
197464,20200804,  198,    0
197464,20200805,  213,    0
197464,20200806,  234,    0
197464,20200807,  255,    0
197464,20200808,  267,    0
197464,20200809,  271,    0
197464,20200810,  275,    0
197464,20200811,  280,    0
197464,20200812,  277,    0
197464,20200813,  272,    0
197464,20200814,  262,    0
197464,20200815,  260,    0
197464,20200816,  259,    0
197464,20200817,  253,    0
197464,20200818,  247,    0
197464,20200819,  257,    0
197464,20200820,  265,    0
197464,20200821,  275,    0
197464,20200822,  280,    0
197464,20200823,  258,    0
197464,20200824,  243,    0
197464,20200825,  243,    0
197464,20200826,  258,    0
197464,20200827,  262,    0
197464,20200828,  274,    0
197464,20200829,  267,    0
197464,20200830,  244,    0
197464,20200831,-9999,    9
197464,20200901,  208,    0
197464,20200902,  195,    0
197464,20200903,  205,    0
197464,20200904,  222,    0
197464,20200905,  234,    0
197464,20200906,  243,    0
197464,20200907,  222,    0
197464,20200908,  220,    0
197464,20200909,  224,    0
197464,20200910,  242,    0
197464,20200911,  240,    0
197464,20200912,  238,    0
197464,20200913,  240,    0
197464,20200914,  238,    0
197464,20200915,  235,    0
197464,20200916,  240,    0
197464,20200917,  244,    0
197464,20200918,  228,    0
197464,20200919,  206,    0
197464,20200920,  198,    0
197464,20200921,  207,    0
197464,20200922,  194,    0
197464,20200923,  202,    0
197464,20200924,  206,    0
197464,20200925,  193,    0
197464,20200926,  156,    0
197464,20200927,  129,    0
197464,20200928,  141,    0
197464,20200929,  153,    0
197464,20200930,  169,    0
197464,20201001,  179,    0
197464,20201002,  189,    0
197464,20201003,  188,    0
197464,20201004,  177,    0
197464,20201005,  164,    0
197464,20201006,  162,    0
197464,20201007,  162,    0
197464,20201008,  149,    0
197464,20201009,  156,    0
197464,20201010,  165,    0
197464,20201011,  118,    0
197464,20201012,  109,    0
197464,20201013,  110,    0
197464,20201014,  112,    0
197464,20201015,  109,    0
197464,20201016,  112,    0
197464,20201017,  116,    0
197464,20201018,  113,    0
197464,20201019,  119,    0
197464,20201020,  123,    0
197464,20201021,  131,    0
197464,20201022,  137,    0
197464,20201023,  132,    0
197464,20201024,  144,    0
197464,20201025,  155,    0
197464,20201026,  176,    0
197464,20201027,  125,    0
197464,20201028,  110,    0
197464,20201029,  121,    0
197464,20201030,  122,    0
197464,20201031,-9999,    9
197464,20201101,-9999,    9
197464,20201102,-9999,    9
197464,20201103,-9999,    9
197464,20201104,-9999,    9
197464,20201105,-9999,    9
197464,20201106,-9999,    9
197464,20201107,-9999,    9
197464,20201108,-9999,    9
197464,20201109,-9999,    9
197464,20201110,-9999,    9
197464,20201111,-9999,    9
197464,20201112,-9999,    9
197464,20201113,-9999,    9
197464,20201114,-9999,    9
197464,20201115,-9999,    9
197464,20201116,-9999,    9
197464,20201117,-9999,    9
197464,20201118,-9999,    9
197464,20201119,-9999,    9
197464,20201120,-9999,    9
197464,20201121,-9999,    9
197464,20201122,-9999,    9
197464,20201123,-9999,    9
197464,20201124,-9999,    9
197464,20201125,-9999,    9
197464,20201126,-9999,    9
197464,20201127,-9999,    9
197464,20201128,-9999,    9
197464,20201129,-9999,    9
197464,20201130,-9999,    9
197464,20201201,-9999,    9
197464,20201202,-9999,    9
197464,20201203,-9999,    9
197464,20201204,-9999,    9
197464,20201205,-9999,    9
197464,20201206,-9999,    9
197464,20201207,-9999,    9
197464,20201208,-9999,    9
197464,20201209,-9999,    9
197464,20201210,-9999,    9
197464,20201211,-9999,    9
197464,20201212,-9999,    9
197464,20201213,-9999,    9
197464,20201214,-9999,    9
197464,20201215,-9999,    9
197464,20201216,-9999,    9
197464,20201217,-9999,    9
197464,20201218,-9999,    9
197464,20201219,-9999,    9
197464,20201220,-9999,    9
197464,20201221,-9999,    9
197464,20201222,-9999,    9
197464,20201223,-9999,    9
197464,20201224,-9999,    9
197464,20201225,-9999,    9
197464,20201226,-9999,    9
197464,20201227,-9999,    9
197464,20201228,-9999,    9
197464,20201229,-9999,    9
197464,20201230,-9999,    9
197464,20201231,-9999,    9
197464,20210101,-9999,    9
197464,20210102,-9999,    9
197464,20210103,-9999,    9
197464,20210104,-9999,    9
197464,20210105,-9999,    9
197464,20210106,-9999,    9
197464,20210107,-9999,    9
197464,20210108,-9999,    9
197464,20210109,-9999,    9
197464,20210110,-9999,    9
197464,20210111,-9999,    9
197464,20210112,-9999,    9
197464,20210113,-9999,    9
197464,20210114,-9999,    9
197464,20210115,-9999,    9
197464,20210116,-9999,    9
197464,20210117,-9999,    9
197464,20210118,-9999,    9
197464,20210119,-9999,    9
197464,20210120,-9999,    9
197464,20210121,-9999,    9
197464,20210122,-9999,    9
197464,20210123,-9999,    9
197464,20210124,-9999,    9
197464,20210125,-9999,    9
197464,20210126,-9999,    9
197464,20210127,-9999,    9
197464,20210128,-9999,    9
197464,20210129,-9999,    9
197464,20210130,-9999,    9
197464,20210131,-9999,    9
197464,20210201,-9999,    9
197464,20210202,-9999,    9
197464,20210203,-9999,    9
197464,20210204,-9999,    9
197464,20210205,-9999,    9
197464,20210206,-9999,    9
197464,20210207,-9999,    9
197464,20210208,-9999,    9
197464,20210209,-9999,    9
197464,20210210,-9999,    9
197464,20210211,-9999,    9
197464,20210212,-9999,    9
197464,20210213,-9999,    9
197464,20210214,-9999,    9
197464,20210215,-9999,    9
197464,20210216,-9999,    9
197464,20210217,-9999,    9
197464,20210218,-9999,    9
197464,20210219,-9999,    9
197464,20210220,-9999,    9
197464,20210221,-9999,    9
197464,20210222,-9999,    9
197464,20210223,-9999,    9
197464,20210224,-9999,    9
197464,20210225,-9999,    9
197464,20210226,-9999,    9
197464,20210227,-9999,    9
197464,20210228,   63,    0
197464,20210301,   69,    0
197464,20210302,   80,    0
197464,20210303,   99,    0
197464,20210304,   95,    0
197464,20210305,  110,    0
197464,20210306,   67,    0
197464,20210307,   59,    0
197464,20210308,   61,    0
197464,20210309,   77,    0
197464,20210310,   78,    0
197464,20210311,   92,    0
197464,20210312,  110,    0
197464,20210313,  113,    0
197464,20210314,   99,    0
197464,20210315,   89,    0
197464,20210316,  104,    0
197464,20210317,   87,    0
197464,20210318,   66,    0
197464,20210319,   43,    0
197464,20210320,   46,    0
197464,20210321,   54,    0
197464,20210322,   77,    0
197464,20210323,   85,    0
197464,20210324,   92,    0
197464,20210325,  104,    0
197464,20210326,  125,    0
197464,20210327,  126,    0
197464,20210328,  131,    0
197464,20210329,  139,    0
197464,20210330,  151,    0
197464,20210331,-9999,    9
