EUROPEAN CLIMATE ASSESSMENT & DATASET (ECA&D), file created on 12-05-2021
THESE DATA CAN BE USED FREELY PROVIDED THAT THE FOLLOWING SOURCE IS ACKNOWLEDGED:

Klein Tank, A.M.G. and Coauthors, 2002. Daily dataset of 20th-century surface
air temperature and precipitation series for the European Climate Assessment.
Int. J. of Climatol., 22, 1441-1453.
Data and metadata available at http://www.ecad.eu

FILE FORMAT (MISSING VALUE CODE IS -9999):

01-06 SOUID: Source identifier
08-15 DATE : Date YYYYMMDD
17-21 TG   : mean temperature in 0.1 &#176;C
23-27 Q_TG : Quality code for TG (0='valid'; 1='suspect'; 9='missing')

This is the blended series of station ITALY, SASSO_MORELLI_BEGHINA (STAID: 17801).
Blended and updated with sources: 197376 
See file sources.txt and stations.txt for more info.

 SOUID,    DATE,   TG, Q_TG
197376,20120501,-9999,    9
197376,20120502,-9999,    9
197376,20120503,  195,    0
197376,20120504,-9999,    9
197376,20120505,-9999,    9
197376,20120506,-9999,    9
197376,20120507,-9999,    9
197376,20120508,-9999,    9
197376,20120509,-9999,    9
197376,20120510,  231,    0
197376,20120511,  222,    0
197376,20120512,  242,    0
197376,20120513,  125,    0
197376,20120514,  126,    0
197376,20120515,  152,    0
197376,20120516,  116,    0
197376,20120517,  133,    0
197376,20120518,  141,    0
197376,20120519,  150,    0
197376,20120520,  147,    0
197376,20120521,  144,    0
197376,20120522,  160,    0
197376,20120523,  188,    0
197376,20120524,  215,    0
197376,20120525,  197,    0
197376,20120526,  171,    0
197376,20120527,  178,    0
197376,20120528,  191,    0
197376,20120529,  215,    0
197376,20120530,  229,    0
197376,20120531,  208,    0
197376,20120601,  234,    0
197376,20120602,  237,    0
197376,20120603,  240,    0
197376,20120604,  192,    0
197376,20120605,  199,    0
197376,20120606,  214,    0
197376,20120607,  224,    0
197376,20120608,  235,    0
197376,20120609,  230,    0
197376,20120610,  214,    0
197376,20120611,  217,    0
197376,20120612,  213,    0
197376,20120613,  216,    0
197376,20120614,  200,    0
197376,20120615,  214,    0
197376,20120616,  227,    0
197376,20120617,  245,    0
197376,20120618,  256,    0
197376,20120619,  273,    0
197376,20120620,  284,    0
197376,20120621,  279,    0
197376,20120622,  274,    0
197376,20120623,  252,    0
197376,20120624,  259,    0
197376,20120625,  273,    0
197376,20120626,  246,    0
197376,20120627,  247,    0
197376,20120628,  257,    0
197376,20120629,  283,    0
197376,20120630,  290,    0
197376,20120701,  293,    0
197376,20120702,  301,    0
197376,20120703,  271,    0
197376,20120704,  270,    0
197376,20120705,  269,    0
197376,20120706,  246,    0
197376,20120707,  258,    0
197376,20120708,  286,    0
197376,20120709,  290,    0
197376,20120710,  291,    0
197376,20120711,  284,    0
197376,20120712,  274,    0
197376,20120713,  268,    0
197376,20120714,  285,    0
197376,20120715,  264,    0
197376,20120716,  234,    0
197376,20120717,  237,    0
197376,20120718,  251,    0
197376,20120719,  279,    0
197376,20120720,  300,    0
197376,20120721,  251,    0
197376,20120722,  218,    0
197376,20120723,  215,    0
197376,20120724,  231,    0
197376,20120725,  250,    0
197376,20120726,  265,    0
197376,20120727,  285,    0
197376,20120728,  302,    0
197376,20120729,  295,    0
197376,20120730,  274,    0
197376,20120731,  261,    0
197376,20120801,  264,    0
197376,20120802,  268,    0
197376,20120803,  292,    0
197376,20120804,  280,    0
197376,20120805,  286,    0
197376,20120806,  293,    0
197376,20120807,  277,    0
197376,20120808,  260,    0
197376,20120809,  260,    0
197376,20120810,  252,    0
197376,20120811,  246,    0
197376,20120812,  231,    0
197376,20120813,  239,    0
197376,20120814,  254,    0
197376,20120815,  267,    0
197376,20120816,  284,    0
197376,20120817,  267,    0
197376,20120818,  268,    0
197376,20120819,  268,    0
197376,20120820,  281,    0
197376,20120821,  285,    0
197376,20120822,  286,    0
197376,20120823,  293,    0
197376,20120824,  305,    0
197376,20120825,  311,    0
197376,20120826,  266,    0
197376,20120827,  214,    0
197376,20120828,  221,    0
197376,20120829,  246,    0
197376,20120830,  255,    0
197376,20120831,  224,    0
197376,20120901,  187,    0
197376,20120902,  197,    0
197376,20120903,  187,    0
197376,20120904,  190,    0
197376,20120905,  207,    0
197376,20120906,  220,    0
197376,20120907,  215,    0
197376,20120908,  219,    0
197376,20120909,  225,    0
197376,20120910,  231,    0
197376,20120911,  242,    0
197376,20120912,  234,    0
197376,20120913,  158,    0
197376,20120914,  179,    0
197376,20120915,  176,    0
197376,20120916,  175,    0
197376,20120917,  190,    0
197376,20120918,  191,    0
197376,20120919,  186,    0
197376,20120920,  157,    0
197376,20120921,  147,    0
197376,20120922,  178,    0
197376,20120923,  207,    0
197376,20120924,  216,    0
197376,20120925,  217,    0
197376,20120926,  236,    0
197376,20120927,  225,    0
197376,20120928,  198,    0
197376,20120929,  191,    0
197376,20120930,  187,    0
197376,20121001,  187,    0
197376,20121002,  194,    0
197376,20121003,  197,    0
197376,20121004,  204,    0
197376,20121005,  192,    0
197376,20121006,  190,    0
197376,20121007,  200,    0
197376,20121008,  179,    0
197376,20121009,  162,    0
197376,20121010,  178,    0
197376,20121011,  168,    0
197376,20121012,  154,    0
197376,20121013,  161,    0
197376,20121014,  152,    0
197376,20121015,  157,    0
197376,20121016,  140,    0
197376,20121017,  147,    0
197376,20121018,  150,    0
197376,20121019,  152,    0
197376,20121020,  143,    0
197376,20121021,  150,    0
197376,20121022,  149,    0
197376,20121023,  136,    0
197376,20121024,  125,    0
197376,20121025,  125,    0
197376,20121026,  129,    0
197376,20121027,  156,    0
197376,20121028,   96,    0
197376,20121029,   66,    0
197376,20121030,   70,    0
197376,20121031,   90,    0
197376,20121101,  115,    0
197376,20121102,  146,    0
197376,20121103,  133,    0
197376,20121104,  127,    0
197376,20121105,  166,    0
197376,20121106,  145,    0
197376,20121107,   94,    0
197376,20121108,   75,    0
197376,20121109,   89,    0
197376,20121110,  103,    0
197376,20121111,  149,    0
197376,20121112,  116,    0
197376,20121113,  125,    0
197376,20121114,  113,    0
197376,20121115,   81,    0
197376,20121116,   75,    0
197376,20121117,   91,    0
197376,20121118,   88,    0
197376,20121119,   92,    0
197376,20121120,  108,    0
197376,20121121,   85,    0
197376,20121122,   86,    0
197376,20121123,   97,    0
197376,20121124,   94,    0
197376,20121125,   96,    0
197376,20121126,  109,    0
197376,20121127,  116,    0
197376,20121128,  111,    0
197376,20121129,   92,    0
197376,20121130,   83,    0
197376,20121201,   67,    0
197376,20121202,   57,    0
197376,20121203,   42,    0
197376,20121204,   24,    0
197376,20121205,   14,    0
197376,20121206,    6,    0
197376,20121207,    0,    0
197376,20121208,    1,    0
197376,20121209,   -5,    0
197376,20121210,   -8,    0
197376,20121211,   15,    0
197376,20121212,   -4,    0
197376,20121213,  -17,    0
197376,20121214,    0,    0
197376,20121215,    9,    0
197376,20121216,   12,    0
197376,20121217,   19,    0
197376,20121218,   16,    0
197376,20121219,    0,    0
197376,20121220,    3,    0
197376,20121221,   11,    0
197376,20121222,   22,    0
197376,20121223,   10,    0
197376,20121224,   29,    0
197376,20121225,   40,    0
197376,20121226,   50,    0
197376,20121227,   44,    0
197376,20121228,   59,    0
197376,20121229,   25,    0
197376,20121230,   18,    0
197376,20121231,   10,    0
197376,20130101,   18,    0
197376,20130102,   36,    0
197376,20130103,   59,    0
197376,20130104,   41,    0
197376,20130105,   51,    0
197376,20130106,   38,    0
197376,20130107,   33,    0
197376,20130108,   48,    0
197376,20130109,   52,    0
197376,20130110,   45,    0
197376,20130111,   32,    0
197376,20130112,   29,    0
197376,20130113,   35,    0
197376,20130114,   22,    0
197376,20130115,   16,    0
197376,20130116,   19,    0
197376,20130117,   14,    0
197376,20130118,   25,    0
197376,20130119,   14,    0
197376,20130120,   26,    0
197376,20130121,   30,    0
197376,20130122,   25,    0
197376,20130123,   26,    0
197376,20130124,   51,    0
197376,20130125,   41,    0
197376,20130126,   15,    0
197376,20130127,    6,    0
197376,20130128,   15,    0
197376,20130129,   16,    0
197376,20130130,   17,    0
197376,20130131,   32,    0
197376,20130201,   16,    0
197376,20130202,   28,    0
197376,20130203,   40,    0
197376,20130204,   55,    0
197376,20130205,   39,    0
197376,20130206,   48,    0
197376,20130207,   35,    0
197376,20130208,   25,    0
197376,20130209,   10,    0
197376,20130210,    8,    0
197376,20130211,    2,    0
197376,20130212,   11,    0
197376,20130213,   22,    0
197376,20130214,   37,    0
197376,20130215,   25,    0
197376,20130216,   33,    0
197376,20130217,   36,    0
197376,20130218,   35,    0
197376,20130219,   26,    0
197376,20130220,   24,    0
197376,20130221,   19,    0
197376,20130222,   -2,    0
197376,20130223,    2,    0
197376,20130224,   28,    0
197376,20130225,   13,    0
197376,20130226,   26,    0
197376,20130227,   32,    0
197376,20130228,   50,    0
197376,20130301,   52,    0
197376,20130302,   50,    0
197376,20130303,   59,    0
197376,20130304,   61,    0
197376,20130305,   38,    0
197376,20130306,   73,    0
197376,20130307,   93,    0
197376,20130308,   99,    0
197376,20130309,  119,    0
197376,20130310,  112,    0
197376,20130311,   92,    0
197376,20130312,   92,    0
197376,20130313,   87,    0
197376,20130314,   66,    0
197376,20130315,   38,    0
197376,20130316,   36,    0
197376,20130317,   57,    0
197376,20130318,   47,    0
197376,20130319,  109,    0
197376,20130320,   84,    0
197376,20130321,  103,    0
197376,20130322,   96,    0
197376,20130323,   99,    0
197376,20130324,   84,    0
197376,20130325,   33,    0
197376,20130326,   39,    0
197376,20130327,   64,    0
197376,20130328,   67,    0
197376,20130329,   76,    0
197376,20130330,   84,    0
197376,20130331,   97,    0
197376,20130401,   94,    0
197376,20130402,   82,    0
197376,20130403,   84,    0
197376,20130404,   87,    0
197376,20130405,   90,    0
197376,20130406,   95,    0
197376,20130407,   96,    0
197376,20130408,   88,    0
197376,20130409,  102,    0
197376,20130410,  117,    0
197376,20130411,  133,    0
197376,20130412,  167,    0
197376,20130413,  162,    0
197376,20130414,  149,    0
197376,20130415,  158,    0
197376,20130416,  154,    0
197376,20130417,  164,    0
197376,20130418,  178,    0
197376,20130419,  184,    0
197376,20130420,  166,    0
197376,20130421,  143,    0
197376,20130422,  120,    0
197376,20130423,  126,    0
197376,20130424,  141,    0
197376,20130425,  163,    0
197376,20130426,  166,    0
197376,20130427,  164,    0
197376,20130428,  184,    0
197376,20130429,  171,    0
197376,20130430,  173,    0
197376,20130501,  189,    0
197376,20130502,  171,    0
197376,20130503,  186,    0
197376,20130504,  188,    0
197376,20130505,  162,    0
197376,20130506,  169,    0
197376,20130507,  177,    0
197376,20130508,  179,    0
197376,20130509,  199,    0
197376,20130510,  190,    0
197376,20130511,  178,    0
197376,20130512,  167,    0
197376,20130513,  159,    0
197376,20130514,  173,    0
197376,20130515,  189,    0
197376,20130516,  173,    0
197376,20130517,  164,    0
197376,20130518,  175,    0
197376,20130519,  170,    0
197376,20130520,  168,    0
197376,20130521,  166,    0
197376,20130522,  165,    0
197376,20130523,  172,    0
197376,20130524,  117,    0
197376,20130525,   99,    0
197376,20130526,  151,    0
197376,20130527,  173,    0
197376,20130528,  168,    0
197376,20130529,  173,    0
197376,20130530,  137,    0
197376,20130531,  162,    0
197376,20130601,  178,    0
197376,20130602,  197,    0
197376,20130603,  172,    0
197376,20130604,  186,    0
197376,20130605,  195,    0
197376,20130606,  182,    0
197376,20130607,  205,    0
197376,20130608,  218,    0
197376,20130609,  190,    0
197376,20130610,  187,    0
197376,20130611,  212,    0
197376,20130612,  217,    0
197376,20130613,  221,    0
197376,20130614,  235,    0
197376,20130615,  260,    0
197376,20130616,  263,    0
197376,20130617,  264,    0
197376,20130618,  262,    0
197376,20130619,  270,    0
197376,20130620,  281,    0
197376,20130621,  258,    0
197376,20130622,  243,    0
197376,20130623,  246,    0
197376,20130624,  203,    0
197376,20130625,  201,    0
197376,20130626,  173,    0
197376,20130627,  177,    0
197376,20130628,  157,    0
197376,20130629,  187,    0
197376,20130630,  210,    0
197376,20130701,  218,    0
197376,20130702,  227,    0
197376,20130703,  239,    0
197376,20130704,  231,    0
197376,20130705,  246,    0
197376,20130706,  250,    0
197376,20130707,  241,    0
197376,20130708,  239,    0
197376,20130709,  248,    0
197376,20130710,  254,    0
197376,20130711,  254,    0
197376,20130712,  240,    0
197376,20130713,  234,    0
197376,20130714,  234,    0
197376,20130715,  247,    0
197376,20130716,  243,    0
197376,20130717,  236,    0
197376,20130718,  243,    0
197376,20130719,  253,    0
197376,20130720,  253,    0
197376,20130721,  251,    0
197376,20130722,  257,    0
197376,20130723,  268,    0
197376,20130724,  275,    0
197376,20130725,  280,    0
197376,20130726,  282,    0
197376,20130727,  294,    0
197376,20130728,  316,    0
197376,20130729,  264,    0
197376,20130730,  242,    0
197376,20130731,  249,    0
197376,20130801,  258,    0
197376,20130802,  275,    0
197376,20130803,  291,    0
197376,20130804,  302,    0
197376,20130805,  293,    0
197376,20130806,  293,    0
197376,20130807,  298,    0
197376,20130808,  298,    0
197376,20130809,  268,    0
197376,20130810,  244,    0
197376,20130811,  246,    0
197376,20130812,  257,    0
197376,20130813,  273,    0
197376,20130814,  212,    0
197376,20130815,  222,    0
197376,20130816,  228,    0
197376,20130817,  243,    0
197376,20130818,  254,    0
197376,20130819,  266,    0
197376,20130820,  191,    0
197376,20130821,  213,    0
197376,20130822,  220,    0
197376,20130823,  235,    0
197376,20130824,  245,    0
197376,20130825,  223,    0
197376,20130826,  211,    0
197376,20130827,  204,    0
197376,20130828,  207,    0
197376,20130829,  209,    0
197376,20130830,  204,    0
197376,20130831,  211,    0
197376,20130901,  213,    0
197376,20130902,  218,    0
197376,20130903,  231,    0
197376,20130904,  223,    0
197376,20130905,  228,    0
197376,20130906,  232,    0
197376,20130907,  238,    0
197376,20130908,  246,    0
197376,20130909,  245,    0
197376,20130910,  219,    0
197376,20130911,  194,    0
197376,20130912,  179,    0
197376,20130913,  190,    0
197376,20130914,  202,    0
197376,20130915,  193,    0
197376,20130916,  199,    0
197376,20130917,  186,    0
197376,20130918,  169,    0
197376,20130919,  184,    0
197376,20130920,  187,    0
197376,20130921,  187,    0
197376,20130922,  183,    0
197376,20130923,  191,    0
197376,20130924,  208,    0
197376,20130925,  214,    0
197376,20130926,  220,    0
197376,20130927,  217,    0
197376,20130928,  223,    0
197376,20130929,  176,    0
197376,20130930,  143,    0
197376,20131001,  169,    0
197376,20131002,  160,    0
197376,20131003,  124,    0
197376,20131004,  140,    0
197376,20131005,  115,    0
197376,20131006,  134,    0
197376,20131007,  149,    0
197376,20131008,  134,    0
197376,20131009,  156,    0
197376,20131010,  170,    0
197376,20131011,  124,    0
197376,20131012,  138,    0
197376,20131013,  132,    0
197376,20131014,  126,    0
197376,20131015,  140,    0
197376,20131016,  155,    0
197376,20131017,  132,    0
197376,20131018,  134,    0
197376,20131019,  149,    0
197376,20131020,  157,    0
197376,20131021,  153,    0
197376,20131022,  150,    0
197376,20131023,  186,    0
197376,20131024,  177,    0
197376,20131025,  173,    0
197376,20131026,  172,    0
197376,20131027,  189,    0
197376,20131028,  190,    0
197376,20131029,  194,    0
197376,20131030,  159,    0
197376,20131031,  148,    0
197376,20131101,  125,    0
197376,20131102,  130,    0
197376,20131103,  183,    0
197376,20131104,  163,    0
197376,20131105,  124,    0
197376,20131106,  118,    0
197376,20131107,  119,    0
197376,20131108,  141,    0
197376,20131109,  178,    0
197376,20131110,  145,    0
197376,20131111,  115,    0
197376,20131112,  114,    0
197376,20131113,  127,    0
197376,20131114,  114,    0
197376,20131115,  109,    0
197376,20131116,  105,    0
197376,20131117,  103,    0
197376,20131118,  107,    0
197376,20131119,  118,    0
197376,20131120,  103,    0
197376,20131121,   82,    0
197376,20131122,   65,    0
197376,20131123,   60,    0
197376,20131124,   81,    0
197376,20131125,   58,    0
197376,20131126,   22,    0
197376,20131127,   25,    0
197376,20131128,   30,    0
197376,20131129,   18,    0
197376,20131130,   27,    0
197376,20131201,   57,    0
197376,20131202,   64,    0
197376,20131203,   42,    0
197376,20131204,   30,    0
197376,20131205,   25,    0
197376,20131206,   36,    0
197376,20131207,   27,    0
197376,20131208,   18,    0
197376,20131209,    5,    0
197376,20131210,   13,    0
197376,20131211,   14,    0
197376,20131212,   18,    0
197376,20131213,   18,    0
197376,20131214,   32,    0
197376,20131215,   24,    0
197376,20131216,   28,    0
197376,20131217,   28,    0
197376,20131218,   16,    0
197376,20131219,   11,    0
197376,20131220,   47,    0
197376,20131221,   61,    0
197376,20131222,   51,    0
197376,20131223,   60,    0
197376,20131224,   38,    0
197376,20131225,  118,    0
197376,20131226,  108,    0
197376,20131227,   75,    0
197376,20131228,   66,    0
197376,20131229,   85,    0
197376,20131230,   73,    0
197376,20131231,   44,    0
197376,20140101,   25,    0
197376,20140102,   31,    0
197376,20140103,   51,    0
197376,20140104,   75,    0
197376,20140105,   70,    0
197376,20140106,   80,    0
197376,20140107,   58,    0
197376,20140108,   65,    0
197376,20140109,   55,    0
197376,20140110,   57,    0
197376,20140111,   82,    0
197376,20140112,   79,    0
197376,20140113,   73,    0
197376,20140114,   74,    0
197376,20140115,   48,    0
197376,20140116,   53,    0
197376,20140117,   73,    0
197376,20140118,   60,    0
197376,20140119,   68,    0
197376,20140120,   80,    0
197376,20140121,   92,    0
197376,20140122,   82,    0
197376,20140123,   75,    0
197376,20140124,   62,    0
197376,20140125,   48,    0
197376,20140126,   30,    0
197376,20140127,   34,    0
197376,20140128,   18,    0
197376,20140129,   40,    0
197376,20140130,   46,    0
197376,20140131,   48,    0
197376,20140201,   75,    0
197376,20140202,   71,    0
197376,20140203,   77,    0
197376,20140204,   64,    0
197376,20140205,   82,    0
197376,20140206,   71,    0
197376,20140207,   83,    0
197376,20140208,   91,    0
197376,20140209,   99,    0
197376,20140210,   83,    0
197376,20140211,   72,    0
197376,20140212,   83,    0
197376,20140213,   83,    0
197376,20140214,   85,    0
197376,20140215,   78,    0
197376,20140216,   80,    0
197376,20140217,   95,    0
197376,20140218,   89,    0
197376,20140219,   92,    0
197376,20140220,   83,    0
197376,20140221,  104,    0
197376,20140222,   83,    0
197376,20140223,   69,    0
197376,20140224,   71,    0
197376,20140225,   77,    0
197376,20140226,   88,    0
197376,20140227,   76,    0
197376,20140228,   82,    0
197376,20140301,   78,    0
197376,20140302,   73,    0
197376,20140303,   92,    0
197376,20140304,   77,    0
197376,20140305,   98,    0
197376,20140306,   98,    0
197376,20140307,  101,    0
197376,20140308,   86,    0
197376,20140309,   89,    0
197376,20140310,   88,    0
197376,20140311,   78,    0
197376,20140312,   94,    0
197376,20140313,  107,    0
197376,20140314,  106,    0
197376,20140315,  124,    0
197376,20140316,  110,    0
197376,20140317,  114,    0
197376,20140318,  114,    0
197376,20140319,  140,    0
197376,20140320,  118,    0
197376,20140321,  134,    0
197376,20140322,  156,    0
197376,20140323,  132,    0
197376,20140324,   72,    0
197376,20140325,   74,    0
197376,20140326,   82,    0
197376,20140327,  110,    0
197376,20140328,  124,    0
197376,20140329,  123,    0
197376,20140330,  131,    0
197376,20140331,  153,    0
197376,20140401,  152,    0
197376,20140402,  142,    0
197376,20140403,  138,    0
197376,20140404,  133,    0
197376,20140405,  132,    0
197376,20140406,  155,    0
197376,20140407,  162,    0
197376,20140408,  179,    0
197376,20140409,  141,    0
197376,20140410,  147,    0
197376,20140411,  141,    0
197376,20140412,  139,    0
197376,20140413,  130,    0
197376,20140414,  163,    0
197376,20140415,  133,    0
197376,20140416,  110,    0
197376,20140417,  112,    0
197376,20140418,  142,    0
197376,20140419,  120,    0
197376,20140420,  138,    0
197376,20140421,  143,    0
197376,20140422,  144,    0
197376,20140423,  161,    0
197376,20140424,  176,    0
197376,20140425,  179,    0
197376,20140426,  177,    0
197376,20140427,  149,    0
197376,20140428,  124,    0
197376,20140429,  145,    0
197376,20140430,  150,    0
197376,20140501,  160,    0
197376,20140502,  134,    0
197376,20140503,  143,    0
197376,20140504,  140,    0
197376,20140505,  137,    0
197376,20140506,  164,    0
197376,20140507,  176,    0
197376,20140508,  165,    0
197376,20140509,  181,    0
197376,20140510,  209,    0
197376,20140511,  205,    0
197376,20140512,  165,    0
197376,20140513,  124,    0
197376,20140514,  158,    0
197376,20140515,  155,    0
197376,20140516,  174,    0
197376,20140517,  168,    0
197376,20140518,  192,    0
197376,20140519,  171,    0
197376,20140520,  186,    0
197376,20140521,  197,    0
197376,20140522,  213,    0
197376,20140523,  209,    0
197376,20140524,  199,    0
197376,20140525,  191,    0
197376,20140526,  187,    0
197376,20140527,  191,    0
197376,20140528,  200,    0
197376,20140529,  191,    0
197376,20140530,  181,    0
197376,20140531,  166,    0
197376,20140601,  173,    0
197376,20140602,  182,    0
197376,20140603,  194,    0
197376,20140604,  195,    0
197376,20140605,  223,    0
197376,20140606,  219,    0
197376,20140607,  235,    0
197376,20140608,  248,    0
197376,20140609,  243,    0
197376,20140610,  251,    0
197376,20140611,  271,    0
197376,20140612,  266,    0
197376,20140613,  262,    0
197376,20140614,  220,    0
197376,20140615,  194,    0
197376,20140616,  183,    0
197376,20140617,  184,    0
197376,20140618,  187,    0
197376,20140619,  210,    0
197376,20140620,  238,    0
197376,20140621,  223,    0
197376,20140622,  241,    0
197376,20140623,  259,    0
197376,20140624,  251,    0
197376,20140625,  209,    0
197376,20140626,  195,    0
197376,20140627,  218,    0
197376,20140628,  242,    0
197376,20140629,  237,    0
197376,20140630,  213,    0
197376,20140701,  215,    0
197376,20140702,  224,    0
197376,20140703,  221,    0
197376,20140704,  218,    0
197376,20140705,  238,    0
197376,20140706,  250,    0
197376,20140707,  257,    0
197376,20140708,  218,    0
197376,20140709,  205,    0
197376,20140710,  169,    0
197376,20140711,  208,    0
197376,20140712,  217,    0
197376,20140713,  216,    0
197376,20140714,  204,    0
197376,20140715,  225,    0
197376,20140716,  247,    0
197376,20140717,  260,    0
197376,20140718,  261,    0
197376,20140719,  262,    0
197376,20140720,  275,    0
197376,20140721,  221,    0
197376,20140722,  224,    0
197376,20140723,  243,    0
197376,20140724,  217,    0
197376,20140725,  235,    0
197376,20140726,  203,    0
197376,20140727,  214,    0
197376,20140728,  246,    0
197376,20140729,  227,    0
197376,20140730,  203,    0
197376,20140731,  226,    0
197376,20140801,  245,    0
197376,20140802,  252,    0
197376,20140803,  235,    0
197376,20140804,  235,    0
197376,20140805,  224,    0
197376,20140806,  236,    0
197376,20140807,  239,    0
197376,20140808,  241,    0
197376,20140809,  259,    0
197376,20140810,  261,    0
197376,20140811,  278,    0
197376,20140812,  284,    0
197376,20140813,  264,    0
197376,20140814,  242,    0
197376,20140815,  215,    0
197376,20140816,  179,    0
197376,20140817,  197,    0
197376,20140818,  223,    0
197376,20140819,  220,    0
197376,20140820,  230,    0
197376,20140821,  224,    0
197376,20140822,  224,    0
197376,20140823,  197,    0
197376,20140824,  204,    0
197376,20140825,  205,    0
197376,20140826,  228,    0
197376,20140827,  235,    0
197376,20140828,  211,    0
197376,20140829,  219,    0
197376,20140830,  226,    0
197376,20140831,  236,    0
197376,20140901,  168,    0
197376,20140902,  173,    0
197376,20140903,  176,    0
197376,20140904,  194,    0
197376,20140905,  209,    0
197376,20140906,  215,    0
197376,20140907,  212,    0
197376,20140908,  219,    0
197376,20140909,  228,    0
197376,20140910,  202,    0
197376,20140911,  182,    0
197376,20140912,  161,    0
197376,20140913,  174,    0
197376,20140914,  188,    0
197376,20140915,  189,    0
197376,20140916,  192,    0
197376,20140917,  185,    0
197376,20140918,  182,    0
197376,20140919,  189,    0
197376,20140920,  198,    0
197376,20140921,  212,    0
197376,20140922,  212,    0
197376,20140923,  159,    0
197376,20140924,  146,    0
197376,20140925,  163,    0
197376,20140926,  165,    0
197376,20140927,  173,    0
197376,20140928,  176,    0
197376,20140929,  177,    0
197376,20140930,  185,    0
197376,20141001,  182,    0
197376,20141002,  176,    0
197376,20141003,  163,    0
197376,20141004,  160,    0
197376,20141005,  155,    0
197376,20141006,  151,    0
197376,20141007,  170,    0
197376,20141008,  195,    0
197376,20141009,  182,    0
197376,20141010,  200,    0
197376,20141011,  204,    0
197376,20141012,  187,    0
197376,20141013,  212,    0
197376,20141014,  190,    0
197376,20141015,  178,    0
197376,20141016,  198,    0
197376,20141017,  221,    0
197376,20141018,  199,    0
197376,20141019,  185,    0
197376,20141020,  182,    0
197376,20141021,  203,    0
197376,20141022,  163,    0
197376,20141023,  142,    0
197376,20141024,  155,    0
197376,20141025,  112,    0
197376,20141026,  113,    0
197376,20141027,  104,    0
197376,20141028,   98,    0
197376,20141029,   84,    0
197376,20141030,   87,    0
197376,20141031,   91,    0
197376,20141101,  104,    0
197376,20141102,  112,    0
197376,20141103,  116,    0
197376,20141104,  160,    0
197376,20141105,  168,    0
197376,20141106,  145,    0
197376,20141107,  131,    0
197376,20141108,  137,    0
197376,20141109,  140,    0
197376,20141110,  135,    0
197376,20141111,  137,    0
197376,20141112,  138,    0
197376,20141113,  138,    0
197376,20141114,  125,    0
197376,20141115,  128,    0
197376,20141116,  145,    0
197376,20141117,  112,    0
197376,20141118,  100,    0
197376,20141119,   96,    0
197376,20141120,   72,    0
197376,20141121,   68,    0
197376,20141122,   99,    0
197376,20141123,  108,    0
197376,20141124,   94,    0
197376,20141125,   91,    0
197376,20141126,   83,    0
197376,20141127,   76,    0
197376,20141128,   86,    0
197376,20141129,  115,    0
197376,20141130,  118,    0
197376,20141201,  124,    0
197376,20141202,  103,    0
197376,20141203,   81,    0
197376,20141204,   92,    0
197376,20141205,   92,    0
197376,20141206,  101,    0
197376,20141207,   89,    0
197376,20141208,   78,    0
197376,20141209,   67,    0
197376,20141210,   51,    0
197376,20141211,   36,    0
197376,20141212,   38,    0
197376,20141213,   45,    0
197376,20141214,   59,    0
197376,20141215,   70,    0
197376,20141216,   78,    0
197376,20141217,   94,    0
197376,20141218,   73,    0
197376,20141219,   58,    0
197376,20141220,   52,    0
197376,20141221,   56,    0
197376,20141222,   40,    0
197376,20141223,   26,    0
197376,20141224,   26,    0
197376,20141225,   53,    0
197376,20141226,   44,    0
197376,20141227,    9,    0
197376,20141228,   14,    0
197376,20141229,   14,    0
197376,20141230,   -4,    0
197376,20141231,  -10,    0
197376,20150101,  -12,    0
197376,20150102,   19,    0
197376,20150103,   24,    0
197376,20150104,   39,    0
197376,20150105,   48,    0
197376,20150106,   26,    0
197376,20150107,   32,    0
197376,20150108,   43,    0
197376,20150109,   28,    0
197376,20150110,   29,    0
197376,20150111,   32,    0
197376,20150112,   58,    0
197376,20150113,   33,    0
197376,20150114,   38,    0
197376,20150115,   32,    0
197376,20150116,   95,    0
197376,20150117,  128,    0
197376,20150118,   59,    0
197376,20150119,   34,    0
197376,20150120,   43,    0
197376,20150121,   56,    0
197376,20150122,   57,    0
197376,20150123,   69,    0
197376,20150124,   71,    0
197376,20150125,   57,    0
197376,20150126,   34,    0
197376,20150127,   15,    0
197376,20150128,   17,    0
197376,20150129,   40,    0
197376,20150130,   23,    0
197376,20150131,   33,    0
197376,20150201,   30,    0
197376,20150202,   24,    0
197376,20150203,   42,    0
197376,20150204,   49,    0
197376,20150205,   47,    0
197376,20150206,   27,    0
197376,20150207,   20,    0
197376,20150208,   24,    0
197376,20150209,   20,    0
197376,20150210,   29,    0
197376,20150211,   29,    0
197376,20150212,   40,    0
197376,20150213,   51,    0
197376,20150214,   66,    0
197376,20150215,   60,    0
197376,20150216,   78,    0
197376,20150217,   71,    0
197376,20150218,   43,    0
197376,20150219,   39,    0
197376,20150220,   39,    0
197376,20150221,   73,    0
197376,20150222,   69,    0
197376,20150223,   86,    0
197376,20150224,   66,    0
197376,20150225,   71,    0
197376,20150226,   77,    0
197376,20150227,   81,    0
197376,20150228,   66,    0
197376,20150301,   86,    0
197376,20150302,  106,    0
197376,20150303,   76,    0
197376,20150304,   82,    0
197376,20150305,   77,    0
197376,20150306,   67,    0
197376,20150307,   56,    0
197376,20150308,   56,    0
197376,20150309,   48,    0
197376,20150310,   69,    0
197376,20150311,   90,    0
197376,20150312,   73,    0
197376,20150313,   71,    0
197376,20150314,   69,    0
197376,20150315,   90,    0
197376,20150316,   96,    0
197376,20150317,   98,    0
197376,20150318,   90,    0
197376,20150319,   88,    0
197376,20150320,   80,    0
197376,20150321,  101,    0
197376,20150322,  104,    0
197376,20150323,  110,    0
197376,20150324,  101,    0
197376,20150325,  112,    0
197376,20150326,  118,    0
197376,20150327,  105,    0
197376,20150328,  103,    0
197376,20150329,  123,    0
197376,20150330,  155,    0
197376,20150331,  149,    0
197376,20150401,  132,    0
197376,20150402,  124,    0
197376,20150403,  112,    0
197376,20150404,   75,    0
197376,20150405,   84,    0
197376,20150406,   78,    0
197376,20150407,   74,    0
197376,20150408,  102,    0
197376,20150409,  104,    0
197376,20150410,  114,    0
197376,20150411,  126,    0
197376,20150412,  116,    0
197376,20150413,  158,    0
197376,20150414,  150,    0
197376,20150415,  156,    0
197376,20150416,  191,    0
197376,20150417,  165,    0
197376,20150418,   88,    0
197376,20150419,  105,    0
197376,20150420,  117,    0
197376,20150421,  121,    0
197376,20150422,  200,    0
197376,20150423,  169,    0
197376,20150424,  158,    0
197376,20150425,  150,    0
197376,20150426,  152,    0
197376,20150427,  160,    0
197376,20150428,  140,    0
197376,20150429,  145,    0
197376,20150430,  167,    0
197376,20150501,  184,    0
197376,20150502,  164,    0
197376,20150503,  182,    0
197376,20150504,  166,    0
197376,20150505,  169,    0
197376,20150506,  160,    0
197376,20150507,  189,    0
197376,20150508,  176,    0
197376,20150509,  212,    0
197376,20150510,  162,    0
197376,20150511,  197,    0
197376,20150512,  190,    0
197376,20150513,  192,    0
197376,20150514,  212,    0
197376,20150515,  191,    0
197376,20150516,  163,    0
197376,20150517,  205,    0
197376,20150518,  202,    0
197376,20150519,  196,    0
197376,20150520,  193,    0
197376,20150521,  123,    0
197376,20150522,  128,    0
197376,20150523,  131,    0
197376,20150524,  136,    0
197376,20150525,  176,    0
197376,20150526,  139,    0
197376,20150527,  140,    0
197376,20150528,  118,    0
197376,20150529,  134,    0
197376,20150530,  189,    0
197376,20150531,  168,    0
197376,20150601,  201,    0
197376,20150602,  226,    0
197376,20150603,  188,    0
197376,20150604,  206,    0
197376,20150605,  235,    0
197376,20150606,  230,    0
197376,20150607,  222,    0
197376,20150608,  207,    0
197376,20150609,  191,    0
197376,20150610,  200,    0
197376,20150611,  201,    0
197376,20150612,  257,    0
197376,20150613,  263,    0
197376,20150614,  193,    0
197376,20150615,  212,    0
197376,20150616,  226,    0
197376,20150617,  174,    0
197376,20150618,  186,    0
197376,20150619,  185,    0
197376,20150620,  171,    0
197376,20150621,  135,    0
197376,20150622,  177,    0
197376,20150623,  218,    0
197376,20150624,  186,    0
197376,20150625,  164,    0
197376,20150626,  181,    0
197376,20150627,  216,    0
197376,20150628,  237,    0
197376,20150629,  217,    0
197376,20150630,  273,    0
197376,20150701,  217,    0
197376,20150702,  248,    0
197376,20150703,  235,    0
197376,20150704,  230,    0
197376,20150705,  283,    0
197376,20150706,  274,    0
197376,20150707,  285,    0
197376,20150708,  288,    0
197376,20150709,  233,    0
197376,20150710,  218,    0
197376,20150711,  236,    0
197376,20150712,  226,    0
197376,20150713,  257,    0
197376,20150714,  250,    0
197376,20150715,  238,    0
197376,20150716,  274,    0
197376,20150717,  308,    0
197376,20150718,  279,    0
197376,20150719,  320,    0
197376,20150720,  287,    0
197376,20150721,  262,    0
197376,20150722,  283,    0
197376,20150723,  280,    0
197376,20150724,  277,    0
197376,20150725,  274,    0
197376,20150726,  263,    0
197376,20150727,  261,    0
197376,20150728,  286,    0
197376,20150729,  260,    0
197376,20150730,  253,    0
197376,20150731,  213,    0
197376,20150801,  233,    0
197376,20150802,  218,    0
197376,20150803,  256,    0
197376,20150804,  278,    0
197376,20150805,  273,    0
197376,20150806,  274,    0
197376,20150807,  277,    0
197376,20150808,  258,    0
197376,20150809,  266,    0
197376,20150810,  225,    0
197376,20150811,  237,    0
197376,20150812,  262,    0
197376,20150813,  267,    0
197376,20150814,  270,    0
197376,20150815,  254,    0
197376,20150816,  205,    0
197376,20150817,  227,    0
197376,20150818,  245,    0
197376,20150819,  198,    0
197376,20150820,  190,    0
197376,20150821,  187,    0
197376,20150822,  186,    0
197376,20150823,  188,    0
197376,20150824,  224,    0
197376,20150825,  230,    0
197376,20150826,  223,    0
197376,20150827,  250,    0
197376,20150828,  221,    0
197376,20150829,  263,    0
197376,20150830,  250,    0
197376,20150831,  228,    0
197376,20150901,-9999,    9
197376,20150902,  265,    0
197376,20150903,  250,    0
197376,20150904,  238,    0
197376,20150905,  210,    0
197376,20150906,  176,    0
197376,20150907,  152,    0
197376,20150908,  178,    0
197376,20150909,  164,    0
197376,20150910,  152,    0
197376,20150911,  170,    0
197376,20150912,  200,    0
197376,20150913,  188,    0
197376,20150914,  224,    0
197376,20150915,  214,    0
197376,20150916,  223,    0
197376,20150917,  273,    0
197376,20150918,  253,    0
197376,20150919,  186,    0
197376,20150920,  165,    0
197376,20150921,  149,    0
197376,20150922,  190,    0
197376,20150923,  189,    0
197376,20150924,  141,    0
197376,20150925,  164,    0
197376,20150926,  171,    0
197376,20150927,  163,    0
197376,20150928,  163,    0
197376,20150929,  150,    0
197376,20150930,  139,    0
197376,20151001,  118,    0
197376,20151002,  129,    0
197376,20151003,  168,    0
197376,20151004,  192,    0
197376,20151005,  169,    0
197376,20151006,  171,    0
197376,20151007,  183,    0
197376,20151008,  175,    0
197376,20151009,  158,    0
197376,20151010,  135,    0
197376,20151011,  139,    0
197376,20151012,  189,    0
197376,20151013,  155,    0
197376,20151014,  157,    0
197376,20151015,  149,    0
197376,20151016,  123,    0
197376,20151017,   96,    0
197376,20151018,  120,    0
197376,20151019,  121,    0
197376,20151020,  116,    0
197376,20151021,   94,    0
197376,20151022,  128,    0
197376,20151023,   78,    0
197376,20151024,   89,    0
197376,20151025,   93,    0
197376,20151026,  116,    0
197376,20151027,  123,    0
197376,20151028,  121,    0
197376,20151029,  128,    0
197376,20151030,  134,    0
197376,20151031,  112,    0
197376,20151101,  101,    0
197376,20151102,   86,    0
197376,20151103,   97,    0
197376,20151104,  110,    0
197376,20151105,  121,    0
197376,20151106,  127,    0
197376,20151107,  129,    0
197376,20151108,  129,    0
197376,20151109,  130,    0
197376,20151110,  129,    0
197376,20151111,  105,    0
197376,20151112,  105,    0
197376,20151113,   90,    0
197376,20151114,  102,    0
197376,20151115,  104,    0
197376,20151116,  101,    0
197376,20151117,  101,    0
197376,20151118,   97,    0
197376,20151119,  103,    0
197376,20151120,   93,    0
197376,20151121,   83,    0
197376,20151122,   59,    0
197376,20151123,   45,    0
197376,20151124,   48,    0
197376,20151125,   29,    0
197376,20151126,   45,    0
197376,20151127,   55,    0
197376,20151128,   33,    0
197376,20151129,   26,    0
197376,20151130,   43,    0
197376,20151201,   44,    0
197376,20151202,   40,    0
197376,20151203,   32,    0
197376,20151204,   38,    0
197376,20151205,   60,    0
197376,20151206,   49,    0
197376,20151207,   59,    0
197376,20151208,   72,    0
197376,20151209,   26,    0
197376,20151210,   42,    0
197376,20151211,   17,    0
197376,20151212,   16,    0
197376,20151213,   29,    0
197376,20151214,   51,    0
197376,20151215,   55,    0
197376,20151216,   54,    0
197376,20151217,   55,    0
197376,20151218,   52,    0
197376,20151219,   55,    0
197376,20151220,   57,    0
197376,20151221,   62,    0
197376,20151222,   64,    0
197376,20151223,   47,    0
197376,20151224,   61,    0
197376,20151225,   75,    0
197376,20151226,   61,    0
197376,20151227,   30,    0
197376,20151228,   28,    0
197376,20151229,   22,    0
197376,20151230,   26,    0
197376,20151231,   42,    0
197376,20160101,   17,    0
197376,20160102,   13,    0
197376,20160103,   21,    0
197376,20160104,   20,    0
197376,20160105,   32,    0
197376,20160106,   32,    0
197376,20160107,   35,    0
197376,20160108,   52,    0
197376,20160109,   49,    0
197376,20160110,   82,    0
197376,20160111,  149,    0
197376,20160112,  124,    0
197376,20160113,   87,    0
197376,20160114,   49,    0
197376,20160115,   41,    0
197376,20160116,   26,    0
197376,20160117,   15,    0
197376,20160118,    6,    0
197376,20160119,  -15,    0
197376,20160120,   -8,    0
197376,20160121,   -3,    0
197376,20160122,   16,    0
197376,20160123,    9,    0
197376,20160124,   12,    0
197376,20160125,   30,    0
197376,20160126,   62,    0
197376,20160127,   67,    0
197376,20160128,   76,    0
197376,20160129,   66,    0
197376,20160130,  103,    0
197376,20160131,  111,    0
197376,20160201,   60,    0
197376,20160202,   68,    0
197376,20160203,   80,    0
197376,20160204,   66,    0
197376,20160205,   46,    0
197376,20160206,   53,    0
197376,20160207,   96,    0
197376,20160208,   81,    0
197376,20160209,  107,    0
197376,20160210,   95,    0
197376,20160211,   57,    0
197376,20160212,   68,    0
197376,20160213,   55,    0
197376,20160214,   57,    0
197376,20160215,   65,    0
197376,20160216,   71,    0
197376,20160217,   67,    0
197376,20160218,   82,    0
197376,20160219,   88,    0
197376,20160220,   72,    0
197376,20160221,   83,    0
197376,20160222,   81,    0
197376,20160223,  104,    0
197376,20160224,   80,    0
197376,20160225,   73,    0
197376,20160226,   71,    0
197376,20160227,   73,    0
197376,20160228,   99,    0
197376,20160229,  100,    0
197376,20160301,   87,    0
197376,20160302,  100,    0
197376,20160303,   49,    0
197376,20160304,   87,    0
197376,20160305,  102,    0
197376,20160306,   57,    0
197376,20160307,   60,    0
197376,20160308,   55,    0
197376,20160309,   60,    0
197376,20160310,   85,    0
197376,20160311,   89,    0
197376,20160312,   97,    0
197376,20160313,   96,    0
197376,20160314,   84,    0
197376,20160315,   79,    0
197376,20160316,   76,    0
197376,20160317,   79,    0
197376,20160318,   94,    0
197376,20160319,  118,    0
197376,20160320,  136,    0
197376,20160321,  123,    0
197376,20160322,  112,    0
197376,20160323,   92,    0
197376,20160324,   85,    0
197376,20160325,  106,    0
197376,20160326,  105,    0
197376,20160327,  123,    0
197376,20160328,  141,    0
197376,20160329,  175,    0
197376,20160330,  216,    0
197376,20160331,  141,    0
197376,20160401,  152,    0
197376,20160402,  125,    0
197376,20160403,  147,    0
197376,20160404,  128,    0
197376,20160405,  146,    0
197376,20160406,  150,    0
197376,20160407,  120,    0
197376,20160408,  134,    0
197376,20160409,  118,    0
197376,20160410,  141,    0
197376,20160411,  166,    0
197376,20160412,  167,    0
197376,20160413,  154,    0
197376,20160414,  154,    0
197376,20160415,  183,    0
197376,20160416,  196,    0
197376,20160417,  187,    0
197376,20160418,  188,    0
197376,20160419,  129,    0
197376,20160420,  107,    0
197376,20160421,  116,    0
197376,20160422,  152,    0
197376,20160423,  186,    0
197376,20160424,  115,    0
197376,20160425,   95,    0
197376,20160426,  146,    0
197376,20160427,  158,    0
197376,20160428,  112,    0
197376,20160429,  117,    0
197376,20160430,  185,    0
197376,20160501,  125,    0
197376,20160502,  111,    0
197376,20160503,  176,    0
197376,20160504,  141,    0
197376,20160505,  147,    0
197376,20160506,   92,    0
197376,20160507,-9999,    9
197376,20160508,-9999,    9
197376,20160509,-9999,    9
197376,20160510,-9999,    9
197376,20160511,-9999,    9
197376,20160512,-9999,    9
197376,20160513,-9999,    9
197376,20160514,-9999,    9
197376,20160515,-9999,    9
197376,20160516,-9999,    9
197376,20160517,-9999,    9
197376,20160518,-9999,    9
197376,20160519,-9999,    9
197376,20160520,-9999,    9
197376,20160521,-9999,    9
197376,20160522,-9999,    9
197376,20160523,-9999,    9
197376,20160524,-9999,    9
197376,20160525,-9999,    9
197376,20160526,-9999,    9
197376,20160527,-9999,    9
197376,20160528,-9999,    9
197376,20160529,-9999,    9
197376,20160530,-9999,    9
197376,20160531,-9999,    9
197376,20160601,-9999,    9
197376,20160602,-9999,    9
197376,20160603,-9999,    9
197376,20160604,-9999,    9
197376,20160605,-9999,    9
197376,20160606,-9999,    9
197376,20160607,-9999,    9
197376,20160608,-9999,    9
197376,20160609,-9999,    9
197376,20160610,-9999,    9
197376,20160611,-9999,    9
197376,20160612,-9999,    9
197376,20160613,-9999,    9
197376,20160614,-9999,    9
197376,20160615,-9999,    9
197376,20160616,-9999,    9
197376,20160617,-9999,    9
197376,20160618,-9999,    9
197376,20160619,-9999,    9
197376,20160620,-9999,    9
197376,20160621,-9999,    9
197376,20160622,-9999,    9
197376,20160623,-9999,    9
197376,20160624,-9999,    9
197376,20160625,-9999,    9
197376,20160626,-9999,    9
197376,20160627,-9999,    9
197376,20160628,-9999,    9
197376,20160629,-9999,    9
197376,20160630,-9999,    9
197376,20160701,-9999,    9
197376,20160702,-9999,    9
197376,20160703,-9999,    9
197376,20160704,-9999,    9
197376,20160705,-9999,    9
197376,20160706,-9999,    9
197376,20160707,-9999,    9
197376,20160708,-9999,    9
197376,20160709,-9999,    9
197376,20160710,-9999,    9
197376,20160711,-9999,    9
197376,20160712,-9999,    9
197376,20160713,-9999,    9
197376,20160714,-9999,    9
197376,20160715,-9999,    9
197376,20160716,-9999,    9
197376,20160717,-9999,    9
197376,20160718,-9999,    9
197376,20160719,-9999,    9
197376,20160720,-9999,    9
197376,20160721,-9999,    9
197376,20160722,-9999,    9
197376,20160723,-9999,    9
197376,20160724,-9999,    9
197376,20160725,-9999,    9
197376,20160726,-9999,    9
197376,20160727,-9999,    9
197376,20160728,-9999,    9
197376,20160729,-9999,    9
197376,20160730,-9999,    9
197376,20160731,-9999,    9
197376,20160801,-9999,    9
197376,20160802,-9999,    9
197376,20160803,-9999,    9
197376,20160804,-9999,    9
197376,20160805,-9999,    9
197376,20160806,-9999,    9
197376,20160807,-9999,    9
197376,20160808,-9999,    9
197376,20160809,-9999,    9
197376,20160810,-9999,    9
197376,20160811,-9999,    9
197376,20160812,-9999,    9
197376,20160813,-9999,    9
197376,20160814,-9999,    9
197376,20160815,-9999,    9
197376,20160816,-9999,    9
197376,20160817,-9999,    9
197376,20160818,-9999,    9
197376,20160819,-9999,    9
197376,20160820,-9999,    9
197376,20160821,-9999,    9
197376,20160822,-9999,    9
197376,20160823,-9999,    9
197376,20160824,-9999,    9
197376,20160825,-9999,    9
197376,20160826,-9999,    9
197376,20160827,-9999,    9
197376,20160828,-9999,    9
197376,20160829,-9999,    9
197376,20160830,-9999,    9
197376,20160831,-9999,    9
197376,20160901,-9999,    9
197376,20160902,-9999,    9
197376,20160903,-9999,    9
197376,20160904,-9999,    9
197376,20160905,-9999,    9
197376,20160906,-9999,    9
197376,20160907,-9999,    9
197376,20160908,-9999,    9
197376,20160909,-9999,    9
197376,20160910,-9999,    9
197376,20160911,-9999,    9
197376,20160912,-9999,    9
197376,20160913,-9999,    9
197376,20160914,-9999,    9
197376,20160915,-9999,    9
197376,20160916,-9999,    9
197376,20160917,-9999,    9
197376,20160918,-9999,    9
197376,20160919,-9999,    9
197376,20160920,-9999,    9
197376,20160921,-9999,    9
197376,20160922,-9999,    9
197376,20160923,-9999,    9
197376,20160924,-9999,    9
197376,20160925,-9999,    9
197376,20160926,-9999,    9
197376,20160927,-9999,    9
197376,20160928,-9999,    9
197376,20160929,-9999,    9
197376,20160930,-9999,    9
197376,20161001,-9999,    9
197376,20161002,-9999,    9
197376,20161003,-9999,    9
197376,20161004,-9999,    9
197376,20161005,-9999,    9
197376,20161006,-9999,    9
197376,20161007,-9999,    9
197376,20161008,-9999,    9
197376,20161009,-9999,    9
197376,20161010,-9999,    9
197376,20161011,-9999,    9
197376,20161012,-9999,    9
197376,20161013,-9999,    9
197376,20161014,-9999,    9
197376,20161015,-9999,    9
197376,20161016,-9999,    9
197376,20161017,-9999,    9
197376,20161018,-9999,    9
197376,20161019,-9999,    9
197376,20161020,-9999,    9
197376,20161021,-9999,    9
197376,20161022,-9999,    9
197376,20161023,-9999,    9
197376,20161024,-9999,    9
197376,20161025,-9999,    9
197376,20161026,-9999,    9
197376,20161027,-9999,    9
197376,20161028,-9999,    9
197376,20161029,-9999,    9
197376,20161030,-9999,    9
197376,20161031,-9999,    9
197376,20161101,-9999,    9
197376,20161102,-9999,    9
197376,20161103,-9999,    9
197376,20161104,-9999,    9
197376,20161105,-9999,    9
197376,20161106,-9999,    9
197376,20161107,-9999,    9
197376,20161108,-9999,    9
197376,20161109,-9999,    9
197376,20161110,-9999,    9
197376,20161111,-9999,    9
197376,20161112,-9999,    9
197376,20161113,-9999,    9
197376,20161114,-9999,    9
197376,20161115,-9999,    9
197376,20161116,-9999,    9
197376,20161117,-9999,    9
197376,20161118,-9999,    9
197376,20161119,-9999,    9
197376,20161120,-9999,    9
197376,20161121,-9999,    9
197376,20161122,-9999,    9
197376,20161123,-9999,    9
197376,20161124,-9999,    9
197376,20161125,-9999,    9
197376,20161126,-9999,    9
197376,20161127,-9999,    9
197376,20161128,-9999,    9
197376,20161129,-9999,    9
197376,20161130,-9999,    9
197376,20161201,-9999,    9
197376,20161202,-9999,    9
197376,20161203,-9999,    9
197376,20161204,-9999,    9
197376,20161205,-9999,    9
197376,20161206,-9999,    9
197376,20161207,-9999,    9
197376,20161208,-9999,    9
197376,20161209,-9999,    9
197376,20161210,-9999,    9
197376,20161211,-9999,    9
197376,20161212,-9999,    9
197376,20161213,-9999,    9
197376,20161214,-9999,    9
197376,20161215,-9999,    9
197376,20161216,-9999,    9
197376,20161217,-9999,    9
197376,20161218,-9999,    9
197376,20161219,-9999,    9
197376,20161220,-9999,    9
197376,20161221,-9999,    9
197376,20161222,-9999,    9
197376,20161223,-9999,    9
197376,20161224,-9999,    9
197376,20161225,-9999,    9
197376,20161226,-9999,    9
197376,20161227,-9999,    9
197376,20161228,-9999,    9
197376,20161229,-9999,    9
197376,20161230,-9999,    9
197376,20161231,-9999,    9
197376,20170101,-9999,    9
197376,20170102,-9999,    9
197376,20170103,-9999,    9
197376,20170104,-9999,    9
197376,20170105,-9999,    9
197376,20170106,-9999,    9
197376,20170107,-9999,    9
197376,20170108,-9999,    9
197376,20170109,-9999,    9
197376,20170110,-9999,    9
197376,20170111,-9999,    9
197376,20170112,-9999,    9
197376,20170113,-9999,    9
197376,20170114,-9999,    9
197376,20170115,-9999,    9
197376,20170116,-9999,    9
197376,20170117,-9999,    9
197376,20170118,-9999,    9
197376,20170119,-9999,    9
197376,20170120,-9999,    9
197376,20170121,-9999,    9
197376,20170122,-9999,    9
197376,20170123,-9999,    9
197376,20170124,-9999,    9
197376,20170125,-9999,    9
197376,20170126,-9999,    9
197376,20170127,-9999,    9
197376,20170128,-9999,    9
197376,20170129,-9999,    9
197376,20170130,-9999,    9
197376,20170131,-9999,    9
197376,20170201,-9999,    9
197376,20170202,-9999,    9
197376,20170203,-9999,    9
197376,20170204,-9999,    9
197376,20170205,-9999,    9
197376,20170206,-9999,    9
197376,20170207,-9999,    9
197376,20170208,-9999,    9
197376,20170209,-9999,    9
197376,20170210,-9999,    9
197376,20170211,-9999,    9
197376,20170212,-9999,    9
197376,20170213,-9999,    9
197376,20170214,-9999,    9
197376,20170215,-9999,    9
197376,20170216,-9999,    9
197376,20170217,-9999,    9
197376,20170218,-9999,    9
197376,20170219,-9999,    9
197376,20170220,-9999,    9
197376,20170221,-9999,    9
197376,20170222,-9999,    9
197376,20170223,-9999,    9
197376,20170224,-9999,    9
197376,20170225,-9999,    9
197376,20170226,-9999,    9
197376,20170227,-9999,    9
197376,20170228,-9999,    9
197376,20170301,-9999,    9
197376,20170302,-9999,    9
197376,20170303,-9999,    9
197376,20170304,-9999,    9
197376,20170305,-9999,    9
197376,20170306,-9999,    9
197376,20170307,-9999,    9
197376,20170308,-9999,    9
197376,20170309,-9999,    9
197376,20170310,-9999,    9
197376,20170311,-9999,    9
197376,20170312,-9999,    9
197376,20170313,-9999,    9
197376,20170314,-9999,    9
197376,20170315,-9999,    9
197376,20170316,-9999,    9
197376,20170317,-9999,    9
197376,20170318,-9999,    9
197376,20170319,-9999,    9
197376,20170320,-9999,    9
197376,20170321,-9999,    9
197376,20170322,-9999,    9
197376,20170323,-9999,    9
197376,20170324,-9999,    9
197376,20170325,-9999,    9
197376,20170326,-9999,    9
197376,20170327,-9999,    9
197376,20170328,-9999,    9
197376,20170329,-9999,    9
197376,20170330,-9999,    9
197376,20170331,-9999,    9
197376,20170401,-9999,    9
197376,20170402,-9999,    9
197376,20170403,-9999,    9
197376,20170404,-9999,    9
197376,20170405,-9999,    9
197376,20170406,-9999,    9
197376,20170407,-9999,    9
197376,20170408,-9999,    9
197376,20170409,-9999,    9
197376,20170410,-9999,    9
197376,20170411,-9999,    9
197376,20170412,-9999,    9
197376,20170413,-9999,    9
197376,20170414,-9999,    9
197376,20170415,-9999,    9
197376,20170416,-9999,    9
197376,20170417,-9999,    9
197376,20170418,-9999,    9
197376,20170419,-9999,    9
197376,20170420,-9999,    9
197376,20170421,-9999,    9
197376,20170422,-9999,    9
197376,20170423,-9999,    9
197376,20170424,-9999,    9
197376,20170425,-9999,    9
197376,20170426,-9999,    9
197376,20170427,-9999,    9
197376,20170428,-9999,    9
197376,20170429,-9999,    9
197376,20170430,-9999,    9
197376,20170501,-9999,    9
197376,20170502,-9999,    9
197376,20170503,-9999,    9
197376,20170504,-9999,    9
197376,20170505,-9999,    9
197376,20170506,-9999,    9
197376,20170507,-9999,    9
197376,20170508,-9999,    9
197376,20170509,-9999,    9
197376,20170510,-9999,    9
197376,20170511,-9999,    9
197376,20170512,-9999,    9
197376,20170513,-9999,    9
197376,20170514,-9999,    9
197376,20170515,-9999,    9
197376,20170516,-9999,    9
197376,20170517,-9999,    9
197376,20170518,-9999,    9
197376,20170519,-9999,    9
197376,20170520,-9999,    9
197376,20170521,-9999,    9
197376,20170522,-9999,    9
197376,20170523,-9999,    9
197376,20170524,-9999,    9
197376,20170525,-9999,    9
197376,20170526,-9999,    9
197376,20170527,-9999,    9
197376,20170528,-9999,    9
197376,20170529,-9999,    9
197376,20170530,-9999,    9
197376,20170531,-9999,    9
197376,20170601,-9999,    9
197376,20170602,-9999,    9
197376,20170603,-9999,    9
197376,20170604,-9999,    9
197376,20170605,-9999,    9
197376,20170606,-9999,    9
197376,20170607,-9999,    9
197376,20170608,-9999,    9
197376,20170609,-9999,    9
197376,20170610,-9999,    9
197376,20170611,-9999,    9
197376,20170612,-9999,    9
197376,20170613,-9999,    9
197376,20170614,-9999,    9
197376,20170615,-9999,    9
197376,20170616,-9999,    9
197376,20170617,-9999,    9
197376,20170618,-9999,    9
197376,20170619,-9999,    9
197376,20170620,-9999,    9
197376,20170621,-9999,    9
197376,20170622,-9999,    9
197376,20170623,-9999,    9
197376,20170624,-9999,    9
197376,20170625,-9999,    9
197376,20170626,-9999,    9
197376,20170627,-9999,    9
197376,20170628,-9999,    9
197376,20170629,-9999,    9
197376,20170630,-9999,    9
197376,20170701,-9999,    9
197376,20170702,-9999,    9
197376,20170703,-9999,    9
197376,20170704,-9999,    9
197376,20170705,-9999,    9
197376,20170706,-9999,    9
197376,20170707,-9999,    9
197376,20170708,-9999,    9
197376,20170709,-9999,    9
197376,20170710,-9999,    9
197376,20170711,-9999,    9
197376,20170712,-9999,    9
197376,20170713,-9999,    9
197376,20170714,-9999,    9
197376,20170715,-9999,    9
197376,20170716,-9999,    9
197376,20170717,-9999,    9
197376,20170718,-9999,    9
197376,20170719,-9999,    9
197376,20170720,-9999,    9
197376,20170721,-9999,    9
197376,20170722,-9999,    9
197376,20170723,-9999,    9
197376,20170724,-9999,    9
197376,20170725,-9999,    9
197376,20170726,-9999,    9
197376,20170727,-9999,    9
197376,20170728,-9999,    9
197376,20170729,-9999,    9
197376,20170730,-9999,    9
197376,20170731,-9999,    9
197376,20170801,-9999,    9
197376,20170802,-9999,    9
197376,20170803,-9999,    9
197376,20170804,-9999,    9
197376,20170805,-9999,    9
197376,20170806,-9999,    9
197376,20170807,-9999,    9
197376,20170808,-9999,    9
197376,20170809,-9999,    9
197376,20170810,-9999,    9
197376,20170811,-9999,    9
197376,20170812,-9999,    9
197376,20170813,-9999,    9
197376,20170814,-9999,    9
197376,20170815,-9999,    9
197376,20170816,-9999,    9
197376,20170817,-9999,    9
197376,20170818,-9999,    9
197376,20170819,-9999,    9
197376,20170820,-9999,    9
197376,20170821,-9999,    9
197376,20170822,-9999,    9
197376,20170823,-9999,    9
197376,20170824,-9999,    9
197376,20170825,-9999,    9
197376,20170826,-9999,    9
197376,20170827,-9999,    9
197376,20170828,-9999,    9
197376,20170829,-9999,    9
197376,20170830,-9999,    9
197376,20170831,-9999,    9
197376,20170901,-9999,    9
197376,20170902,-9999,    9
197376,20170903,-9999,    9
197376,20170904,-9999,    9
197376,20170905,-9999,    9
197376,20170906,-9999,    9
197376,20170907,-9999,    9
197376,20170908,-9999,    9
197376,20170909,-9999,    9
197376,20170910,-9999,    9
197376,20170911,-9999,    9
197376,20170912,-9999,    9
197376,20170913,-9999,    9
197376,20170914,-9999,    9
197376,20170915,-9999,    9
197376,20170916,-9999,    9
197376,20170917,-9999,    9
197376,20170918,-9999,    9
197376,20170919,-9999,    9
197376,20170920,-9999,    9
197376,20170921,-9999,    9
197376,20170922,-9999,    9
197376,20170923,-9999,    9
197376,20170924,-9999,    9
197376,20170925,-9999,    9
197376,20170926,-9999,    9
197376,20170927,-9999,    9
197376,20170928,-9999,    9
197376,20170929,-9999,    9
197376,20170930,-9999,    9
197376,20171001,-9999,    9
197376,20171002,-9999,    9
197376,20171003,-9999,    9
197376,20171004,-9999,    9
197376,20171005,-9999,    9
197376,20171006,-9999,    9
197376,20171007,-9999,    9
197376,20171008,-9999,    9
197376,20171009,-9999,    9
197376,20171010,-9999,    9
197376,20171011,-9999,    9
197376,20171012,-9999,    9
197376,20171013,-9999,    9
197376,20171014,-9999,    9
197376,20171015,-9999,    9
197376,20171016,-9999,    9
197376,20171017,-9999,    9
197376,20171018,-9999,    9
197376,20171019,-9999,    9
197376,20171020,-9999,    9
197376,20171021,-9999,    9
197376,20171022,-9999,    9
197376,20171023,-9999,    9
197376,20171024,-9999,    9
197376,20171025,-9999,    9
197376,20171026,-9999,    9
197376,20171027,-9999,    9
197376,20171028,-9999,    9
197376,20171029,-9999,    9
197376,20171030,-9999,    9
197376,20171031,-9999,    9
197376,20171101,-9999,    9
197376,20171102,-9999,    9
197376,20171103,-9999,    9
197376,20171104,-9999,    9
197376,20171105,-9999,    9
197376,20171106,-9999,    9
197376,20171107,-9999,    9
197376,20171108,-9999,    9
197376,20171109,-9999,    9
197376,20171110,-9999,    9
197376,20171111,-9999,    9
197376,20171112,-9999,    9
197376,20171113,-9999,    9
197376,20171114,-9999,    9
197376,20171115,-9999,    9
197376,20171116,-9999,    9
197376,20171117,-9999,    9
197376,20171118,-9999,    9
197376,20171119,-9999,    9
197376,20171120,-9999,    9
197376,20171121,-9999,    9
197376,20171122,-9999,    9
197376,20171123,-9999,    9
197376,20171124,-9999,    9
197376,20171125,-9999,    9
197376,20171126,-9999,    9
197376,20171127,-9999,    9
197376,20171128,-9999,    9
197376,20171129,-9999,    9
197376,20171130,-9999,    9
197376,20171201,-9999,    9
197376,20171202,-9999,    9
197376,20171203,-9999,    9
197376,20171204,-9999,    9
197376,20171205,-9999,    9
197376,20171206,-9999,    9
197376,20171207,-9999,    9
197376,20171208,-9999,    9
197376,20171209,-9999,    9
197376,20171210,-9999,    9
197376,20171211,-9999,    9
197376,20171212,-9999,    9
197376,20171213,-9999,    9
197376,20171214,-9999,    9
197376,20171215,-9999,    9
197376,20171216,-9999,    9
197376,20171217,-9999,    9
197376,20171218,-9999,    9
197376,20171219,-9999,    9
197376,20171220,-9999,    9
197376,20171221,-9999,    9
197376,20171222,-9999,    9
197376,20171223,-9999,    9
197376,20171224,-9999,    9
197376,20171225,-9999,    9
197376,20171226,-9999,    9
197376,20171227,-9999,    9
197376,20171228,-9999,    9
197376,20171229,-9999,    9
197376,20171230,-9999,    9
197376,20171231,-9999,    9
197376,20180101,-9999,    9
197376,20180102,-9999,    9
197376,20180103,-9999,    9
197376,20180104,-9999,    9
197376,20180105,-9999,    9
197376,20180106,-9999,    9
197376,20180107,-9999,    9
197376,20180108,-9999,    9
197376,20180109,-9999,    9
197376,20180110,-9999,    9
197376,20180111,-9999,    9
197376,20180112,-9999,    9
197376,20180113,-9999,    9
197376,20180114,-9999,    9
197376,20180115,-9999,    9
197376,20180116,-9999,    9
197376,20180117,-9999,    9
197376,20180118,-9999,    9
197376,20180119,-9999,    9
197376,20180120,-9999,    9
197376,20180121,-9999,    9
197376,20180122,-9999,    9
197376,20180123,-9999,    9
197376,20180124,-9999,    9
197376,20180125,-9999,    9
197376,20180126,-9999,    9
197376,20180127,-9999,    9
197376,20180128,-9999,    9
197376,20180129,-9999,    9
197376,20180130,-9999,    9
197376,20180131,-9999,    9
197376,20180201,-9999,    9
197376,20180202,-9999,    9
197376,20180203,-9999,    9
197376,20180204,-9999,    9
197376,20180205,-9999,    9
197376,20180206,-9999,    9
197376,20180207,-9999,    9
197376,20180208,-9999,    9
197376,20180209,-9999,    9
197376,20180210,-9999,    9
197376,20180211,-9999,    9
197376,20180212,-9999,    9
197376,20180213,-9999,    9
197376,20180214,-9999,    9
197376,20180215,-9999,    9
197376,20180216,-9999,    9
197376,20180217,-9999,    9
197376,20180218,-9999,    9
197376,20180219,-9999,    9
197376,20180220,-9999,    9
197376,20180221,-9999,    9
197376,20180222,-9999,    9
197376,20180223,-9999,    9
197376,20180224,-9999,    9
197376,20180225,-9999,    9
197376,20180226,-9999,    9
197376,20180227,-9999,    9
197376,20180228,-9999,    9
197376,20180301,-9999,    9
197376,20180302,-9999,    9
197376,20180303,-9999,    9
197376,20180304,-9999,    9
197376,20180305,-9999,    9
197376,20180306,-9999,    9
197376,20180307,-9999,    9
197376,20180308,-9999,    9
197376,20180309,-9999,    9
197376,20180310,-9999,    9
197376,20180311,-9999,    9
197376,20180312,-9999,    9
197376,20180313,-9999,    9
197376,20180314,-9999,    9
197376,20180315,-9999,    9
197376,20180316,-9999,    9
197376,20180317,-9999,    9
197376,20180318,-9999,    9
197376,20180319,-9999,    9
197376,20180320,-9999,    9
197376,20180321,-9999,    9
197376,20180322,-9999,    9
197376,20180323,-9999,    9
197376,20180324,-9999,    9
197376,20180325,-9999,    9
197376,20180326,-9999,    9
197376,20180327,-9999,    9
197376,20180328,-9999,    9
197376,20180329,-9999,    9
197376,20180330,-9999,    9
197376,20180331,-9999,    9
197376,20180401,-9999,    9
197376,20180402,-9999,    9
197376,20180403,-9999,    9
197376,20180404,-9999,    9
197376,20180405,-9999,    9
197376,20180406,-9999,    9
197376,20180407,-9999,    9
197376,20180408,-9999,    9
197376,20180409,-9999,    9
197376,20180410,-9999,    9
197376,20180411,-9999,    9
197376,20180412,-9999,    9
197376,20180413,-9999,    9
197376,20180414,-9999,    9
197376,20180415,-9999,    9
197376,20180416,-9999,    9
197376,20180417,-9999,    9
197376,20180418,-9999,    9
197376,20180419,-9999,    9
197376,20180420,-9999,    9
197376,20180421,-9999,    9
197376,20180422,-9999,    9
197376,20180423,-9999,    9
197376,20180424,-9999,    9
197376,20180425,-9999,    9
197376,20180426,-9999,    9
197376,20180427,-9999,    9
197376,20180428,-9999,    9
197376,20180429,-9999,    9
197376,20180430,-9999,    9
197376,20180501,-9999,    9
197376,20180502,-9999,    9
197376,20180503,-9999,    9
197376,20180504,-9999,    9
197376,20180505,-9999,    9
197376,20180506,-9999,    9
197376,20180507,-9999,    9
197376,20180508,-9999,    9
197376,20180509,-9999,    9
197376,20180510,-9999,    9
197376,20180511,-9999,    9
197376,20180512,-9999,    9
197376,20180513,-9999,    9
197376,20180514,-9999,    9
197376,20180515,-9999,    9
197376,20180516,-9999,    9
197376,20180517,-9999,    9
197376,20180518,-9999,    9
197376,20180519,-9999,    9
197376,20180520,-9999,    9
197376,20180521,-9999,    9
197376,20180522,-9999,    9
197376,20180523,-9999,    9
197376,20180524,-9999,    9
197376,20180525,-9999,    9
197376,20180526,-9999,    9
197376,20180527,-9999,    9
197376,20180528,-9999,    9
197376,20180529,-9999,    9
197376,20180530,-9999,    9
197376,20180531,-9999,    9
197376,20180601,-9999,    9
197376,20180602,-9999,    9
197376,20180603,-9999,    9
197376,20180604,-9999,    9
197376,20180605,-9999,    9
197376,20180606,-9999,    9
197376,20180607,-9999,    9
197376,20180608,-9999,    9
197376,20180609,-9999,    9
197376,20180610,-9999,    9
197376,20180611,-9999,    9
197376,20180612,-9999,    9
197376,20180613,-9999,    9
197376,20180614,-9999,    9
197376,20180615,-9999,    9
197376,20180616,-9999,    9
197376,20180617,-9999,    9
197376,20180618,-9999,    9
197376,20180619,-9999,    9
197376,20180620,-9999,    9
197376,20180621,-9999,    9
197376,20180622,-9999,    9
197376,20180623,-9999,    9
197376,20180624,-9999,    9
197376,20180625,-9999,    9
197376,20180626,-9999,    9
197376,20180627,-9999,    9
197376,20180628,-9999,    9
197376,20180629,-9999,    9
197376,20180630,-9999,    9
197376,20180701,-9999,    9
197376,20180702,-9999,    9
197376,20180703,-9999,    9
197376,20180704,-9999,    9
197376,20180705,-9999,    9
197376,20180706,-9999,    9
197376,20180707,-9999,    9
197376,20180708,-9999,    9
197376,20180709,-9999,    9
197376,20180710,-9999,    9
197376,20180711,-9999,    9
197376,20180712,-9999,    9
197376,20180713,-9999,    9
197376,20180714,-9999,    9
197376,20180715,-9999,    9
197376,20180716,-9999,    9
197376,20180717,-9999,    9
197376,20180718,-9999,    9
197376,20180719,-9999,    9
197376,20180720,-9999,    9
197376,20180721,-9999,    9
197376,20180722,-9999,    9
197376,20180723,-9999,    9
197376,20180724,-9999,    9
197376,20180725,-9999,    9
197376,20180726,-9999,    9
197376,20180727,-9999,    9
197376,20180728,-9999,    9
197376,20180729,-9999,    9
197376,20180730,-9999,    9
197376,20180731,-9999,    9
197376,20180801,-9999,    9
197376,20180802,-9999,    9
197376,20180803,-9999,    9
197376,20180804,-9999,    9
197376,20180805,-9999,    9
197376,20180806,-9999,    9
197376,20180807,-9999,    9
197376,20180808,-9999,    9
197376,20180809,-9999,    9
197376,20180810,-9999,    9
197376,20180811,-9999,    9
197376,20180812,-9999,    9
197376,20180813,-9999,    9
197376,20180814,-9999,    9
197376,20180815,-9999,    9
197376,20180816,-9999,    9
197376,20180817,-9999,    9
197376,20180818,-9999,    9
197376,20180819,-9999,    9
197376,20180820,-9999,    9
197376,20180821,-9999,    9
197376,20180822,-9999,    9
197376,20180823,-9999,    9
197376,20180824,-9999,    9
197376,20180825,-9999,    9
197376,20180826,-9999,    9
197376,20180827,-9999,    9
197376,20180828,-9999,    9
197376,20180829,-9999,    9
197376,20180830,-9999,    9
197376,20180831,-9999,    9
197376,20180901,-9999,    9
197376,20180902,-9999,    9
197376,20180903,-9999,    9
197376,20180904,-9999,    9
197376,20180905,-9999,    9
197376,20180906,-9999,    9
197376,20180907,-9999,    9
197376,20180908,-9999,    9
197376,20180909,-9999,    9
197376,20180910,-9999,    9
197376,20180911,-9999,    9
197376,20180912,-9999,    9
197376,20180913,-9999,    9
197376,20180914,-9999,    9
197376,20180915,-9999,    9
197376,20180916,-9999,    9
197376,20180917,-9999,    9
197376,20180918,-9999,    9
197376,20180919,-9999,    9
197376,20180920,-9999,    9
197376,20180921,-9999,    9
197376,20180922,-9999,    9
197376,20180923,-9999,    9
197376,20180924,-9999,    9
197376,20180925,-9999,    9
197376,20180926,-9999,    9
197376,20180927,-9999,    9
197376,20180928,-9999,    9
197376,20180929,-9999,    9
197376,20180930,-9999,    9
197376,20181001,-9999,    9
197376,20181002,-9999,    9
197376,20181003,-9999,    9
197376,20181004,-9999,    9
197376,20181005,-9999,    9
197376,20181006,-9999,    9
197376,20181007,-9999,    9
197376,20181008,-9999,    9
197376,20181009,-9999,    9
197376,20181010,-9999,    9
197376,20181011,-9999,    9
197376,20181012,-9999,    9
197376,20181013,-9999,    9
197376,20181014,-9999,    9
197376,20181015,-9999,    9
197376,20181016,-9999,    9
197376,20181017,-9999,    9
197376,20181018,-9999,    9
197376,20181019,-9999,    9
197376,20181020,-9999,    9
197376,20181021,-9999,    9
197376,20181022,-9999,    9
197376,20181023,-9999,    9
197376,20181024,-9999,    9
197376,20181025,-9999,    9
197376,20181026,-9999,    9
197376,20181027,-9999,    9
197376,20181028,-9999,    9
197376,20181029,-9999,    9
197376,20181030,-9999,    9
197376,20181031,-9999,    9
197376,20181101,-9999,    9
197376,20181102,-9999,    9
197376,20181103,-9999,    9
197376,20181104,-9999,    9
197376,20181105,-9999,    9
197376,20181106,-9999,    9
197376,20181107,-9999,    9
197376,20181108,-9999,    9
197376,20181109,-9999,    9
197376,20181110,-9999,    9
197376,20181111,-9999,    9
197376,20181112,-9999,    9
197376,20181113,-9999,    9
197376,20181114,-9999,    9
197376,20181115,-9999,    9
197376,20181116,-9999,    9
197376,20181117,-9999,    9
197376,20181118,-9999,    9
197376,20181119,-9999,    9
197376,20181120,-9999,    9
197376,20181121,-9999,    9
197376,20181122,-9999,    9
197376,20181123,-9999,    9
197376,20181124,-9999,    9
197376,20181125,-9999,    9
197376,20181126,-9999,    9
197376,20181127,-9999,    9
197376,20181128,-9999,    9
197376,20181129,-9999,    9
197376,20181130,-9999,    9
197376,20181201,-9999,    9
197376,20181202,-9999,    9
197376,20181203,-9999,    9
197376,20181204,-9999,    9
197376,20181205,-9999,    9
197376,20181206,-9999,    9
197376,20181207,-9999,    9
197376,20181208,-9999,    9
197376,20181209,-9999,    9
197376,20181210,-9999,    9
197376,20181211,-9999,    9
197376,20181212,-9999,    9
197376,20181213,-9999,    9
197376,20181214,-9999,    9
197376,20181215,-9999,    9
197376,20181216,-9999,    9
197376,20181217,-9999,    9
197376,20181218,-9999,    9
197376,20181219,-9999,    9
197376,20181220,-9999,    9
197376,20181221,-9999,    9
197376,20181222,-9999,    9
197376,20181223,-9999,    9
197376,20181224,-9999,    9
197376,20181225,-9999,    9
197376,20181226,-9999,    9
197376,20181227,-9999,    9
197376,20181228,-9999,    9
197376,20181229,-9999,    9
197376,20181230,-9999,    9
197376,20181231,-9999,    9
197376,20190101,-9999,    9
197376,20190102,-9999,    9
197376,20190103,-9999,    9
197376,20190104,-9999,    9
197376,20190105,-9999,    9
197376,20190106,-9999,    9
197376,20190107,-9999,    9
197376,20190108,-9999,    9
197376,20190109,-9999,    9
197376,20190110,-9999,    9
197376,20190111,-9999,    9
197376,20190112,-9999,    9
197376,20190113,-9999,    9
197376,20190114,-9999,    9
197376,20190115,-9999,    9
197376,20190116,-9999,    9
197376,20190117,-9999,    9
197376,20190118,-9999,    9
197376,20190119,-9999,    9
197376,20190120,-9999,    9
197376,20190121,-9999,    9
197376,20190122,-9999,    9
197376,20190123,-9999,    9
197376,20190124,-9999,    9
197376,20190125,-9999,    9
197376,20190126,-9999,    9
197376,20190127,-9999,    9
197376,20190128,-9999,    9
197376,20190129,-9999,    9
197376,20190130,-9999,    9
197376,20190131,-9999,    9
197376,20190201,-9999,    9
197376,20190202,-9999,    9
197376,20190203,-9999,    9
197376,20190204,-9999,    9
197376,20190205,-9999,    9
197376,20190206,-9999,    9
197376,20190207,-9999,    9
197376,20190208,-9999,    9
197376,20190209,-9999,    9
197376,20190210,-9999,    9
197376,20190211,-9999,    9
197376,20190212,-9999,    9
197376,20190213,-9999,    9
197376,20190214,-9999,    9
197376,20190215,-9999,    9
197376,20190216,-9999,    9
197376,20190217,-9999,    9
197376,20190218,-9999,    9
197376,20190219,-9999,    9
197376,20190220,-9999,    9
197376,20190221,-9999,    9
197376,20190222,-9999,    9
197376,20190223,-9999,    9
197376,20190224,-9999,    9
197376,20190225,-9999,    9
197376,20190226,-9999,    9
197376,20190227,-9999,    9
197376,20190228,-9999,    9
197376,20190301,-9999,    9
197376,20190302,-9999,    9
197376,20190303,-9999,    9
197376,20190304,-9999,    9
197376,20190305,-9999,    9
197376,20190306,-9999,    9
197376,20190307,-9999,    9
197376,20190308,-9999,    9
197376,20190309,-9999,    9
197376,20190310,-9999,    9
197376,20190311,-9999,    9
197376,20190312,-9999,    9
197376,20190313,-9999,    9
197376,20190314,-9999,    9
197376,20190315,-9999,    9
197376,20190316,-9999,    9
197376,20190317,-9999,    9
197376,20190318,-9999,    9
197376,20190319,-9999,    9
197376,20190320,-9999,    9
197376,20190321,-9999,    9
197376,20190322,-9999,    9
197376,20190323,-9999,    9
197376,20190324,-9999,    9
197376,20190325,-9999,    9
197376,20190326,-9999,    9
197376,20190327,-9999,    9
197376,20190328,-9999,    9
197376,20190329,-9999,    9
197376,20190330,-9999,    9
197376,20190331,-9999,    9
197376,20190401,-9999,    9
197376,20190402,-9999,    9
197376,20190403,-9999,    9
197376,20190404,-9999,    9
197376,20190405,-9999,    9
197376,20190406,-9999,    9
197376,20190407,-9999,    9
197376,20190408,-9999,    9
197376,20190409,-9999,    9
197376,20190410,-9999,    9
197376,20190411,-9999,    9
197376,20190412,-9999,    9
197376,20190413,-9999,    9
197376,20190414,-9999,    9
197376,20190415,-9999,    9
197376,20190416,-9999,    9
197376,20190417,-9999,    9
197376,20190418,-9999,    9
197376,20190419,-9999,    9
197376,20190420,-9999,    9
197376,20190421,-9999,    9
197376,20190422,-9999,    9
197376,20190423,-9999,    9
197376,20190424,-9999,    9
197376,20190425,-9999,    9
197376,20190426,-9999,    9
197376,20190427,-9999,    9
197376,20190428,-9999,    9
197376,20190429,-9999,    9
197376,20190430,-9999,    9
197376,20190501,-9999,    9
197376,20190502,-9999,    9
197376,20190503,-9999,    9
197376,20190504,-9999,    9
197376,20190505,-9999,    9
197376,20190506,-9999,    9
197376,20190507,-9999,    9
197376,20190508,-9999,    9
197376,20190509,-9999,    9
197376,20190510,-9999,    9
197376,20190511,-9999,    9
197376,20190512,-9999,    9
197376,20190513,-9999,    9
197376,20190514,-9999,    9
197376,20190515,-9999,    9
197376,20190516,-9999,    9
197376,20190517,-9999,    9
197376,20190518,-9999,    9
197376,20190519,-9999,    9
197376,20190520,-9999,    9
197376,20190521,-9999,    9
197376,20190522,-9999,    9
197376,20190523,-9999,    9
197376,20190524,-9999,    9
197376,20190525,-9999,    9
197376,20190526,-9999,    9
197376,20190527,-9999,    9
197376,20190528,-9999,    9
197376,20190529,-9999,    9
197376,20190530,-9999,    9
197376,20190531,-9999,    9
197376,20190601,-9999,    9
197376,20190602,-9999,    9
197376,20190603,-9999,    9
197376,20190604,-9999,    9
197376,20190605,-9999,    9
197376,20190606,-9999,    9
197376,20190607,-9999,    9
197376,20190608,-9999,    9
197376,20190609,-9999,    9
197376,20190610,-9999,    9
197376,20190611,-9999,    9
197376,20190612,-9999,    9
197376,20190613,-9999,    9
197376,20190614,-9999,    9
197376,20190615,-9999,    9
197376,20190616,-9999,    9
197376,20190617,-9999,    9
197376,20190618,-9999,    9
197376,20190619,-9999,    9
197376,20190620,-9999,    9
197376,20190621,-9999,    9
197376,20190622,-9999,    9
197376,20190623,-9999,    9
197376,20190624,-9999,    9
197376,20190625,-9999,    9
197376,20190626,-9999,    9
197376,20190627,-9999,    9
197376,20190628,-9999,    9
197376,20190629,-9999,    9
197376,20190630,-9999,    9
197376,20190701,-9999,    9
197376,20190702,-9999,    9
197376,20190703,-9999,    9
197376,20190704,-9999,    9
197376,20190705,-9999,    9
197376,20190706,-9999,    9
197376,20190707,-9999,    9
197376,20190708,-9999,    9
197376,20190709,-9999,    9
197376,20190710,-9999,    9
197376,20190711,-9999,    9
197376,20190712,-9999,    9
197376,20190713,-9999,    9
197376,20190714,-9999,    9
197376,20190715,-9999,    9
197376,20190716,-9999,    9
197376,20190717,-9999,    9
197376,20190718,-9999,    9
197376,20190719,-9999,    9
197376,20190720,-9999,    9
197376,20190721,-9999,    9
197376,20190722,-9999,    9
197376,20190723,-9999,    9
197376,20190724,-9999,    9
197376,20190725,-9999,    9
197376,20190726,-9999,    9
197376,20190727,-9999,    9
197376,20190728,-9999,    9
197376,20190729,-9999,    9
197376,20190730,-9999,    9
197376,20190731,-9999,    9
197376,20190801,-9999,    9
197376,20190802,-9999,    9
197376,20190803,-9999,    9
197376,20190804,-9999,    9
197376,20190805,-9999,    9
197376,20190806,-9999,    9
197376,20190807,-9999,    9
197376,20190808,-9999,    9
197376,20190809,-9999,    9
197376,20190810,-9999,    9
197376,20190811,-9999,    9
197376,20190812,-9999,    9
197376,20190813,-9999,    9
197376,20190814,-9999,    9
197376,20190815,-9999,    9
197376,20190816,-9999,    9
197376,20190817,-9999,    9
197376,20190818,-9999,    9
197376,20190819,-9999,    9
197376,20190820,-9999,    9
197376,20190821,-9999,    9
197376,20190822,-9999,    9
197376,20190823,-9999,    9
197376,20190824,-9999,    9
197376,20190825,-9999,    9
197376,20190826,-9999,    9
197376,20190827,-9999,    9
197376,20190828,-9999,    9
197376,20190829,-9999,    9
197376,20190830,-9999,    9
197376,20190831,-9999,    9
197376,20190901,-9999,    9
197376,20190902,-9999,    9
197376,20190903,-9999,    9
197376,20190904,-9999,    9
197376,20190905,-9999,    9
197376,20190906,-9999,    9
197376,20190907,-9999,    9
197376,20190908,-9999,    9
197376,20190909,-9999,    9
197376,20190910,-9999,    9
197376,20190911,-9999,    9
197376,20190912,-9999,    9
197376,20190913,-9999,    9
197376,20190914,-9999,    9
197376,20190915,-9999,    9
197376,20190916,-9999,    9
197376,20190917,-9999,    9
197376,20190918,-9999,    9
197376,20190919,-9999,    9
197376,20190920,-9999,    9
197376,20190921,-9999,    9
197376,20190922,-9999,    9
197376,20190923,-9999,    9
197376,20190924,-9999,    9
197376,20190925,-9999,    9
197376,20190926,-9999,    9
197376,20190927,-9999,    9
197376,20190928,-9999,    9
197376,20190929,-9999,    9
197376,20190930,-9999,    9
197376,20191001,-9999,    9
197376,20191002,-9999,    9
197376,20191003,-9999,    9
197376,20191004,-9999,    9
197376,20191005,-9999,    9
197376,20191006,-9999,    9
197376,20191007,-9999,    9
197376,20191008,-9999,    9
197376,20191009,-9999,    9
197376,20191010,-9999,    9
197376,20191011,-9999,    9
197376,20191012,-9999,    9
197376,20191013,-9999,    9
197376,20191014,-9999,    9
197376,20191015,-9999,    9
197376,20191016,-9999,    9
197376,20191017,-9999,    9
197376,20191018,-9999,    9
197376,20191019,-9999,    9
197376,20191020,-9999,    9
197376,20191021,-9999,    9
197376,20191022,-9999,    9
197376,20191023,-9999,    9
197376,20191024,-9999,    9
197376,20191025,-9999,    9
197376,20191026,-9999,    9
197376,20191027,-9999,    9
197376,20191028,-9999,    9
197376,20191029,-9999,    9
197376,20191030,-9999,    9
197376,20191031,-9999,    9
197376,20191101,-9999,    9
197376,20191102,-9999,    9
197376,20191103,-9999,    9
197376,20191104,-9999,    9
197376,20191105,-9999,    9
197376,20191106,-9999,    9
197376,20191107,-9999,    9
197376,20191108,-9999,    9
197376,20191109,-9999,    9
197376,20191110,-9999,    9
197376,20191111,-9999,    9
197376,20191112,-9999,    9
197376,20191113,-9999,    9
197376,20191114,-9999,    9
197376,20191115,-9999,    9
197376,20191116,-9999,    9
197376,20191117,-9999,    9
197376,20191118,-9999,    9
197376,20191119,-9999,    9
197376,20191120,-9999,    9
197376,20191121,-9999,    9
197376,20191122,-9999,    9
197376,20191123,-9999,    9
197376,20191124,-9999,    9
197376,20191125,-9999,    9
197376,20191126,-9999,    9
197376,20191127,-9999,    9
197376,20191128,-9999,    9
197376,20191129,-9999,    9
197376,20191130,-9999,    9
197376,20191201,-9999,    9
197376,20191202,-9999,    9
197376,20191203,-9999,    9
197376,20191204,-9999,    9
197376,20191205,-9999,    9
197376,20191206,-9999,    9
197376,20191207,-9999,    9
197376,20191208,-9999,    9
197376,20191209,-9999,    9
197376,20191210,-9999,    9
197376,20191211,-9999,    9
197376,20191212,-9999,    9
197376,20191213,-9999,    9
197376,20191214,-9999,    9
197376,20191215,-9999,    9
197376,20191216,-9999,    9
197376,20191217,-9999,    9
197376,20191218,-9999,    9
197376,20191219,-9999,    9
197376,20191220,-9999,    9
197376,20191221,-9999,    9
197376,20191222,-9999,    9
197376,20191223,-9999,    9
197376,20191224,-9999,    9
197376,20191225,-9999,    9
197376,20191226,-9999,    9
197376,20191227,-9999,    9
197376,20191228,-9999,    9
197376,20191229,-9999,    9
197376,20191230,-9999,    9
197376,20191231,-9999,    9
197376,20200101,-9999,    9
197376,20200102,-9999,    9
197376,20200103,-9999,    9
197376,20200104,-9999,    9
197376,20200105,-9999,    9
197376,20200106,-9999,    9
197376,20200107,-9999,    9
197376,20200108,-9999,    9
197376,20200109,-9999,    9
197376,20200110,-9999,    9
197376,20200111,-9999,    9
197376,20200112,-9999,    9
197376,20200113,-9999,    9
197376,20200114,-9999,    9
197376,20200115,-9999,    9
197376,20200116,-9999,    9
197376,20200117,-9999,    9
197376,20200118,-9999,    9
197376,20200119,-9999,    9
197376,20200120,-9999,    9
197376,20200121,-9999,    9
197376,20200122,-9999,    9
197376,20200123,-9999,    9
197376,20200124,-9999,    9
197376,20200125,-9999,    9
197376,20200126,-9999,    9
197376,20200127,-9999,    9
197376,20200128,-9999,    9
197376,20200129,-9999,    9
197376,20200130,-9999,    9
197376,20200131,-9999,    9
197376,20200201,-9999,    9
197376,20200202,-9999,    9
197376,20200203,-9999,    9
197376,20200204,-9999,    9
197376,20200205,-9999,    9
197376,20200206,-9999,    9
197376,20200207,-9999,    9
197376,20200208,-9999,    9
197376,20200209,-9999,    9
197376,20200210,-9999,    9
197376,20200211,-9999,    9
197376,20200212,-9999,    9
197376,20200213,-9999,    9
197376,20200214,-9999,    9
197376,20200215,-9999,    9
197376,20200216,-9999,    9
197376,20200217,-9999,    9
197376,20200218,-9999,    9
197376,20200219,-9999,    9
197376,20200220,-9999,    9
197376,20200221,-9999,    9
197376,20200222,-9999,    9
197376,20200223,-9999,    9
197376,20200224,-9999,    9
197376,20200225,-9999,    9
197376,20200226,-9999,    9
197376,20200227,-9999,    9
197376,20200228,-9999,    9
197376,20200229,-9999,    9
197376,20200301,-9999,    9
197376,20200302,-9999,    9
197376,20200303,-9999,    9
197376,20200304,-9999,    9
197376,20200305,-9999,    9
197376,20200306,-9999,    9
197376,20200307,-9999,    9
197376,20200308,-9999,    9
197376,20200309,-9999,    9
197376,20200310,-9999,    9
197376,20200311,-9999,    9
197376,20200312,-9999,    9
197376,20200313,-9999,    9
197376,20200314,-9999,    9
197376,20200315,-9999,    9
197376,20200316,-9999,    9
197376,20200317,-9999,    9
197376,20200318,-9999,    9
197376,20200319,-9999,    9
197376,20200320,-9999,    9
197376,20200321,-9999,    9
197376,20200322,-9999,    9
197376,20200323,-9999,    9
197376,20200324,-9999,    9
197376,20200325,-9999,    9
197376,20200326,-9999,    9
197376,20200327,-9999,    9
197376,20200328,-9999,    9
197376,20200329,-9999,    9
197376,20200330,-9999,    9
197376,20200331,-9999,    9
197376,20200401,-9999,    9
197376,20200402,-9999,    9
197376,20200403,-9999,    9
197376,20200404,-9999,    9
197376,20200405,-9999,    9
197376,20200406,-9999,    9
197376,20200407,-9999,    9
197376,20200408,-9999,    9
197376,20200409,-9999,    9
197376,20200410,-9999,    9
197376,20200411,-9999,    9
197376,20200412,-9999,    9
197376,20200413,-9999,    9
197376,20200414,-9999,    9
197376,20200415,-9999,    9
197376,20200416,-9999,    9
197376,20200417,-9999,    9
197376,20200418,-9999,    9
197376,20200419,-9999,    9
197376,20200420,-9999,    9
197376,20200421,-9999,    9
197376,20200422,-9999,    9
197376,20200423,-9999,    9
197376,20200424,-9999,    9
197376,20200425,-9999,    9
197376,20200426,-9999,    9
197376,20200427,-9999,    9
197376,20200428,-9999,    9
197376,20200429,-9999,    9
197376,20200430,-9999,    9
197376,20200501,-9999,    9
197376,20200502,-9999,    9
197376,20200503,-9999,    9
197376,20200504,-9999,    9
197376,20200505,-9999,    9
197376,20200506,-9999,    9
197376,20200507,-9999,    9
197376,20200508,-9999,    9
197376,20200509,-9999,    9
197376,20200510,-9999,    9
197376,20200511,-9999,    9
197376,20200512,-9999,    9
197376,20200513,-9999,    9
197376,20200514,-9999,    9
197376,20200515,-9999,    9
197376,20200516,-9999,    9
197376,20200517,-9999,    9
197376,20200518,-9999,    9
197376,20200519,-9999,    9
197376,20200520,-9999,    9
197376,20200521,-9999,    9
197376,20200522,-9999,    9
197376,20200523,-9999,    9
197376,20200524,-9999,    9
197376,20200525,-9999,    9
197376,20200526,-9999,    9
197376,20200527,-9999,    9
197376,20200528,-9999,    9
197376,20200529,-9999,    9
197376,20200530,-9999,    9
197376,20200531,-9999,    9
197376,20200601,-9999,    9
197376,20200602,-9999,    9
197376,20200603,-9999,    9
197376,20200604,-9999,    9
197376,20200605,-9999,    9
197376,20200606,-9999,    9
197376,20200607,-9999,    9
197376,20200608,-9999,    9
197376,20200609,-9999,    9
197376,20200610,-9999,    9
197376,20200611,-9999,    9
197376,20200612,-9999,    9
197376,20200613,-9999,    9
197376,20200614,-9999,    9
197376,20200615,-9999,    9
197376,20200616,-9999,    9
197376,20200617,-9999,    9
197376,20200618,-9999,    9
197376,20200619,-9999,    9
197376,20200620,-9999,    9
197376,20200621,-9999,    9
197376,20200622,-9999,    9
197376,20200623,-9999,    9
197376,20200624,-9999,    9
197376,20200625,-9999,    9
197376,20200626,-9999,    9
197376,20200627,-9999,    9
197376,20200628,-9999,    9
197376,20200629,-9999,    9
197376,20200630,-9999,    9
197376,20200701,-9999,    9
197376,20200702,-9999,    9
197376,20200703,-9999,    9
197376,20200704,-9999,    9
197376,20200705,-9999,    9
197376,20200706,-9999,    9
197376,20200707,-9999,    9
197376,20200708,-9999,    9
197376,20200709,-9999,    9
197376,20200710,-9999,    9
197376,20200711,-9999,    9
197376,20200712,-9999,    9
197376,20200713,-9999,    9
197376,20200714,-9999,    9
197376,20200715,-9999,    9
197376,20200716,-9999,    9
197376,20200717,-9999,    9
197376,20200718,-9999,    9
197376,20200719,-9999,    9
197376,20200720,-9999,    9
197376,20200721,-9999,    9
197376,20200722,-9999,    9
197376,20200723,-9999,    9
197376,20200724,-9999,    9
197376,20200725,-9999,    9
197376,20200726,-9999,    9
197376,20200727,-9999,    9
197376,20200728,-9999,    9
197376,20200729,-9999,    9
197376,20200730,-9999,    9
197376,20200731,-9999,    9
197376,20200801,-9999,    9
197376,20200802,-9999,    9
197376,20200803,-9999,    9
197376,20200804,-9999,    9
197376,20200805,-9999,    9
197376,20200806,-9999,    9
197376,20200807,-9999,    9
197376,20200808,-9999,    9
197376,20200809,-9999,    9
197376,20200810,-9999,    9
197376,20200811,-9999,    9
197376,20200812,-9999,    9
197376,20200813,-9999,    9
197376,20200814,-9999,    9
197376,20200815,-9999,    9
197376,20200816,-9999,    9
197376,20200817,-9999,    9
197376,20200818,-9999,    9
197376,20200819,-9999,    9
197376,20200820,-9999,    9
197376,20200821,-9999,    9
197376,20200822,-9999,    9
197376,20200823,-9999,    9
197376,20200824,-9999,    9
197376,20200825,-9999,    9
197376,20200826,-9999,    9
197376,20200827,-9999,    9
197376,20200828,-9999,    9
197376,20200829,-9999,    9
197376,20200830,-9999,    9
197376,20200831,-9999,    9
197376,20200901,-9999,    9
197376,20200902,-9999,    9
197376,20200903,-9999,    9
197376,20200904,-9999,    9
197376,20200905,-9999,    9
197376,20200906,-9999,    9
197376,20200907,-9999,    9
197376,20200908,-9999,    9
197376,20200909,-9999,    9
197376,20200910,-9999,    9
197376,20200911,-9999,    9
197376,20200912,-9999,    9
197376,20200913,-9999,    9
197376,20200914,-9999,    9
197376,20200915,-9999,    9
197376,20200916,-9999,    9
197376,20200917,-9999,    9
197376,20200918,-9999,    9
197376,20200919,-9999,    9
197376,20200920,-9999,    9
197376,20200921,-9999,    9
197376,20200922,-9999,    9
197376,20200923,-9999,    9
197376,20200924,-9999,    9
197376,20200925,-9999,    9
197376,20200926,-9999,    9
197376,20200927,-9999,    9
197376,20200928,-9999,    9
197376,20200929,-9999,    9
197376,20200930,-9999,    9
197376,20201001,-9999,    9
197376,20201002,-9999,    9
197376,20201003,-9999,    9
197376,20201004,-9999,    9
197376,20201005,-9999,    9
197376,20201006,-9999,    9
197376,20201007,-9999,    9
197376,20201008,-9999,    9
197376,20201009,-9999,    9
197376,20201010,-9999,    9
197376,20201011,-9999,    9
197376,20201012,-9999,    9
197376,20201013,-9999,    9
197376,20201014,-9999,    9
197376,20201015,-9999,    9
197376,20201016,-9999,    9
197376,20201017,-9999,    9
197376,20201018,-9999,    9
197376,20201019,-9999,    9
197376,20201020,-9999,    9
197376,20201021,-9999,    9
197376,20201022,-9999,    9
197376,20201023,-9999,    9
197376,20201024,-9999,    9
197376,20201025,-9999,    9
197376,20201026,-9999,    9
197376,20201027,-9999,    9
197376,20201028,-9999,    9
197376,20201029,-9999,    9
197376,20201030,-9999,    9
197376,20201031,-9999,    9
197376,20201101,-9999,    9
197376,20201102,-9999,    9
197376,20201103,-9999,    9
197376,20201104,-9999,    9
197376,20201105,-9999,    9
197376,20201106,-9999,    9
197376,20201107,-9999,    9
197376,20201108,-9999,    9
197376,20201109,-9999,    9
197376,20201110,-9999,    9
197376,20201111,-9999,    9
197376,20201112,-9999,    9
197376,20201113,-9999,    9
197376,20201114,-9999,    9
197376,20201115,-9999,    9
197376,20201116,-9999,    9
197376,20201117,-9999,    9
197376,20201118,-9999,    9
197376,20201119,-9999,    9
197376,20201120,-9999,    9
197376,20201121,-9999,    9
197376,20201122,-9999,    9
197376,20201123,-9999,    9
197376,20201124,-9999,    9
197376,20201125,-9999,    9
197376,20201126,-9999,    9
197376,20201127,-9999,    9
197376,20201128,-9999,    9
197376,20201129,-9999,    9
197376,20201130,-9999,    9
197376,20201201,-9999,    9
197376,20201202,-9999,    9
197376,20201203,-9999,    9
197376,20201204,-9999,    9
197376,20201205,-9999,    9
197376,20201206,-9999,    9
197376,20201207,-9999,    9
197376,20201208,-9999,    9
197376,20201209,-9999,    9
197376,20201210,-9999,    9
197376,20201211,-9999,    9
197376,20201212,-9999,    9
197376,20201213,-9999,    9
197376,20201214,-9999,    9
197376,20201215,-9999,    9
197376,20201216,-9999,    9
197376,20201217,-9999,    9
197376,20201218,-9999,    9
197376,20201219,-9999,    9
197376,20201220,-9999,    9
197376,20201221,-9999,    9
197376,20201222,-9999,    9
197376,20201223,-9999,    9
197376,20201224,-9999,    9
197376,20201225,-9999,    9
197376,20201226,-9999,    9
197376,20201227,-9999,    9
197376,20201228,-9999,    9
197376,20201229,-9999,    9
197376,20201230,-9999,    9
197376,20201231,-9999,    9
197376,20210101,-9999,    9
197376,20210102,-9999,    9
197376,20210103,-9999,    9
197376,20210104,-9999,    9
197376,20210105,-9999,    9
197376,20210106,-9999,    9
197376,20210107,-9999,    9
197376,20210108,-9999,    9
197376,20210109,-9999,    9
197376,20210110,-9999,    9
197376,20210111,-9999,    9
197376,20210112,-9999,    9
197376,20210113,-9999,    9
197376,20210114,-9999,    9
197376,20210115,-9999,    9
197376,20210116,-9999,    9
197376,20210117,-9999,    9
197376,20210118,-9999,    9
197376,20210119,-9999,    9
197376,20210120,-9999,    9
197376,20210121,-9999,    9
197376,20210122,-9999,    9
197376,20210123,-9999,    9
197376,20210124,-9999,    9
197376,20210125,-9999,    9
197376,20210126,-9999,    9
197376,20210127,-9999,    9
197376,20210128,-9999,    9
197376,20210129,-9999,    9
197376,20210130,-9999,    9
197376,20210131,-9999,    9
197376,20210201,-9999,    9
197376,20210202,-9999,    9
197376,20210203,-9999,    9
197376,20210204,-9999,    9
197376,20210205,-9999,    9
197376,20210206,-9999,    9
197376,20210207,-9999,    9
197376,20210208,-9999,    9
197376,20210209,-9999,    9
197376,20210210,-9999,    9
197376,20210211,-9999,    9
197376,20210212,-9999,    9
197376,20210213,-9999,    9
197376,20210214,-9999,    9
197376,20210215,-9999,    9
197376,20210216,-9999,    9
197376,20210217,-9999,    9
197376,20210218,-9999,    9
197376,20210219,-9999,    9
197376,20210220,-9999,    9
197376,20210221,-9999,    9
197376,20210222,-9999,    9
197376,20210223,-9999,    9
197376,20210224,-9999,    9
197376,20210225,-9999,    9
197376,20210226,-9999,    9
197376,20210227,-9999,    9
197376,20210228,-9999,    9
197376,20210301,-9999,    9
197376,20210302,-9999,    9
197376,20210303,-9999,    9
197376,20210304,-9999,    9
197376,20210305,-9999,    9
197376,20210306,-9999,    9
197376,20210307,-9999,    9
197376,20210308,-9999,    9
197376,20210309,-9999,    9
197376,20210310,-9999,    9
197376,20210311,-9999,    9
197376,20210312,-9999,    9
197376,20210313,-9999,    9
197376,20210314,-9999,    9
197376,20210315,-9999,    9
197376,20210316,-9999,    9
197376,20210317,-9999,    9
197376,20210318,-9999,    9
197376,20210319,-9999,    9
197376,20210320,-9999,    9
197376,20210321,-9999,    9
197376,20210322,-9999,    9
197376,20210323,-9999,    9
197376,20210324,-9999,    9
197376,20210325,-9999,    9
197376,20210326,-9999,    9
197376,20210327,-9999,    9
197376,20210328,-9999,    9
197376,20210329,-9999,    9
197376,20210330,-9999,    9
197376,20210331,-9999,    9
