EUROPEAN CLIMATE ASSESSMENT & DATASET (ECA&D), file created on 12-05-2021
THESE DATA CAN BE USED FREELY PROVIDED THAT THE FOLLOWING SOURCE IS ACKNOWLEDGED:

Klein Tank, A.M.G. and Coauthors, 2002. Daily dataset of 20th-century surface
air temperature and precipitation series for the European Climate Assessment.
Int. J. of Climatol., 22, 1441-1453.
Data and metadata available at http://www.ecad.eu

FILE FORMAT (MISSING VALUE CODE IS -9999):

01-06 SOUID: Source identifier
08-15 DATE : Date YYYYMMDD
17-21 TG   : mean temperature in 0.1 &#176;C
23-27 Q_TG : Quality code for TG (0='valid'; 1='suspect'; 9='missing')

This is the blended series of station ITALY, BORGONOVO_-_GENESI (STAID: 21780).
Blended and updated with sources: 218216 
See file sources.txt and stations.txt for more info.

 SOUID,    DATE,   TG, Q_TG
218216,20200501,-9999,    9
218216,20200502,-9999,    9
218216,20200503,-9999,    9
218216,20200504,-9999,    9
218216,20200505,-9999,    9
218216,20200506,-9999,    9
218216,20200507,-9999,    9
218216,20200508,-9999,    9
218216,20200509,-9999,    9
218216,20200510,-9999,    9
218216,20200511,-9999,    9
218216,20200512,-9999,    9
218216,20200513,-9999,    9
218216,20200514,-9999,    9
218216,20200515,-9999,    9
218216,20200516,-9999,    9
218216,20200517,-9999,    9
218216,20200518,-9999,    9
218216,20200519,-9999,    9
218216,20200520,-9999,    9
218216,20200521,-9999,    9
218216,20200522,-9999,    9
218216,20200523,-9999,    9
218216,20200524,-9999,    9
218216,20200525,-9999,    9
218216,20200526,-9999,    9
218216,20200527,-9999,    9
218216,20200528,-9999,    9
218216,20200529,-9999,    9
218216,20200530,-9999,    9
218216,20200531,  180,    0
218216,20200601,  199,    0
218216,20200602,  228,    0
218216,20200603,  207,    0
218216,20200604,  161,    0
218216,20200605,  201,    0
218216,20200606,  205,    0
218216,20200607,  190,    0
218216,20200608,  171,    0
218216,20200609,  169,    0
218216,20200610,  156,    0
218216,20200611,  164,    0
218216,20200612,  189,    0
218216,20200613,  202,    0
218216,20200614,  204,    0
218216,20200615,  211,    0
218216,20200616,  212,    0
218216,20200617,  192,    0
218216,20200618,  194,    0
218216,20200619,  189,    0
218216,20200620,  201,    0
218216,20200621,  236,    0
218216,20200622,  240,    0
218216,20200623,  248,    0
218216,20200624,  246,    0
218216,20200625,  234,    0
218216,20200626,  237,    0
218216,20200627,  249,    0
218216,20200628,  250,    0
218216,20200629,  256,    0
218216,20200630,  250,    0
218216,20200701,  250,    0
218216,20200702,  249,    0
218216,20200703,  222,    0
218216,20200704,  220,    0
218216,20200705,  241,    0
218216,20200706,  257,    0
218216,20200707,  213,    0
218216,20200708,  212,    0
218216,20200709,  236,    0
218216,20200710,  258,    0
218216,20200711,  245,    0
218216,20200712,  225,    0
218216,20200713,  208,    0
218216,20200714,  203,    0
218216,20200715,  213,    0
218216,20200716,  227,    0
218216,20200717,  234,    0
218216,20200718,  227,    0
218216,20200719,  232,    0
218216,20200720,  249,    0
218216,20200721,  256,    0
218216,20200722,  273,    0
218216,20200723,  257,    0
218216,20200724,  198,    0
218216,20200725,  232,    0
218216,20200726,  242,    0
218216,20200727,  253,    0
218216,20200728,  270,    0
218216,20200729,  278,    0
218216,20200730,  292,    0
218216,20200731,  297,    0
218216,20200801,  296,    0
218216,20200802,  254,    0
218216,20200803,  195,    0
218216,20200804,  205,    0
218216,20200805,  212,    0
218216,20200806,  233,    0
218216,20200807,  250,    0
218216,20200808,  260,    0
218216,20200809,  264,    0
218216,20200810,  267,    0
218216,20200811,  265,    0
218216,20200812,  263,    0
218216,20200813,  253,    0
218216,20200814,  255,    0
218216,20200815,  245,    0
218216,20200816,  233,    0
218216,20200817,  223,    0
218216,20200818,  232,    0
218216,20200819,  237,    0
218216,20200820,  251,    0
218216,20200821,  265,    0
218216,20200822,  265,    0
218216,20200823,  242,    0
218216,20200824,  224,    0
218216,20200825,  231,    0
218216,20200826,  247,    0
218216,20200827,  250,    0
218216,20200828,  247,    0
218216,20200829,  192,    0
218216,20200830,  218,    0
218216,20200831,-9999,    9
218216,20200901,  192,    0
218216,20200902,  176,    0
218216,20200903,  194,    0
218216,20200904,  209,    0
218216,20200905,  220,    0
218216,20200906,  220,    0
218216,20200907,  194,    0
218216,20200908,  213,    0
218216,20200909,  214,    0
218216,20200910,  219,    0
218216,20200911,  217,    0
218216,20200912,  224,    0
218216,20200913,  230,    0
218216,20200914,  224,    0
218216,20200915,  219,    0
218216,20200916,  229,    0
218216,20200917,  227,    0
218216,20200918,  218,    0
218216,20200919,  192,    0
218216,20200920,  196,    0
218216,20200921,  187,    0
218216,20200922,  177,    0
218216,20200923,  185,    0
218216,20200924,  193,    0
218216,20200925,  143,    0
218216,20200926,  144,    0
218216,20200927,  113,    0
218216,20200928,  133,    0
218216,20200929,  156,    0
218216,20200930,  171,    0
218216,20201001,  158,    0
218216,20201002,  159,    0
218216,20201003,  162,    0
218216,20201004,  141,    0
218216,20201005,  128,    0
218216,20201006,  134,    0
218216,20201007,  159,    0
218216,20201008,  140,    0
218216,20201009,  143,    0
218216,20201010,  153,    0
218216,20201011,  108,    0
218216,20201012,  106,    0
218216,20201013,   93,    0
218216,20201014,  109,    0
218216,20201015,   99,    0
218216,20201016,  111,    0
218216,20201017,  105,    0
218216,20201018,  106,    0
218216,20201019,  111,    0
218216,20201020,  106,    0
218216,20201021,  116,    0
218216,20201022,  120,    0
218216,20201023,  122,    0
218216,20201024,  135,    0
218216,20201025,  127,    0
218216,20201026,  131,    0
218216,20201027,  106,    0
218216,20201028,  105,    0
218216,20201029,  108,    0
218216,20201030,  115,    0
218216,20201031,-9999,    9
218216,20201101,-9999,    9
218216,20201102,-9999,    9
218216,20201103,-9999,    9
218216,20201104,-9999,    9
218216,20201105,-9999,    9
218216,20201106,-9999,    9
218216,20201107,-9999,    9
218216,20201108,-9999,    9
218216,20201109,-9999,    9
218216,20201110,-9999,    9
218216,20201111,-9999,    9
218216,20201112,-9999,    9
218216,20201113,-9999,    9
218216,20201114,-9999,    9
218216,20201115,-9999,    9
218216,20201116,-9999,    9
218216,20201117,-9999,    9
218216,20201118,-9999,    9
218216,20201119,-9999,    9
218216,20201120,-9999,    9
218216,20201121,-9999,    9
218216,20201122,-9999,    9
218216,20201123,-9999,    9
218216,20201124,-9999,    9
218216,20201125,-9999,    9
218216,20201126,-9999,    9
218216,20201127,-9999,    9
218216,20201128,-9999,    9
218216,20201129,-9999,    9
218216,20201130,-9999,    9
218216,20201201,-9999,    9
218216,20201202,-9999,    9
218216,20201203,-9999,    9
218216,20201204,-9999,    9
218216,20201205,-9999,    9
218216,20201206,-9999,    9
218216,20201207,-9999,    9
218216,20201208,-9999,    9
218216,20201209,-9999,    9
218216,20201210,-9999,    9
218216,20201211,-9999,    9
218216,20201212,-9999,    9
218216,20201213,-9999,    9
218216,20201214,-9999,    9
218216,20201215,-9999,    9
218216,20201216,-9999,    9
218216,20201217,-9999,    9
218216,20201218,-9999,    9
218216,20201219,-9999,    9
218216,20201220,-9999,    9
218216,20201221,-9999,    9
218216,20201222,-9999,    9
218216,20201223,-9999,    9
218216,20201224,-9999,    9
218216,20201225,-9999,    9
218216,20201226,-9999,    9
218216,20201227,-9999,    9
218216,20201228,-9999,    9
218216,20201229,-9999,    9
218216,20201230,-9999,    9
218216,20201231,   -9,    0
218216,20210101,    4,    0
218216,20210102,    9,    0
218216,20210103,   16,    0
218216,20210104,   18,    0
218216,20210105,    6,    0
218216,20210106,   19,    0
218216,20210107,   18,    0
218216,20210108,   14,    0
218216,20210109,   -5,    0
218216,20210110,   -1,    0
218216,20210111,  -22,    0
218216,20210112,  -12,    0
218216,20210113,   50,    0
218216,20210114,   20,    0
218216,20210115,   14,    0
218216,20210116,   -8,    0
218216,20210117,    4,    0
218216,20210118,  -25,    0
218216,20210119,  -17,    0
218216,20210120,   13,    0
218216,20210121,   21,    0
218216,20210122,   25,    0
218216,20210123,   58,    0
218216,20210124,   35,    0
218216,20210125,   36,    0
218216,20210126,   55,    0
218216,20210127,   18,    0
218216,20210128,   24,    0
218216,20210129,   45,    0
218216,20210130,   60,    0
218216,20210131,   64,    0
218216,20210201,   47,    0
218216,20210202,   36,    0
218216,20210203,   46,    0
218216,20210204,   73,    0
218216,20210205,   77,    0
218216,20210206,   80,    0
218216,20210207,   75,    0
218216,20210208,   66,    0
218216,20210209,   71,    0
218216,20210210,   68,    0
218216,20210211,   63,    0
218216,20210212,   19,    0
218216,20210213,  -18,    0
218216,20210214,   -1,    0
218216,20210215,    2,    0
218216,20210216,   35,    0
218216,20210217,   62,    0
218216,20210218,   58,    0
218216,20210219,   82,    0
218216,20210220,   88,    0
218216,20210221,   80,    0
218216,20210222,   81,    0
218216,20210223,   95,    0
218216,20210224,  110,    0
218216,20210225,  111,    0
218216,20210226,  106,    0
218216,20210227,   97,    0
218216,20210228,   67,    0
218216,20210301,   60,    0
218216,20210302,   69,    0
218216,20210303,   69,    0
218216,20210304,   73,    0
218216,20210305,   97,    0
218216,20210306,   61,    0
218216,20210307,   45,    0
218216,20210308,   59,    0
218216,20210309,   56,    0
218216,20210310,   67,    0
218216,20210311,   71,    0
218216,20210312,   98,    0
218216,20210313,   92,    0
218216,20210314,   85,    0
218216,20210315,  106,    0
218216,20210316,  100,    0
218216,20210317,   73,    0
218216,20210318,   43,    0
218216,20210319,   39,    0
218216,20210320,   38,    0
218216,20210321,   36,    0
218216,20210322,   62,    0
218216,20210323,   60,    0
218216,20210324,   88,    0
218216,20210325,   99,    0
218216,20210326,  110,    0
218216,20210327,  109,    0
218216,20210328,  117,    0
218216,20210329,  134,    0
218216,20210330,  147,    0
218216,20210331,-9999,    9
