EUROPEAN CLIMATE ASSESSMENT & DATASET (ECA&D), file created on 12-05-2021
THESE DATA CAN BE USED FREELY PROVIDED THAT THE FOLLOWING SOURCE IS ACKNOWLEDGED:

Klein Tank, A.M.G. and Coauthors, 2002. Daily dataset of 20th-century surface
air temperature and precipitation series for the European Climate Assessment.
Int. J. of Climatol., 22, 1441-1453.
Data and metadata available at http://www.ecad.eu

FILE FORMAT (MISSING VALUE CODE IS -9999):

01-06 SOUID: Source identifier
08-15 DATE : Date YYYYMMDD
17-21 TG   : mean temperature in 0.1 &#176;C
23-27 Q_TG : Quality code for TG (0='valid'; 1='suspect'; 9='missing')

This is the blended series of station ITALY, OSPITALMONACALE (STAID: 17707).
Blended and updated with sources: 194176 196320 
See file sources.txt and stations.txt for more info.

 SOUID,    DATE,   TG, Q_TG
196320,20121201,-9999,    9
196320,20121202,-9999,    9
196320,20121203,-9999,    9
196320,20121204,-9999,    9
196320,20121205,-9999,    9
196320,20121206,-9999,    9
196320,20121207,-9999,    9
196320,20121208,-9999,    9
196320,20121209,-9999,    9
196320,20121210,-9999,    9
196320,20121211,-9999,    9
196320,20121212,-9999,    9
196320,20121213,-9999,    9
196320,20121214,-9999,    9
196320,20121215,-9999,    9
196320,20121216,-9999,    9
196320,20121217,-9999,    9
196320,20121218,-9999,    9
196320,20121219,-9999,    9
196320,20121220,-9999,    9
196320,20121221,-9999,    9
196320,20121222,-9999,    9
196320,20121223,-9999,    9
196320,20121224,-9999,    9
196320,20121225,-9999,    9
196320,20121226,-9999,    9
196320,20121227,-9999,    9
196320,20121228,-9999,    9
196320,20121229,-9999,    9
196320,20121230,-9999,    9
196320,20121231,    0,    0
196320,20130101,   20,    0
196320,20130102,   33,    0
196320,20130103,   58,    0
196320,20130104,   32,    0
196320,20130105,   27,    0
196320,20130106,   14,    0
196320,20130107,   21,    0
196320,20130108,   49,    0
196320,20130109,   53,    0
196320,20130110,   46,    0
196320,20130111,   31,    0
196320,20130112,   40,    0
196320,20130113,   38,    0
196320,20130114,   28,    0
196320,20130115,   24,    0
196320,20130116,   26,    0
196320,20130117,   18,    0
196320,20130118,   17,    0
196320,20130119,    5,    0
196320,20130120,   28,    0
196320,20130121,   33,    0
196320,20130122,   35,    0
196320,20130123,   32,    0
196320,20130124,   55,    0
196320,20130125,   42,    0
196320,20130126,   15,    0
196320,20130127,    5,    0
196320,20130128,   15,    0
196320,20130129,   16,    0
196320,20130130,   20,    0
196320,20130131,   29,    0
196320,20130201,   22,    0
196320,20130202,   36,    0
196320,20130203,   50,    0
196320,20130204,   46,    0
196320,20130205,   31,    0
196320,20130206,   34,    0
196320,20130207,   34,    0
196320,20130208,   22,    0
196320,20130209,   19,    0
196320,20130210,   12,    0
196320,20130211,    4,    0
196320,20130212,   17,    0
196320,20130213,   13,    0
196320,20130214,   35,    0
196320,20130215,   24,    0
196320,20130216,   35,    0
196320,20130217,   35,    0
196320,20130218,   26,    0
196320,20130219,   29,    0
196320,20130220,   25,    0
196320,20130221,   21,    0
196320,20130222,    1,    0
196320,20130223,    6,    0
196320,20130224,   35,    0
196320,20130225,   27,    0
196320,20130226,   37,    0
196320,20130227,   36,    0
196320,20130228,   57,    0
196320,20130301,   50,    0
196320,20130302,   39,    0
196320,20130303,   49,    0
196320,20130304,   55,    0
196320,20130305,   62,    0
196320,20130306,   87,    0
196320,20130307,   91,    0
196320,20130308,   96,    0
196320,20130309,  116,    0
196320,20130310,  111,    0
196320,20130311,  102,    0
196320,20130312,   96,    0
196320,20130313,   94,    0
196320,20130314,   67,    0
196320,20130315,   40,    0
196320,20130316,   37,    0
196320,20130317,   60,    0
196320,20130318,   47,    0
196320,20130319,   81,    0
196320,20130320,   74,    0
196320,20130321,  100,    0
196320,20130322,   86,    0
196320,20130323,  100,    0
196320,20130324,   74,    0
196320,20130325,   30,    0
196320,20130326,   43,    0
196320,20130327,   57,    0
196320,20130328,   66,    0
196320,20130329,   79,    0
196320,20130330,   83,    0
196320,20130331,   97,    0
196320,20130401,   91,    0
196320,20130402,   82,    0
196320,20130403,   87,    0
196320,20130404,   87,    0
196320,20130405,   88,    0
196320,20130406,   96,    0
196320,20130407,  102,    0
196320,20130408,   91,    0
196320,20130409,   95,    0
196320,20130410,  110,    0
196320,20130411,  118,    0
196320,20130412,  166,    0
196320,20130413,  150,    0
196320,20130414,  148,    0
196320,20130415,  152,    0
196320,20130416,  155,    0
196320,20130417,  163,    0
196320,20130418,  172,    0
196320,20130419,  176,    0
196320,20130420,  154,    0
196320,20130421,  138,    0
196320,20130422,  123,    0
196320,20130423,  128,    0
196320,20130424,  137,    0
196320,20130425,  159,    0
196320,20130426,  165,    0
196320,20130427,  153,    0
196320,20130428,  181,    0
196320,20130429,  176,    0
196320,20130430,  167,    0
196320,20130501,  187,    0
196320,20130502,  174,    0
196320,20130503,  179,    0
196320,20130504,  187,    0
196320,20130505,  175,    0
196320,20130506,  175,    0
196320,20130507,  174,    0
196320,20130508,  180,    0
196320,20130509,  198,    0
196320,20130510,  185,    0
196320,20130511,  175,    0
196320,20130512,  170,    0
196320,20130513,  158,    0
196320,20130514,  166,    0
196320,20130515,  182,    0
196320,20130516,  175,    0
196320,20130517,  162,    0
196320,20130518,  173,    0
196320,20130519,  172,    0
196320,20130520,  148,    0
196320,20130521,  156,    0
196320,20130522,  165,    0
196320,20130523,  176,    0
196320,20130524,  117,    0
196320,20130525,  103,    0
196320,20130526,  146,    0
196320,20130527,  163,    0
196320,20130528,  166,    0
196320,20130529,  173,    0
196320,20130530,  139,    0
196320,20130531,  154,    0
196320,20130601,  172,    0
196320,20130602,  187,    0
196320,20130603,  183,    0
196320,20130604,  187,    0
196320,20130605,  197,    0
196320,20130606,  198,    0
196320,20130607,  207,    0
196320,20130608,  218,    0
196320,20130609,  191,    0
196320,20130610,  186,    0
196320,20130611,  207,    0
196320,20130612,  227,    0
196320,20130613,  228,    0
196320,20130614,  229,    0
196320,20130615,  246,    0
196320,20130616,  262,    0
196320,20130617,  267,    0
196320,20130618,  272,    0
196320,20130619,  271,    0
196320,20130620,  272,    0
196320,20130621,  253,    0
196320,20130622,  240,    0
196320,20130623,  240,    0
196320,20130624,  203,    0
196320,20130625,  205,    0
196320,20130626,  182,    0
196320,20130627,  181,    0
196320,20130628,  157,    0
196320,20130629,  180,    0
196320,20130630,  205,    0
196320,20130701,  215,    0
196320,20130702,  224,    0
196320,20130703,  237,    0
196320,20130704,  245,    0
196320,20130705,  253,    0
196320,20130706,  261,    0
196320,20130707,  248,    0
196320,20130708,  247,    0
196320,20130709,  252,    0
196320,20130710,  250,    0
196320,20130711,  249,    0
196320,20130712,  240,    0
196320,20130713,  239,    0
196320,20130714,  233,    0
196320,20130715,  242,    0
196320,20130716,  241,    0
196320,20130717,  237,    0
196320,20130718,  233,    0
196320,20130719,  243,    0
196320,20130720,  245,    0
196320,20130721,  252,    0
196320,20130722,  255,    0
196320,20130723,  261,    0
196320,20130724,  261,    0
196320,20130725,  267,    0
196320,20130726,  278,    0
196320,20130727,  284,    0
196320,20130728,  297,    0
196320,20130729,  245,    0
196320,20130730,  236,    0
196320,20130731,  243,    0
196320,20130801,  251,    0
196320,20130802,  265,    0
196320,20130803,  278,    0
196320,20130804,  289,    0
196320,20130805,  289,    0
196320,20130806,  283,    0
196320,20130807,  278,    0
196320,20130808,  272,    0
196320,20130809,  257,    0
196320,20130810,  246,    0
196320,20130811,  237,    0
196320,20130812,  243,    0
196320,20130813,  255,    0
196320,20130814,  209,    0
196320,20130815,  213,    0
196320,20130816,  217,    0
196320,20130817,  226,    0
196320,20130818,  243,    0
196320,20130819,  247,    0
196320,20130820,  196,    0
196320,20130821,  210,    0
196320,20130822,  218,    0
196320,20130823,  225,    0
196320,20130824,  235,    0
196320,20130825,  220,    0
196320,20130826,  208,    0
196320,20130827,  199,    0
196320,20130828,  210,    0
196320,20130829,  209,    0
196320,20130830,  201,    0
196320,20130831,  201,    0
196320,20130901,  205,    0
196320,20130902,  215,    0
196320,20130903,  222,    0
196320,20130904,  223,    0
196320,20130905,  223,    0
196320,20130906,  225,    0
196320,20130907,  228,    0
196320,20130908,  239,    0
196320,20130909,  244,    0
196320,20130910,  208,    0
196320,20130911,  179,    0
196320,20130912,  172,    0
196320,20130913,  183,    0
196320,20130914,  183,    0
196320,20130915,  185,    0
196320,20130916,  196,    0
196320,20130917,  176,    0
196320,20130918,  161,    0
196320,20130919,  174,    0
196320,20130920,  184,    0
196320,20130921,  179,    0
196320,20130922,  174,    0
196320,20130923,  179,    0
196320,20130924,  192,    0
196320,20130925,  202,    0
196320,20130926,  200,    0
196320,20130927,  219,    0
196320,20130928,  214,    0
196320,20130929,  175,    0
196320,20130930,  141,    0
196320,20131001,  164,    0
196320,20131002,  161,    0
196320,20131003,  139,    0
196320,20131004,  139,    0
196320,20131005,  112,    0
196320,20131006,  132,    0
196320,20131007,  150,    0
196320,20131008,  136,    0
196320,20131009,  149,    0
196320,20131010,  160,    0
196320,20131011,  130,    0
196320,20131012,  140,    0
196320,20131013,  133,    0
196320,20131014,  124,    0
196320,20131015,  135,    0
196320,20131016,  152,    0
196320,20131017,  119,    0
196320,20131018,  120,    0
196320,20131019,  146,    0
196320,20131020,  159,    0
196320,20131021,  155,    0
196320,20131022,  158,    0
196320,20131023,  175,    0
196320,20131024,  171,    0
196320,20131025,  163,    0
196320,20131026,  175,    0
196320,20131027,  170,    0
196320,20131028,  175,    0
196320,20131029,  188,    0
196320,20131030,  170,    0
196320,20131031,  145,    0
196320,20131101,  122,    0
196320,20131102,  135,    0
196320,20131103,  153,    0
196320,20131104,  125,    0
196320,20131105,  122,    0
196320,20131106,  113,    0
196320,20131107,  119,    0
196320,20131108,  145,    0
196320,20131109,  132,    0
196320,20131110,  116,    0
196320,20131111,  118,    0
196320,20131112,  115,    0
196320,20131113,  117,    0
196320,20131114,  108,    0
196320,20131115,  103,    0
196320,20131116,  103,    0
196320,20131117,   97,    0
196320,20131118,  113,    0
196320,20131119,  126,    0
196320,20131120,  112,    0
196320,20131121,   82,    0
196320,20131122,   70,    0
196320,20131123,   77,    0
196320,20131124,   79,    0
196320,20131125,   50,    0
196320,20131126,   13,    0
196320,20131127,   14,    0
196320,20131128,   26,    0
196320,20131129,    9,    0
196320,20131130,   23,    0
196320,20131201,   51,    0
196320,20131202,   65,    0
196320,20131203,   30,    0
196320,20131204,   23,    0
196320,20131205,    5,    0
196320,20131206,   34,    0
196320,20131207,   18,    0
196320,20131208,    4,    0
196320,20131209,    3,    0
196320,20131210,    1,    0
196320,20131211,    3,    0
196320,20131212,   15,    0
196320,20131213,   11,    0
196320,20131214,    9,    0
196320,20131215,   26,    0
196320,20131216,   16,    0
196320,20131217,-9999,    9
196320,20131218,-9999,    9
196320,20131219,-9999,    9
196320,20131220,-9999,    9
196320,20131221,-9999,    9
196320,20131222,-9999,    9
196320,20131223,-9999,    9
196320,20131224,-9999,    9
196320,20131225,-9999,    9
196320,20131226,-9999,    9
196320,20131227,-9999,    9
196320,20131228,   49,    0
196320,20131229,   70,    0
196320,20131230,   78,    0
196320,20131231,   42,    0
196320,20140101,   25,    0
196320,20140102,   32,    0
196320,20140103,   50,    0
196320,20140104,   67,    0
196320,20140105,   69,    0
196320,20140106,   82,    0
196320,20140107,   56,    0
196320,20140108,   60,    0
196320,20140109,   63,    0
196320,20140110,   53,    0
196320,20140111,   82,    0
196320,20140112,   80,    0
196320,20140113,   72,    0
196320,20140114,   77,    0
196320,20140115,   43,    0
196320,20140116,   43,    0
196320,20140117,   71,    0
196320,20140118,   56,    0
196320,20140119,   67,    0
196320,20140120,   75,    0
196320,20140121,   91,    0
196320,20140122,   80,    0
196320,20140123,   69,    0
196320,20140124,   63,    0
196320,20140125,   46,    0
196320,20140126,   27,    0
196320,20140127,   45,    0
196320,20140128,   21,    0
196320,20140129,   38,    0
196320,20140130,   55,    0
196320,20140131,   44,    0
196320,20140201,   66,    0
196320,20140202,   76,    0
196320,20140203,   79,    0
196320,20140204,   65,    0
196320,20140205,   73,    0
196320,20140206,   72,    0
196320,20140207,   79,    0
196320,20140208,   84,    0
196320,20140209,   81,    0
196320,20140210,   66,    0
196320,20140211,   74,    0
196320,20140212,   80,    0
196320,20140213,   64,    0
196320,20140214,   80,    0
196320,20140215,   78,    0
196320,20140216,   72,    0
196320,20140217,   91,    0
196320,20140218,   88,    0
196320,20140219,   96,    0
196320,20140220,   86,    0
196320,20140221,  102,    0
196320,20140222,   78,    0
196320,20140223,   65,    0
196320,20140224,   67,    0
196320,20140225,   72,    0
196320,20140226,   88,    0
196320,20140227,   74,    0
196320,20140228,   81,    0
196320,20140301,   86,    0
196320,20140302,   76,    0
196320,20140303,   90,    0
196320,20140304,   82,    0
196320,20140305,  101,    0
196320,20140306,  101,    0
196320,20140307,  103,    0
196320,20140308,   95,    0
196320,20140309,   91,    0
196320,20140310,   91,    0
196320,20140311,   83,    0
196320,20140312,   97,    0
196320,20140313,  104,    0
196320,20140314,   99,    0
196320,20140315,  106,    0
196320,20140316,  108,    0
196320,20140317,  111,    0
196320,20140318,  117,    0
196320,20140319,  130,    0
196320,20140320,  121,    0
196320,20140321,  118,    0
196320,20140322,  133,    0
196320,20140323,  124,    0
196320,20140324,   71,    0
196320,20140325,   73,    0
196320,20140326,   90,    0
196320,20140327,  116,    0
196320,20140328,  125,    0
196320,20140329,  122,    0
196320,20140330,  123,    0
196320,20140331,  136,    0
196320,20140401,  144,    0
196320,20140402,  142,    0
196320,20140403,  135,    0
196320,20140404,  136,    0
196320,20140405,  131,    0
196320,20140406,  156,    0
196320,20140407,  162,    0
196320,20140408,  171,    0
196320,20140409,  149,    0
196320,20140410,  137,    0
196320,20140411,  131,    0
196320,20140412,  137,    0
196320,20140413,  128,    0
196320,20140414,  147,    0
196320,20140415,  139,    0
196320,20140416,  117,    0
196320,20140417,  114,    0
196320,20140418,  129,    0
196320,20140419,  138,    0
196320,20140420,  144,    0
196320,20140421,  147,    0
196320,20140422,  144,    0
196320,20140423,  155,    0
196320,20140424,  174,    0
196320,20140425,  174,    0
196320,20140426,  177,    0
196320,20140427,  158,    0
196320,20140428,  125,    0
196320,20140429,  148,    0
196320,20140430,  147,    0
196320,20140501,  158,    0
196320,20140502,  126,    0
196320,20140503,  150,    0
196320,20140504,  150,    0
196320,20140505,  137,    0
196320,20140506,  153,    0
196320,20140507,  159,    0
196320,20140508,  171,    0
196320,20140509,  173,    0
196320,20140510,  194,    0
196320,20140511,  201,    0
196320,20140512,  166,    0
196320,20140513,  137,    0
196320,20140514,  158,    0
196320,20140515,  153,    0
196320,20140516,  169,    0
196320,20140517,  167,    0
196320,20140518,  174,    0
196320,20140519,  166,    0
196320,20140520,  191,    0
196320,20140521,  197,    0
196320,20140522,  211,    0
196320,20140523,  211,    0
196320,20140524,  203,    0
196320,20140525,  194,    0
196320,20140526,  187,    0
196320,20140527,  183,    0
196320,20140528,  183,    0
196320,20140529,  178,    0
196320,20140530,  179,    0
196320,20140531,  178,    0
196320,20140601,  177,    0
196320,20140602,  184,    0
196320,20140603,  189,    0
196320,20140604,  201,    0
196320,20140605,  213,    0
196320,20140606,  215,    0
196320,20140607,  232,    0
196320,20140608,  250,    0
196320,20140609,  245,    0
196320,20140610,  254,    0
196320,20140611,  265,    0
196320,20140612,  273,    0
196320,20140613,  263,    0
196320,20140614,  225,    0
196320,20140615,  205,    0
196320,20140616,  194,    0
196320,20140617,  200,    0
196320,20140618,  199,    0
196320,20140619,  210,    0
196320,20140620,  228,    0
196320,20140621,  227,    0
196320,20140622,  232,    0
196320,20140623,  249,    0
196320,20140624,  244,    0
196320,20140625,  216,    0
196320,20140626,  207,    0
196320,20140627,  226,    0
196320,20140628,  232,    0
196320,20140629,  221,    0
196320,20140630,  211,    0
196320,20140701,  217,    0
196320,20140702,  221,    0
196320,20140703,  226,    0
196320,20140704,  215,    0
196320,20140705,  234,    0
196320,20140706,  250,    0
196320,20140707,  252,    0
196320,20140708,  218,    0
196320,20140709,  200,    0
196320,20140710,  174,    0
196320,20140711,  211,    0
196320,20140712,  214,    0
196320,20140713,  218,    0
196320,20140714,  201,    0
196320,20140715,  229,    0
196320,20140716,  251,    0
196320,20140717,  258,    0
196320,20140718,  260,    0
196320,20140719,  259,    0
196320,20140720,  264,    0
196320,20140721,  221,    0
196320,20140722,  225,    0
196320,20140723,  249,    0
196320,20140724,  210,    0
196320,20140725,  228,    0
196320,20140726,  207,    0
196320,20140727,  219,    0
196320,20140728,  237,    0
196320,20140729,  221,    0
196320,20140730,  193,    0
196320,20140731,  227,    0
196320,20140801,  240,    0
196320,20140802,  247,    0
196320,20140803,  222,    0
196320,20140804,  234,    0
196320,20140805,  225,    0
196320,20140806,  234,    0
196320,20140807,  237,    0
196320,20140808,  238,    0
196320,20140809,  248,    0
196320,20140810,  258,    0
196320,20140811,  260,    0
196320,20140812,  256,    0
196320,20140813,  243,    0
196320,20140814,  237,    0
196320,20140815,  203,    0
196320,20140816,  178,    0
196320,20140817,  194,    0
196320,20140818,  209,    0
196320,20140819,  205,    0
196320,20140820,  218,    0
196320,20140821,  220,    0
196320,20140822,  219,    0
196320,20140823,  197,    0
196320,20140824,  205,    0
196320,20140825,  205,    0
196320,20140826,  212,    0
196320,20140827,  223,    0
196320,20140828,  220,    0
196320,20140829,  212,    0
196320,20140830,  219,    0
196320,20140831,  229,    0
196320,20140901,  173,    0
196320,20140902,  178,    0
196320,20140903,  180,    0
196320,20140904,  194,    0
196320,20140905,  211,    0
196320,20140906,  212,    0
196320,20140907,  209,    0
196320,20140908,  212,    0
196320,20140909,  222,    0
196320,20140910,  205,    0
196320,20140911,  189,    0
196320,20140912,  171,    0
196320,20140913,  175,    0
196320,20140914,  185,    0
196320,20140915,  189,    0
196320,20140916,  191,    0
196320,20140917,  184,    0
196320,20140918,  175,    0
196320,20140919,  188,    0
196320,20140920,  201,    0
196320,20140921,  204,    0
196320,20140922,  203,    0
196320,20140923,  157,    0
196320,20140924,  144,    0
196320,20140925,  173,    0
196320,20140926,  162,    0
196320,20140927,  166,    0
196320,20140928,  174,    0
196320,20140929,  168,    0
196320,20140930,  176,    0
196320,20141001,  178,    0
196320,20141002,  176,    0
196320,20141003,  166,    0
196320,20141004,  158,    0
196320,20141005,  150,    0
196320,20141006,  139,    0
196320,20141007,  157,    0
196320,20141008,  195,    0
196320,20141009,  171,    0
196320,20141010,  198,    0
196320,20141011,  206,    0
196320,20141012,  189,    0
196320,20141013,  201,    0
196320,20141014,  178,    0
196320,20141015,  177,    0
196320,20141016,  184,    0
196320,20141017,  200,    0
196320,20141018,  193,    0
196320,20141019,  188,    0
196320,20141020,  181,    0
196320,20141021,  197,    0
196320,20141022,  159,    0
196320,20141023,  131,    0
196320,20141024,  150,    0
196320,20141025,  113,    0
196320,20141026,  107,    0
196320,20141027,   97,    0
196320,20141028,   88,    0
196320,20141029,   77,    0
196320,20141030,   81,    0
196320,20141031,   85,    0
196320,20141101,   98,    0
196320,20141102,   99,    0
196320,20141103,  109,    0
196320,20141104,  156,    0
196320,20141105,  166,    0
196320,20141106,  152,    0
196320,20141107,  129,    0
196320,20141108,  137,    0
196320,20141109,  146,    0
196320,20141110,  140,    0
196320,20141111,  139,    0
196320,20141112,  151,    0
196320,20141113,  140,    0
196320,20141114,  128,    0
196320,20141115,  133,    0
196320,20141116,  124,    0
196320,20141117,   96,    0
196320,20141118,  108,    0
196320,20141119,   92,    0
196320,20141120,   57,    0
196320,20141121,   54,    0
196320,20141122,   84,    0
196320,20141123,   99,    0
196320,20141124,   93,    0
196320,20141125,   88,    0
196320,20141126,   85,    0
196320,20141127,   78,    0
196320,20141128,   89,    0
196320,20141129,  109,    0
196320,20141130,  121,    0
196320,20141201,  122,    0
196320,20141202,  101,    0
196320,20141203,   88,    0
196320,20141204,   88,    0
196320,20141205,   90,    0
196320,20141206,  101,    0
196320,20141207,   89,    0
196320,20141208,   75,    0
196320,20141209,   63,    0
196320,20141210,   44,    0
196320,20141211,   29,    0
196320,20141212,   28,    0
196320,20141213,   47,    0
196320,20141214,   63,    0
196320,20141215,   74,    0
196320,20141216,   86,    0
196320,20141217,   86,    0
196320,20141218,   51,    0
196320,20141219,   43,    0
196320,20141220,   45,    0
196320,20141221,   57,    0
196320,20141222,   40,    0
196320,20141223,   28,    0
196320,20141224,   31,    0
196320,20141225,   48,    0
196320,20141226,   39,    0
196320,20141227,    2,    0
196320,20141228,   12,    0
196320,20141229,    7,    0
196320,20141230,   -5,    0
196320,20141231,   -3,    0
196320,20150101,   -6,    0
196320,20150102,   18,    0
196320,20150103,   20,    0
196320,20150104,   30,    0
196320,20150105,   34,    0
196320,20150106,   12,    0
196320,20150107,   28,    0
196320,20150108,   43,    0
196320,20150109,   22,    0
196320,20150110,   14,    0
196320,20150111,   11,    0
196320,20150112,   51,    0
196320,20150113,   23,    0
196320,20150114,   34,    0
196320,20150115,   23,    0
196320,20150116,   62,    0
196320,20150117,  113,    0
196320,20150118,   41,    0
196320,20150119,   26,    0
196320,20150120,   35,    0
196320,20150121,   54,    0
196320,20150122,   59,    0
196320,20150123,   61,    0
196320,20150124,   64,    0
196320,20150125,   56,    0
196320,20150126,   37,    0
196320,20150127,    5,    0
196320,20150128,   16,    0
196320,20150129,    9,    0
196320,20150130,   23,    0
196320,20150131,   20,    0
196320,20150201,   31,    0
196320,20150202,    8,    0
196320,20150203,   31,    0
196320,20150204,   54,    0
196320,20150205,   45,    0
196320,20150206,   43,    0
196320,20150207,   29,    0
196320,20150208,   16,    0
196320,20150209,   14,    0
196320,20150210,   22,    0
196320,20150211,   28,    0
196320,20150212,   30,    0
196320,20150213,   50,    0
196320,20150214,   70,    0
196320,20150215,   72,    0
196320,20150216,   85,    0
196320,20150217,   65,    0
196320,20150218,   42,    0
196320,20150219,   33,    0
196320,20150220,   36,    0
196320,20150221,   71,    0
196320,20150222,   75,    0
196320,20150223,   89,    0
196320,20150224,   74,    0
196320,20150225,   76,    0
196320,20150226,   81,    0
196320,20150227,   81,    0
196320,20150228,   74,    0
196320,20150301,   70,    0
196320,20150302,   88,    0
196320,20150303,   64,    0
196320,20150304,   80,    0
196320,20150305,   79,    0
196320,20150306,   59,    0
196320,20150307,   58,    0
196320,20150308,   63,    0
196320,20150309,   52,    0
196320,20150310,   68,    0
196320,20150311,   82,    0
196320,20150312,   78,    0
196320,20150313,   66,    0
196320,20150314,   67,    0
196320,20150315,   92,    0
196320,20150316,   83,    0
196320,20150317,  102,    0
196320,20150318,   89,    0
196320,20150319,   84,    0
196320,20150320,   85,    0
196320,20150321,  100,    0
196320,20150322,  104,    0
196320,20150323,  104,    0
196320,20150324,  101,    0
196320,20150325,  110,    0
196320,20150326,  112,    0
196320,20150327,  107,    0
196320,20150328,  106,    0
196320,20150329,  109,    0
196320,20150330,  139,    0
196320,20150331,  137,    0
196320,20150401,  135,    0
196320,20150402,  114,    0
196320,20150403,  106,    0
196320,20150404,   81,    0
196320,20150405,   91,    0
196320,20150406,   81,    0
196320,20150407,   82,    0
196320,20150408,   95,    0
196320,20150409,  103,    0
196320,20150410,  111,    0
196320,20150411,  126,    0
196320,20150412,  128,    0
196320,20150413,  155,    0
196320,20150414,  151,    0
196320,20150415,  152,    0
196320,20150416,  163,    0
196320,20150417,  157,    0
196320,20150418,  132,    0
196320,20150419,  106,    0
196320,20150420,  114,    0
196320,20150421,  146,    0
196320,20150422,  165,    0
196320,20150423,  152,    0
196320,20150424,  147,    0
196320,20150425,  142,    0
196320,20150426,  161,    0
196320,20150427,  152,    0
196320,20150428,  146,    0
196320,20150429,  154,    0
196320,20150430,  155,    0
196320,20150501,  159,    0
196320,20150502,  179,    0
196320,20150503,  178,    0
196320,20150504,  186,    0
196320,20150505,  191,    0
196320,20150506,  181,    0
196320,20150507,  189,    0
196320,20150508,  200,    0
196320,20150509,  201,    0
196320,20150510,  206,    0
196320,20150511,  200,    0
196320,20150512,  200,    0
196320,20150513,  204,    0
196320,20150514,  221,    0
196320,20150515,  184,    0
196320,20150516,  171,    0
196320,20150517,  206,    0
196320,20150518,  207,    0
196320,20150519,  211,    0
196320,20150520,  196,    0
196320,20150521,  150,    0
196320,20150522,  134,    0
196320,20150523,  137,    0
196320,20150524,  169,    0
196320,20150525,  182,    0
196320,20150526,  164,    0
196320,20150527,  160,    0
196320,20150528,  167,    0
196320,20150529,  178,    0
196320,20150530,  199,    0
196320,20150531,  200,    0
196320,20150601,  211,    0
196320,20150602,  228,    0
196320,20150603,  243,    0
196320,20150604,  254,    0
196320,20150605,  258,    0
196320,20150606,  257,    0
196320,20150607,  251,    0
196320,20150608,  243,    0
196320,20150609,  241,    0
196320,20150610,  236,    0
196320,20150611,  240,    0
196320,20150612,  247,    0
196320,20150613,  260,    0
196320,20150614,  223,    0
196320,20150615,  216,    0
196320,20150616,  216,    0
196320,20150617,  195,    0
196320,20150618,  204,    0
196320,20150619,  208,    0
196320,20150620,  193,    0
196320,20150621,  197,    0
196320,20150622,  205,    0
196320,20150623,  236,    0
196320,20150624,  193,    0
196320,20150625,  197,    0
196320,20150626,  218,    0
196320,20150627,  231,    0
196320,20150628,  232,    0
196320,20150629,  233,    0
196320,20150630,  242,    0
196320,20150701,  243,    0
196320,20150702,  258,    0
196320,20150703,  267,    0
196320,20150704,  272,    0
196320,20150705,  279,    0
196320,20150706,  285,    0
196320,20150707,  293,    0
196320,20150708,  297,    0
196320,20150709,  253,    0
196320,20150710,  239,    0
196320,20150711,  236,    0
196320,20150712,  261,    0
196320,20150713,  266,    0
196320,20150714,  270,    0
196320,20150715,  274,    0
196320,20150716,  288,    0
196320,20150717,  293,    0
196320,20150718,  301,    0
196320,20150719,  293,    0
196320,20150720,  284,    0
196320,20150721,  292,    0
196320,20150722,  298,    0
196320,20150723,  295,    0
196320,20150724,  284,    0
196320,20150725,  273,    0
196320,20150726,  251,    0
196320,20150727,  265,    0
196320,20150728,  257,    0
196320,20150729,  269,    0
196320,20150730,  244,    0
196320,20150731,  223,    0
196320,20150801,  224,    0
196320,20150802,  230,    0
196320,20150803,  250,    0
196320,20150804,  266,    0
196320,20150805,  276,    0
196320,20150806,  274,    0
196320,20150807,  278,    0
196320,20150808,  280,    0
196320,20150809,  271,    0
196320,20150810,  229,    0
196320,20150811,  255,    0
196320,20150812,  270,    0
196320,20150813,  271,    0
196320,20150814,  270,    0
196320,20150815,  245,    0
196320,20150816,  207,    0
196320,20150817,  227,    0
196320,20150818,  233,    0
196320,20150819,  199,    0
196320,20150820,  223,    0
196320,20150821,  214,    0
196320,20150822,  205,    0
196320,20150823,  208,    0
196320,20150824,  225,    0
196320,20150825,  237,    0
196320,20150826,  235,    0
196320,20150827,  257,    0
196320,20150828,  250,    0
196320,20150829,  263,    0
196320,20150830,  262,    0
196320,20150831,  243,    0
196320,20150901,  276,    0
196320,20150902,  283,    0
196320,20150903,  236,    0
196320,20150904,  230,    0
196320,20150905,  202,    0
196320,20150906,  184,    0
196320,20150907,  175,    0
196320,20150908,  175,    0
196320,20150909,  170,    0
196320,20150910,  169,    0
196320,20150911,  177,    0
196320,20150912,  191,    0
196320,20150913,  185,    0
196320,20150914,  240,    0
196320,20150915,  232,    0
196320,20150916,  242,    0
196320,20150917,  264,    0
196320,20150918,  235,    0
196320,20150919,  209,    0
196320,20150920,  187,    0
196320,20150921,  187,    0
196320,20150922,  171,    0
196320,20150923,  175,    0
196320,20150924,  146,    0
196320,20150925,  164,    0
196320,20150926,  168,    0
196320,20150927,  170,    0
196320,20150928,  165,    0
196320,20150929,  157,    0
196320,20150930,  147,    0
196320,20151001,  133,    0
196320,20151002,  148,    0
196320,20151003,  170,    0
196320,20151004,  177,    0
196320,20151005,  179,    0
196320,20151006,  169,    0
196320,20151007,  177,    0
196320,20151008,  174,    0
196320,20151009,  157,    0
196320,20151010,  151,    0
196320,20151011,  164,    0
196320,20151012,  155,    0
196320,20151013,  153,    0
196320,20151014,  154,    0
196320,20151015,  148,    0
196320,20151016,  123,    0
196320,20151017,  114,    0
196320,20151018,  115,    0
196320,20151019,  127,    0
196320,20151020,  105,    0
196320,20151021,   97,    0
196320,20151022,   97,    0
196320,20151023,  102,    0
196320,20151024,  108,    0
196320,20151025,  109,    0
196320,20151026,  111,    0
196320,20151027,  114,    0
196320,20151028,  123,    0
196320,20151029,  134,    0
196320,20151030,  130,    0
196320,20151031,  109,    0
196320,20151101,   97,    0
196320,20151102,   85,    0
196320,20151103,   93,    0
196320,20151104,  109,    0
196320,20151105,  109,    0
196320,20151106,  125,    0
196320,20151107,  123,    0
196320,20151108,  121,    0
196320,20151109,  118,    0
196320,20151110,  118,    0
196320,20151111,  114,    0
196320,20151112,  108,    0
196320,20151113,   96,    0
196320,20151114,   95,    0
196320,20151115,  103,    0
196320,20151116,  103,    0
196320,20151117,  101,    0
196320,20151118,  104,    0
196320,20151119,  103,    0
196320,20151120,   91,    0
196320,20151121,   85,    0
196320,20151122,   54,    0
196320,20151123,   46,    0
196320,20151124,   45,    0
196320,20151125,   26,    0
196320,20151126,   41,    0
196320,20151127,   49,    0
196320,20151128,   26,    0
196320,20151129,   16,    0
196320,20151130,   31,    0
196320,20151201,   27,    0
196320,20151202,   29,    0
196320,20151203,   25,    0
196320,20151204,   40,    0
196320,20151205,   61,    0
196320,20151206,   47,    0
196320,20151207,   56,    0
196320,20151208,   66,    0
196320,20151209,   42,    0
196320,20151210,   44,    0
196320,20151211,   21,    0
196320,20151212,   13,    0
196320,20151213,   22,    0
196320,20151214,   57,    0
196320,20151215,   54,    0
196320,20151216,   41,    0
196320,20151217,   33,    0
196320,20151218,   40,    0
196320,20151219,   45,    0
196320,20151220,   42,    0
196320,20151221,   59,    0
196320,20151222,   67,    0
196320,20151223,   68,    0
196320,20151224,   68,    0
196320,20151225,   72,    0
196320,20151226,   61,    0
196320,20151227,   48,    0
196320,20151228,   30,    0
196320,20151229,   28,    0
196320,20151230,   21,    0
196320,20151231,   25,    0
196320,20160101,   11,    0
196320,20160102,    9,    0
196320,20160103,   20,    0
196320,20160104,   15,    0
196320,20160105,   23,    0
196320,20160106,   35,    0
196320,20160107,   31,    0
196320,20160108,   46,    0
196320,20160109,   55,    0
196320,20160110,   64,    0
196320,20160111,  113,    0
196320,20160112,   90,    0
196320,20160113,   66,    0
196320,20160114,   22,    0
196320,20160115,   31,    0
196320,20160116,   23,    0
196320,20160117,   14,    0
196320,20160118,   -1,    0
196320,20160119,  -18,    0
196320,20160120,   -8,    0
196320,20160121,   -6,    0
196320,20160122,   18,    0
196320,20160123,   11,    0
196320,20160124,    5,    0
196320,20160125,   22,    0
196320,20160126,   47,    0
196320,20160127,   48,    0
196320,20160128,   76,    0
196320,20160129,   60,    0
196320,20160130,   77,    0
196320,20160131,   54,    0
196320,20160201,   65,    0
196320,20160202,   72,    0
196320,20160203,   73,    0
196320,20160204,   63,    0
196320,20160205,   38,    0
196320,20160206,   49,    0
196320,20160207,   97,    0
196320,20160208,   75,    0
196320,20160209,   83,    0
196320,20160210,   88,    0
196320,20160211,   36,    0
196320,20160212,   57,    0
196320,20160213,   56,    0
196320,20160214,   58,    0
196320,20160215,   66,    0
196320,20160216,   81,    0
196320,20160217,   72,    0
196320,20160218,   80,    0
196320,20160219,   86,    0
196320,20160220,   76,    0
196320,20160221,   78,    0
196320,20160222,   74,    0
196320,20160223,   94,    0
196320,20160224,   78,    0
196320,20160225,   76,    0
196320,20160226,   73,    0
196320,20160227,   76,    0
196320,20160228,  111,    0
196320,20160229,  104,    0
196320,20160301,   95,    0
196320,20160302,   95,    0
196320,20160303,   47,    0
196320,20160304,   80,    0
196320,20160305,   92,    0
196320,20160306,   47,    0
196320,20160307,   57,    0
196320,20160308,   54,    0
196320,20160309,   65,    0
196320,20160310,   85,    0
196320,20160311,   98,    0
196320,20160312,  106,    0
196320,20160313,  104,    0
196320,20160314,   90,    0
196320,20160315,   76,    0
196320,20160316,   84,    0
196320,20160317,   89,    0
196320,20160318,   95,    0
196320,20160319,  108,    0
196320,20160320,  119,    0
196320,20160321,  127,    0
196320,20160322,  119,    0
196320,20160323,   98,    0
196320,20160324,   89,    0
196320,20160325,  113,    0
196320,20160326,  103,    0
196320,20160327,  105,    0
196320,20160328,  134,    0
196320,20160329,  141,    0
196320,20160330,  149,    0
196320,20160331,  131,    0
196320,20160401,  149,    0
196320,20160402,  129,    0
196320,20160403,  128,    0
196320,20160404,  140,    0
196320,20160405,  151,    0
196320,20160406,  143,    0
196320,20160407,  133,    0
196320,20160408,  138,    0
196320,20160409,  138,    0
196320,20160410,  140,    0
196320,20160411,  163,    0
196320,20160412,  155,    0
196320,20160413,  158,    0
196320,20160414,  160,    0
196320,20160415,  155,    0
196320,20160416,  189,    0
196320,20160417,  190,    0
196320,20160418,  182,    0
196320,20160419,  143,    0
196320,20160420,  133,    0
196320,20160421,  130,    0
196320,20160422,  150,    0
196320,20160423,  141,    0
196320,20160424,  113,    0
196320,20160425,  105,    0
196320,20160426,  108,    0
196320,20160427,  143,    0
196320,20160428,  116,    0
196320,20160429,  132,    0
196320,20160430,  131,    0
196320,20160501,  123,    0
196320,20160502,  143,    0
196320,20160503,  169,    0
196320,20160504,  168,    0
196320,20160505,  158,    0
196320,20160506,  163,    0
196320,20160507,  159,    0
196320,20160508,  177,    0
196320,20160509,  178,    0
196320,20160510,  189,    0
196320,20160511,  172,    0
196320,20160512,  174,    0
196320,20160513,  156,    0
196320,20160514,  177,    0
196320,20160515,  158,    0
196320,20160516,  148,    0
196320,20160517,  156,    0
196320,20160518,  159,    0
196320,20160519,  143,    0
196320,20160520,  181,    0
196320,20160521,  197,    0
196320,20160522,  196,    0
196320,20160523,  175,    0
196320,20160524,  169,    0
196320,20160525,  184,    0
196320,20160526,  206,    0
196320,20160527,  208,    0
196320,20160528,  221,    0
196320,20160529,  185,    0
196320,20160530,  202,    0
196320,20160531,  185,    0
196320,20160601,  181,    0
196320,20160602,  186,    0
196320,20160603,  191,    0
196320,20160604,  192,    0
196320,20160605,  206,    0
196320,20160606,  201,    0
196320,20160607,  223,    0
196320,20160608,  217,    0
196320,20160609,  179,    0
196320,20160610,  202,    0
196320,20160611,  215,    0
196320,20160612,  193,    0
196320,20160613,  208,    0
196320,20160614,  196,    0
196320,20160615,  212,    0
196320,20160616,  225,    0
196320,20160617,  222,    0
196320,20160618,  198,    0
196320,20160619,  192,    0
196320,20160620,  206,    0
196320,20160621,  219,    0
196320,20160622,  236,    0
196320,20160623,  261,    0
196320,20160624,  276,    0
196320,20160625,  263,    0
196320,20160626,  256,    0
196320,20160627,  231,    0
196320,20160628,  234,    0
196320,20160629,  236,    0
196320,20160630,  256,    0
196320,20160701,  261,    0
196320,20160702,  257,    0
196320,20160703,  253,    0
196320,20160704,  247,    0
196320,20160705,  247,    0
196320,20160706,  261,    0
196320,20160707,  259,    0
196320,20160708,  265,    0
196320,20160709,  265,    0
196320,20160710,  279,    0
196320,20160711,  306,    0
196320,20160712,  287,    0
196320,20160713,  259,    0
196320,20160714,  217,    0
196320,20160715,  203,    0
196320,20160716,  206,    0
196320,20160717,  227,    0
196320,20160718,  248,    0
196320,20160719,  257,    0
196320,20160720,  261,    0
196320,20160721,  267,    0
196320,20160722,  265,    0
196320,20160723,  242,    0
196320,20160724,  236,    0
196320,20160725,  252,    0
196320,20160726,  264,    0
196320,20160727,  259,    0
196320,20160728,  247,    0
196320,20160729,  256,    0
196320,20160730,  267,    0
196320,20160731,  263,    0
196320,20160801,  240,    0
196320,20160802,  239,    0
196320,20160803,  249,    0
196320,20160804,  261,    0
196320,20160805,  226,    0
196320,20160806,  226,    0
196320,20160807,  233,    0
196320,20160808,  226,    0
196320,20160809,  239,    0
196320,20160810,  205,    0
196320,20160811,  199,    0
196320,20160812,  196,    0
196320,20160813,  212,    0
196320,20160814,  230,    0
196320,20160815,  243,    0
196320,20160816,  254,    0
196320,20160817,  256,    0
196320,20160818,  230,    0
196320,20160819,  244,    0
196320,20160820,  247,    0
196320,20160821,  247,    0
196320,20160822,  216,    0
196320,20160823,  213,    0
196320,20160824,  226,    0
196320,20160825,  230,    0
196320,20160826,  224,    0
196320,20160827,  205,    0
196320,20160828,  241,    0
196320,20160829,  253,    0
196320,20160830,  245,    0
196320,20160831,  236,    0
196320,20160901,  237,    0
196320,20160902,  245,    0
196320,20160903,  239,    0
196320,20160904,  249,    0
196320,20160905,  233,    0
196320,20160906,  173,    0
196320,20160907,  212,    0
196320,20160908,  221,    0
196320,20160909,  231,    0
196320,20160910,  231,    0
196320,20160911,  235,    0
196320,20160912,  232,    0
196320,20160913,  215,    0
196320,20160914,  228,    0
196320,20160915,  219,    0
196320,20160916,  183,    0
196320,20160917,  201,    0
196320,20160918,  185,    0
196320,20160919,  197,    0
196320,20160920,  195,    0
196320,20160921,  175,    0
196320,20160922,  175,    0
196320,20160923,  157,    0
196320,20160924,  171,    0
196320,20160925,  173,    0
196320,20160926,  171,    0
196320,20160927,  169,    0
196320,20160928,  174,    0
196320,20160929,  171,    0
196320,20160930,  188,    0
196320,20161001,  184,    0
196320,20161002,  189,    0
196320,20161003,  168,    0
196320,20161004,  148,    0
196320,20161005,  139,    0
196320,20161006,  127,    0
196320,20161007,  132,    0
196320,20161008,  121,    0
196320,20161009,  130,    0
196320,20161010,  117,    0
196320,20161011,   99,    0
196320,20161012,  104,    0
196320,20161013,  106,    0
196320,20161014,  131,    0
196320,20161015,  148,    0
196320,20161016,  147,    0
196320,20161017,  140,    0
196320,20161018,  147,    0
196320,20161019,  136,    0
196320,20161020,  124,    0
196320,20161021,  111,    0
196320,20161022,  103,    0
196320,20161023,  125,    0
196320,20161024,  127,    0
196320,20161025,  137,    0
196320,20161026,  141,    0
196320,20161027,  140,    0
196320,20161028,  120,    0
196320,20161029,  106,    0
196320,20161030,  105,    0
196320,20161031,  113,    0
196320,20161101,  111,    0
196320,20161102,  108,    0
196320,20161103,  115,    0
196320,20161104,  103,    0
196320,20161105,  106,    0
196320,20161106,  120,    0
196320,20161107,   98,    0
196320,20161108,   69,    0
196320,20161109,   76,    0
196320,20161110,-9999,    9
196320,20161111,   84,    0
196320,20161112,   61,    0
196320,20161113,   50,    0
196320,20161114,   70,    0
196320,20161115,   38,    0
196320,20161116,   38,    0
196320,20161117,   67,    0
196320,20161118,   85,    0
196320,20161119,   93,    0
196320,20161120,   82,    0
196320,20161121,  104,    0
196320,20161122,  128,    0
196320,20161123,  141,    0
196320,20161124,  136,    0
196320,20161125,  141,    0
196320,20161126,  122,    0
196320,20161127,   88,    0
196320,20161128,   81,    0
196320,20161129,   33,    0
196320,20161130,   17,    0
196320,20161201,   19,    0
196320,20161202,   25,    0
196320,20161203,   59,    0
196320,20161204,   68,    0
196320,20161205,   71,    0
196320,20161206,   46,    0
196320,20161207,   30,    0
196320,20161208,   18,    0
196320,20161209,    9,    0
196320,20161210,    9,    0
196320,20161211,   13,    0
196320,20161212,   33,    0
196320,20161213,   26,    0
196320,20161214,   21,    0
196320,20161215,   20,    0
196320,20161216,   31,    0
196320,20161217,   14,    0
196320,20161218,  -12,    0
196320,20161219,    8,    0
196320,20161220,   65,    0
196320,20161221,   68,    0
196320,20161222,   39,    0
196320,20161223,   27,    0
196320,20161224,   27,    0
196320,20161225,   30,    0
196320,20161226,   37,    0
196320,20161227,   36,    0
196320,20161228,   35,    0
196320,20161229,   37,    0
196320,20161230,    6,    0
196320,20161231,    4,    0
196320,20170101,    1,    0
196320,20170102,   19,    0
196320,20170103,   32,    0
196320,20170104,   14,    0
196320,20170105,   14,    0
196320,20170106,  -23,    0
196320,20170107,  -38,    0
196320,20170108,  -21,    0
196320,20170109,  -21,    0
196320,20170110,   -3,    0
196320,20170111,  -16,    0
196320,20170112,  -10,    0
196320,20170113,    8,    0
196320,20170114,   11,    0
196320,20170115,    2,    0
196320,20170116,   18,    0
196320,20170117,   36,    0
196320,20170118,   35,    0
196320,20170119,   29,    0
196320,20170120,    0,    0
196320,20170121,   -5,    0
196320,20170122,    8,    0
196320,20170123,   35,    0
196320,20170124,   52,    0
196320,20170125,   20,    0
196320,20170126,    1,    0
196320,20170127,   -9,    0
196320,20170128,   10,    0
196320,20170129,    6,    0
196320,20170130,    8,    0
196320,20170131,   41,    0
196320,20170201,   50,    0
196320,20170202,   58,    0
196320,20170203,   78,    0
196320,20170204,   69,    0
196320,20170205,   54,    0
196320,20170206,   73,    0
196320,20170207,   78,    0
196320,20170208,   50,    0
196320,20170209,   38,    0
196320,20170210,   53,    0
196320,20170211,   64,    0
196320,20170212,   75,    0
196320,20170213,   74,    0
196320,20170214,   53,    0
196320,20170215,   61,    0
196320,20170216,   66,    0
196320,20170217,   68,    0
196320,20170218,   53,    0
196320,20170219,   45,    0
196320,20170220,   40,    0
196320,20170221,   51,    0
196320,20170222,   72,    0
196320,20170223,   61,    0
196320,20170224,   70,    0
196320,20170225,   71,    0
196320,20170226,   57,    0
196320,20170227,   60,    0
196320,20170228,  126,    0
196320,20170301,  109,    0
196320,20170302,   84,    0
196320,20170303,   87,    0
196320,20170304,  104,    0
196320,20170305,  113,    0
196320,20170306,   98,    0
196320,20170307,  104,    0
196320,20170308,   96,    0
196320,20170309,  104,    0
196320,20170310,  116,    0
196320,20170311,   76,    0
196320,20170312,   80,    0
196320,20170313,   83,    0
196320,20170314,  104,    0
196320,20170315,  101,    0
196320,20170316,   95,    0
196320,20170317,  116,    0
196320,20170318,  125,    0
196320,20170319,  112,    0
196320,20170320,  110,    0
196320,20170321,  120,    0
196320,20170322,  135,    0
196320,20170323,  134,    0
196320,20170324,  132,    0
196320,20170325,  143,    0
196320,20170326,  132,    0
196320,20170327,   99,    0
196320,20170328,  109,    0
196320,20170329,  139,    0
196320,20170330,  151,    0
196320,20170331,  142,    0
196320,20170401,  140,    0
196320,20170402,  150,    0
196320,20170403,  152,    0
196320,20170404,  166,    0
196320,20170405,  140,    0
196320,20170406,  131,    0
196320,20170407,  131,    0
196320,20170408,  132,    0
196320,20170409,  144,    0
196320,20170410,  154,    0
196320,20170411,  159,    0
196320,20170412,  136,    0
196320,20170413,  166,    0
196320,20170414,  167,    0
196320,20170415,  156,    0
196320,20170416,  171,    0
196320,20170417,  137,    0
196320,20170418,   79,    0
196320,20170419,   86,    0
196320,20170420,   90,    0
196320,20170421,  100,    0
196320,20170422,  114,    0
196320,20170423,  129,    0
196320,20170424,  153,    0
196320,20170425,  162,    0
196320,20170426,  165,    0
196320,20170427,  172,    0
196320,20170428,  133,    0
196320,20170429,  112,    0
196320,20170430,  114,    0
196320,20170501,  118,    0
196320,20170502,  134,    0
196320,20170503,  141,    0
196320,20170504,  144,    0
196320,20170505,  150,    0
196320,20170506,  138,    0
196320,20170507,  127,    0
196320,20170508,  147,    0
196320,20170509,  145,    0
196320,20170510,  146,    0
196320,20170511,  160,    0
196320,20170512,  178,    0
196320,20170513,  194,    0
196320,20170514,  197,    0
196320,20170515,  193,    0
196320,20170516,  198,    0
196320,20170517,  199,    0
196320,20170518,  199,    0
196320,20170519,  201,    0
196320,20170520,  158,    0
196320,20170521,  201,    0
196320,20170522,  202,    0
196320,20170523,  223,    0
196320,20170524,  220,    0
196320,20170525,  205,    0
196320,20170526,  194,    0
196320,20170527,  213,    0
196320,20170528,  220,    0
196320,20170529,  223,    0
196320,20170530,  232,    0
196320,20170531,  238,    0
196320,20170601,  236,    0
196320,20170602,  230,    0
196320,20170603,  241,    0
196320,20170604,  236,    0
196320,20170605,  225,    0
196320,20170606,  220,    0
196320,20170607,  216,    0
196320,20170608,  203,    0
196320,20170609,  202,    0
196320,20170610,  228,    0
196320,20170611,  230,    0
196320,20170612,  238,    0
196320,20170613,  256,    0
196320,20170614,  253,    0
196320,20170615,  249,    0
196320,20170616,  264,    0
196320,20170617,  255,    0
196320,20170618,  236,    0
196320,20170619,  231,    0
196320,20170620,  244,    0
196320,20170621,  266,    0
196320,20170622,  277,    0
196320,20170623,  290,    0
196320,20170624,  289,    0
196320,20170625,  257,    0
196320,20170626,  245,    0
196320,20170627,  249,    0
196320,20170628,  225,    0
196320,20170629,  223,    0
196320,20170630,  213,    0
196320,20170701,  215,    0
196320,20170702,  212,    0
196320,20170703,  242,    0
196320,20170704,  244,    0
196320,20170705,  254,    0
196320,20170706,  264,    0
196320,20170707,  270,    0
196320,20170708,  271,    0
196320,20170709,  276,    0
196320,20170710,  275,    0
196320,20170711,  251,    0
196320,20170712,  253,    0
196320,20170713,  264,    0
196320,20170714,  233,    0
196320,20170715,  232,    0
196320,20170716,  222,    0
196320,20170717,  220,    0
196320,20170718,  235,    0
196320,20170719,  247,    0
196320,20170720,  261,    0
196320,20170721,  259,    0
196320,20170722,  273,    0
196320,20170723,  277,    0
196320,20170724,  238,    0
196320,20170725,  221,    0
196320,20170726,  216,    0
196320,20170727,  237,    0
196320,20170728,  251,    0
196320,20170729,  257,    0
196320,20170730,  260,    0
196320,20170731,  268,    0
196320,20170801,  274,    0
196320,20170802,  296,    0
196320,20170803,  298,    0
196320,20170804,  299,    0
196320,20170805,  291,    0
196320,20170806,  278,    0
196320,20170807,  235,    0
196320,20170808,  252,    0
196320,20170809,  274,    0
196320,20170810,  243,    0
196320,20170811,  227,    0
196320,20170812,  211,    0
196320,20170813,  225,    0
196320,20170814,  231,    0
196320,20170815,  244,    0
196320,20170816,  247,    0
196320,20170817,  258,    0
196320,20170818,  257,    0
196320,20170819,  258,    0
196320,20170820,  228,    0
196320,20170821,  213,    0
196320,20170822,  208,    0
196320,20170823,  214,    0
196320,20170824,  231,    0
196320,20170825,  250,    0
196320,20170826,  252,    0
196320,20170827,  266,    0
196320,20170828,  257,    0
196320,20170829,  237,    0
196320,20170830,  234,    0
196320,20170831,  258,    0
196320,20170901,  238,    0
196320,20170902,  183,    0
196320,20170903,  185,    0
196320,20170904,  183,    0
196320,20170905,  207,    0
196320,20170906,  215,    0
196320,20170907,  214,    0
196320,20170908,  199,    0
196320,20170909,  209,    0
196320,20170910,  184,    0
196320,20170911,  186,    0
196320,20170912,  169,    0
196320,20170913,  175,    0
196320,20170914,  208,    0
196320,20170915,  180,    0
196320,20170916,  168,    0
196320,20170917,  178,    0
196320,20170918,  156,    0
196320,20170919,  132,    0
196320,20170920,  155,    0
196320,20170921,  149,    0
196320,20170922,  157,    0
196320,20170923,  171,    0
196320,20170924,  156,    0
196320,20170925,  156,    0
196320,20170926,  157,    0
196320,20170927,  164,    0
196320,20170928,  167,    0
196320,20170929,  158,    0
196320,20170930,  160,    0
196320,20171001,  143,    0
196320,20171002,  159,    0
196320,20171003,  151,    0
196320,20171004,  177,    0
196320,20171005,  179,    0
196320,20171006,  164,    0
196320,20171007,  155,    0
196320,20171008,  141,    0
196320,20171009,  142,    0
196320,20171010,  150,    0
196320,20171011,  143,    0
196320,20171012,  148,    0
196320,20171013,  142,    0
196320,20171014,  141,    0
196320,20171015,  153,    0
196320,20171016,  150,    0
196320,20171017,  109,    0
196320,20171018,-9999,    9
196320,20171019,-9999,    9
196320,20171020,-9999,    9
196320,20171021,-9999,    9
196320,20171022,-9999,    9
196320,20171023,-9999,    9
196320,20171024,-9999,    9
196320,20171025,-9999,    9
196320,20171026,-9999,    9
196320,20171027,-9999,    9
196320,20171028,-9999,    9
196320,20171029,-9999,    9
196320,20171030,-9999,    9
196320,20171031,-9999,    9
196320,20171101,-9999,    9
196320,20171102,-9999,    9
196320,20171103,-9999,    9
196320,20171104,-9999,    9
196320,20171105,-9999,    9
196320,20171106,-9999,    9
196320,20171107,-9999,    9
196320,20171108,-9999,    9
196320,20171109,-9999,    9
196320,20171110,-9999,    9
196320,20171111,-9999,    9
196320,20171112,-9999,    9
196320,20171113,-9999,    9
196320,20171114,-9999,    9
196320,20171115,-9999,    9
196320,20171116,-9999,    9
196320,20171117,-9999,    9
196320,20171118,-9999,    9
196320,20171119,   65,    0
196320,20171120,   36,    0
196320,20171121,   52,    0
196320,20171122,   63,    0
196320,20171123,   83,    0
196320,20171124,   77,    0
196320,20171125,   94,    0
196320,20171126,   63,    0
196320,20171127,   28,    0
196320,20171128,   22,    0
196320,20171129,   40,    0
196320,20171130,   39,    0
196320,20171201,   21,    0
196320,20171202,   50,    0
196320,20171203,   20,    0
196320,20171204,   14,    0
196320,20171205,   10,    0
196320,20171206,   30,    0
196320,20171207,   31,    0
196320,20171208,   46,    0
196320,20171209,   36,    0
196320,20171210,   14,    0
196320,20171211,   55,    0
196320,20171212,   76,    0
196320,20171213,   38,    0
196320,20171214,   40,    0
196320,20171215,   43,    0
196320,20171216,   42,    0
196320,20171217,   21,    0
196320,20171218,    1,    0
196320,20171219,   -1,    0
196320,20171220,    6,    0
196320,20171221,   -2,    0
196320,20171222,   10,    0
196320,20171223,   24,    0
196320,20171224,   24,    0
196320,20171225,   26,    0
196320,20171226,   48,    0
196320,20171227,   67,    0
196320,20171228,   39,    0
196320,20171229,-9999,    9
196320,20171230,-9999,    9
196320,20171231,-9999,    9
196320,20180101,-9999,    9
196320,20180102,-9999,    9
196320,20180103,-9999,    9
196320,20180104,-9999,    9
196320,20180105,-9999,    9
196320,20180106,   76,    0
196320,20180107,   80,    0
196320,20180108,   99,    0
196320,20180109,  104,    0
196320,20180110,   71,    0
196320,20180111,   68,    0
196320,20180112,   59,    0
196320,20180113,   50,    0
196320,20180114,   35,    0
196320,20180115,   26,    0
196320,20180116,   41,    0
196320,20180117,   57,    0
196320,20180118,   52,    0
196320,20180119,   29,    0
196320,20180120,   18,    0
196320,20180121,   34,    0
196320,20180122,   27,    0
196320,20180123,   41,    0
196320,20180124,   51,    0
196320,20180125,   34,    0
196320,20180126,   61,    0
196320,20180127,   71,    0
196320,20180128,   62,    0
196320,20180129,   30,    0
196320,20180130,   37,    0
196320,20180131,   60,    0
196320,20180201,   87,    0
196320,20180202,   69,    0
196320,20180203,   36,    0
196320,20180204,   39,    0
196320,20180205,   56,    0
196320,20180206,   60,    0
196320,20180207,   48,    0
196320,20180208,   47,    0
196320,20180209,   44,    0
196320,20180210,   35,    0
196320,20180211,   38,    0
196320,20180212,   30,    0
196320,20180213,   33,    0
196320,20180214,   15,    0
196320,20180215,   19,    0
196320,20180216,   36,    0
196320,20180217,   40,    0
196320,20180218,   49,    0
196320,20180219,   38,    0
196320,20180220,   11,    0
196320,20180221,-9999,    9
196320,20180222,-9999,    9
196320,20180223,-9999,    9
196320,20180224,-9999,    9
196320,20180225,-9999,    9
196320,20180226,-9999,    9
196320,20180227,-9999,    9
196320,20180228,-9999,    9
196320,20180301,-9999,    9
196320,20180302,-9999,    9
196320,20180303,-9999,    9
196320,20180304,-9999,    9
196320,20180305,-9999,    9
196320,20180306,-9999,    9
196320,20180307,-9999,    9
196320,20180308,-9999,    9
196320,20180309,-9999,    9
196320,20180310,-9999,    9
196320,20180311,-9999,    9
196320,20180312,-9999,    9
196320,20180313,-9999,    9
196320,20180314,-9999,    9
196320,20180315,-9999,    9
196320,20180316,-9999,    9
196320,20180317,-9999,    9
196320,20180318,-9999,    9
196320,20180319,-9999,    9
196320,20180320,-9999,    9
196320,20180321,-9999,    9
196320,20180322,-9999,    9
196320,20180323,-9999,    9
196320,20180324,-9999,    9
196320,20180325,-9999,    9
196320,20180326,-9999,    9
196320,20180327,-9999,    9
196320,20180328,-9999,    9
196320,20180329,-9999,    9
196320,20180330,-9999,    9
196320,20180331,-9999,    9
196320,20180401,-9999,    9
196320,20180402,-9999,    9
196320,20180403,-9999,    9
196320,20180404,-9999,    9
196320,20180405,-9999,    9
196320,20180406,-9999,    9
196320,20180407,-9999,    9
196320,20180408,-9999,    9
196320,20180409,-9999,    9
196320,20180410,-9999,    9
196320,20180411,-9999,    9
196320,20180412,-9999,    9
196320,20180413,-9999,    9
196320,20180414,-9999,    9
196320,20180415,-9999,    9
196320,20180416,-9999,    9
196320,20180417,-9999,    9
196320,20180418,-9999,    9
196320,20180419,-9999,    9
196320,20180420,-9999,    9
196320,20180421,-9999,    9
196320,20180422,-9999,    9
196320,20180423,-9999,    9
196320,20180424,-9999,    9
196320,20180425,-9999,    9
196320,20180426,-9999,    9
196320,20180427,-9999,    9
196320,20180428,-9999,    9
196320,20180429,-9999,    9
196320,20180430,-9999,    9
196320,20180501,-9999,    9
196320,20180502,-9999,    9
196320,20180503,-9999,    9
196320,20180504,-9999,    9
196320,20180505,-9999,    9
196320,20180506,-9999,    9
196320,20180507,-9999,    9
196320,20180508,-9999,    9
196320,20180509,-9999,    9
196320,20180510,-9999,    9
196320,20180511,-9999,    9
196320,20180512,-9999,    9
196320,20180513,-9999,    9
196320,20180514,-9999,    9
196320,20180515,-9999,    9
196320,20180516,-9999,    9
196320,20180517,-9999,    9
196320,20180518,-9999,    9
196320,20180519,-9999,    9
196320,20180520,-9999,    9
196320,20180521,-9999,    9
196320,20180522,-9999,    9
196320,20180523,-9999,    9
196320,20180524,-9999,    9
196320,20180525,-9999,    9
196320,20180526,-9999,    9
196320,20180527,-9999,    9
196320,20180528,-9999,    9
196320,20180529,-9999,    9
196320,20180530,-9999,    9
196320,20180531,-9999,    9
196320,20180601,-9999,    9
196320,20180602,-9999,    9
196320,20180603,-9999,    9
196320,20180604,-9999,    9
196320,20180605,-9999,    9
196320,20180606,-9999,    9
196320,20180607,-9999,    9
196320,20180608,-9999,    9
196320,20180609,-9999,    9
196320,20180610,-9999,    9
196320,20180611,-9999,    9
196320,20180612,-9999,    9
196320,20180613,-9999,    9
196320,20180614,-9999,    9
196320,20180615,-9999,    9
196320,20180616,-9999,    9
196320,20180617,-9999,    9
196320,20180618,-9999,    9
196320,20180619,-9999,    9
196320,20180620,-9999,    9
196320,20180621,-9999,    9
196320,20180622,-9999,    9
196320,20180623,-9999,    9
196320,20180624,-9999,    9
196320,20180625,-9999,    9
196320,20180626,-9999,    9
196320,20180627,-9999,    9
196320,20180628,-9999,    9
196320,20180629,-9999,    9
196320,20180630,-9999,    9
196320,20180701,-9999,    9
196320,20180702,-9999,    9
196320,20180703,-9999,    9
196320,20180704,-9999,    9
196320,20180705,-9999,    9
196320,20180706,-9999,    9
196320,20180707,-9999,    9
196320,20180708,-9999,    9
196320,20180709,-9999,    9
196320,20180710,-9999,    9
196320,20180711,-9999,    9
196320,20180712,-9999,    9
196320,20180713,-9999,    9
196320,20180714,-9999,    9
196320,20180715,-9999,    9
196320,20180716,-9999,    9
196320,20180717,-9999,    9
196320,20180718,-9999,    9
196320,20180719,-9999,    9
196320,20180720,-9999,    9
196320,20180721,-9999,    9
196320,20180722,-9999,    9
196320,20180723,-9999,    9
196320,20180724,-9999,    9
196320,20180725,-9999,    9
196320,20180726,-9999,    9
196320,20180727,-9999,    9
196320,20180728,-9999,    9
196320,20180729,-9999,    9
196320,20180730,-9999,    9
196320,20180731,-9999,    9
196320,20180801,-9999,    9
196320,20180802,-9999,    9
196320,20180803,-9999,    9
196320,20180804,-9999,    9
196320,20180805,-9999,    9
196320,20180806,-9999,    9
196320,20180807,-9999,    9
196320,20180808,-9999,    9
196320,20180809,-9999,    9
196320,20180810,-9999,    9
196320,20180811,-9999,    9
196320,20180812,-9999,    9
196320,20180813,-9999,    9
196320,20180814,-9999,    9
196320,20180815,-9999,    9
196320,20180816,-9999,    9
196320,20180817,-9999,    9
196320,20180818,-9999,    9
196320,20180819,-9999,    9
196320,20180820,-9999,    9
196320,20180821,-9999,    9
196320,20180822,-9999,    9
196320,20180823,-9999,    9
196320,20180824,-9999,    9
196320,20180825,-9999,    9
196320,20180826,-9999,    9
196320,20180827,-9999,    9
196320,20180828,-9999,    9
196320,20180829,-9999,    9
196320,20180830,-9999,    9
196320,20180831,-9999,    9
196320,20180901,-9999,    9
196320,20180902,-9999,    9
196320,20180903,-9999,    9
196320,20180904,-9999,    9
196320,20180905,-9999,    9
196320,20180906,-9999,    9
196320,20180907,-9999,    9
196320,20180908,-9999,    9
196320,20180909,-9999,    9
196320,20180910,-9999,    9
196320,20180911,-9999,    9
196320,20180912,-9999,    9
196320,20180913,-9999,    9
196320,20180914,-9999,    9
196320,20180915,-9999,    9
196320,20180916,-9999,    9
196320,20180917,-9999,    9
196320,20180918,-9999,    9
196320,20180919,-9999,    9
196320,20180920,-9999,    9
196320,20180921,-9999,    9
196320,20180922,-9999,    9
196320,20180923,-9999,    9
196320,20180924,-9999,    9
196320,20180925,-9999,    9
196320,20180926,-9999,    9
196320,20180927,-9999,    9
196320,20180928,-9999,    9
196320,20180929,-9999,    9
196320,20180930,-9999,    9
196320,20181001,-9999,    9
196320,20181002,-9999,    9
196320,20181003,-9999,    9
196320,20181004,-9999,    9
196320,20181005,-9999,    9
196320,20181006,-9999,    9
196320,20181007,-9999,    9
196320,20181008,-9999,    9
196320,20181009,-9999,    9
196320,20181010,-9999,    9
196320,20181011,-9999,    9
196320,20181012,-9999,    9
196320,20181013,-9999,    9
196320,20181014,-9999,    9
196320,20181015,-9999,    9
196320,20181016,-9999,    9
196320,20181017,-9999,    9
196320,20181018,-9999,    9
196320,20181019,-9999,    9
196320,20181020,-9999,    9
196320,20181021,-9999,    9
196320,20181022,-9999,    9
196320,20181023,-9999,    9
196320,20181024,-9999,    9
196320,20181025,-9999,    9
196320,20181026,-9999,    9
196320,20181027,-9999,    9
196320,20181028,-9999,    9
196320,20181029,-9999,    9
196320,20181030,-9999,    9
196320,20181031,-9999,    9
196320,20181101,-9999,    9
196320,20181102,-9999,    9
196320,20181103,-9999,    9
196320,20181104,-9999,    9
196320,20181105,-9999,    9
196320,20181106,-9999,    9
194176,20181107,  154,    0
194176,20181108,  142,    0
194176,20181109,  133,    0
194176,20181110,  135,    0
194176,20181111,  142,    0
194176,20181112,  139,    0
194176,20181113,  147,    0
194176,20181114,  130,    0
194176,20181115,  111,    0
194176,20181116,   95,    0
194176,20181117,   86,    0
194176,20181118,   57,    0
194176,20181119,   58,    0
194176,20181120,   55,    0
194176,20181121,   81,    0
194176,20181122,   85,    0
194176,20181123,   95,    0
194176,20181124,  110,    0
194176,20181125,   96,    0
194176,20181126,   96,    0
194176,20181127,   97,    0
194176,20181128,   80,    0
194176,20181129,   40,    0
194176,20181130,   28,    0
194176,20181201,   54,    0
194176,20181202,   57,    0
194176,20181203,   79,    0
194176,20181204,   66,    0
194176,20181205,   51,    0
194176,20181206,   79,    0
194176,20181207,   66,    0
194176,20181208,   77,    0
194176,20181209,   38,    0
194176,20181210,   64,    0
194176,20181211,   37,    0
194176,20181212,   16,    0
194176,20181213,   31,    0
194176,20181214,   30,    0
194176,20181215,    4,    0
194176,20181216,    1,    0
194176,20181217,   13,    0
194176,20181218,   -4,    0
194176,20181219,    1,    0
194176,20181220,   19,    0
194176,20181221,   17,    0
194176,20181222,   38,    0
194176,20181223,   49,    0
194176,20181224,   44,    0
194176,20181225,   40,    0
194176,20181226,   18,    0
194176,20181227,   13,    0
194176,20181228,   11,    0
194176,20181229,    3,    0
194176,20181230,   12,    0
194176,20181231,   20,    0
194176,20190101,   20,    0
194176,20190102,   16,    0
194176,20190103,    5,    0
194176,20190104,    3,    0
194176,20190105,  -14,    0
194176,20190106,    3,    0
194176,20190107,    5,    0
194176,20190108,   -3,    0
194176,20190109,    0,    0
194176,20190110,    9,    0
194176,20190111,   14,    0
194176,20190112,    6,    0
194176,20190113,   18,    0
194176,20190114,   42,    0
194176,20190115,   46,    0
194176,20190116,   47,    0
194176,20190117,   83,    0
194176,20190118,   59,    0
194176,20190119,   46,    0
194176,20190120,   28,    0
194176,20190121,   34,    0
194176,20190122,   28,    0
194176,20190123,   21,    0
194176,20190124,   35,    0
194176,20190125,   19,    0
194176,20190126,   10,    0
194176,20190127,   19,    0
194176,20190128,   33,    0
194176,20190129,   40,    0
194176,20190130,   20,    0
194176,20190131,   32,    0
194176,20190201,   40,    0
194176,20190202,   41,    0
194176,20190203,   60,    0
194176,20190204,   62,    0
194176,20190205,   40,    0
194176,20190206,   43,    0
194176,20190207,   43,    0
194176,20190208,   54,    0
194176,20190209,   57,    0
194176,20190210,  101,    0
194176,20190211,   69,    0
194176,20190212,   63,    0
194176,20190213,   55,    0
194176,20190214,   47,    0
194176,20190215,   50,    0
194176,20190216,   55,    0
194176,20190217,   68,    0
194176,20190218,   73,    0
196320,20190219,-9999,    9
196320,20190220,-9999,    9
194176,20190221,   53,    0
194176,20190222,   77,    0
194176,20190223,   51,    0
194176,20190224,   41,    0
194176,20190225,   74,    0
194176,20190226,   95,    0
196320,20190227,-9999,    9
196320,20190228,-9999,    9
194176,20190301,   75,    0
194176,20190302,   83,    0
194176,20190303,   79,    0
194176,20190304,   95,    0
194176,20190305,  111,    0
194176,20190306,   88,    0
194176,20190307,  145,    0
194176,20190308,  139,    0
194176,20190309,  121,    0
194176,20190310,  119,    0
194176,20190311,  104,    0
194176,20190312,   77,    0
194176,20190313,   63,    0
194176,20190314,   75,    0
194176,20190315,   96,    0
194176,20190316,  110,    0
194176,20190317,  114,    0
194176,20190318,   95,    0
194176,20190319,   78,    0
194176,20190320,   82,    0
194176,20190321,   78,    0
194176,20190322,   99,    0
194176,20190323,  119,    0
194176,20190324,  138,    0
194176,20190325,  143,    0
194176,20190326,   89,    0
196320,20190327,-9999,    9
194176,20190328,   91,    0
194176,20190329,   92,    0
194176,20190330,  112,    0
194176,20190331,  122,    0
194176,20190401,  130,    0
194176,20190402,  137,    0
196320,20190403,-9999,    9
194176,20190404,  128,    0
194176,20190405,  102,    0
194176,20190406,  114,    0
194176,20190407,  122,    0
194176,20190408,  116,    0
194176,20190409,  132,    0
194176,20190410,  131,    0
194176,20190411,  129,    0
196320,20190412,-9999,    9
194176,20190413,   97,    0
194176,20190414,   96,    0
194176,20190415,  122,    0
196320,20190416,-9999,    9
194176,20190417,  137,    0
194176,20190418,  138,    0
194176,20190419,  139,    0
194176,20190420,  144,    0
194176,20190421,  146,    0
194176,20190422,  149,    0
194176,20190423,  149,    0
194176,20190424,  166,    0
194176,20190425,  155,    0
194176,20190426,  171,    0
194176,20190427,  159,    0
194176,20190428,  108,    0
194176,20190429,   96,    0
194176,20190430,  143,    0
194176,20190501,  162,    0
194176,20190502,  168,    0
194176,20190503,  153,    0
194176,20190504,  147,    0
194176,20190505,   94,    0
194176,20190506,  107,    0
194176,20190507,  120,    0
194176,20190508,  135,    0
194176,20190509,  147,    0
194176,20190510,  162,    0
194176,20190511,  169,    0
194176,20190512,  121,    0
194176,20190513,  130,    0
194176,20190514,  118,    0
196320,20190515,-9999,    9
194176,20190516,  126,    0
194176,20190517,  142,    0
194176,20190518,  145,    0
194176,20190519,  148,    0
194176,20190520,  157,    0
194176,20190521,  171,    0
194176,20190522,  174,    0
194176,20190523,  189,    0
194176,20190524,  195,    0
194176,20190525,  195,    0
194176,20190526,  180,    0
194176,20190527,  160,    0
194176,20190528,  177,    0
194176,20190529,  142,    0
194176,20190530,  170,    0
196320,20190531,-9999,    9
196320,20190601,-9999,    9
196320,20190602,-9999,    9
196320,20190603,-9999,    9
196320,20190604,-9999,    9
196320,20190605,-9999,    9
196320,20190606,-9999,    9
196320,20190607,-9999,    9
196320,20190608,-9999,    9
196320,20190609,-9999,    9
196320,20190610,-9999,    9
196320,20190611,-9999,    9
196320,20190612,-9999,    9
196320,20190613,-9999,    9
196320,20190614,-9999,    9
196320,20190615,-9999,    9
196320,20190616,-9999,    9
196320,20190617,-9999,    9
196320,20190618,-9999,    9
196320,20190619,-9999,    9
196320,20190620,-9999,    9
196320,20190621,-9999,    9
196320,20190622,-9999,    9
196320,20190623,-9999,    9
196320,20190624,-9999,    9
196320,20190625,-9999,    9
196320,20190626,-9999,    9
196320,20190627,-9999,    9
196320,20190628,-9999,    9
196320,20190629,-9999,    9
196320,20190630,-9999,    9
196320,20190701,-9999,    9
196320,20190702,-9999,    9
196320,20190703,-9999,    9
196320,20190704,-9999,    9
196320,20190705,-9999,    9
196320,20190706,-9999,    9
196320,20190707,-9999,    9
196320,20190708,-9999,    9
196320,20190709,-9999,    9
196320,20190710,-9999,    9
196320,20190711,-9999,    9
196320,20190712,-9999,    9
196320,20190713,-9999,    9
196320,20190714,-9999,    9
196320,20190715,-9999,    9
196320,20190716,-9999,    9
196320,20190717,-9999,    9
196320,20190718,-9999,    9
196320,20190719,-9999,    9
196320,20190720,-9999,    9
196320,20190721,-9999,    9
196320,20190722,-9999,    9
196320,20190723,-9999,    9
196320,20190724,-9999,    9
196320,20190725,-9999,    9
196320,20190726,-9999,    9
196320,20190727,-9999,    9
196320,20190728,-9999,    9
196320,20190729,-9999,    9
196320,20190730,-9999,    9
196320,20190731,-9999,    9
196320,20190801,-9999,    9
196320,20190802,-9999,    9
196320,20190803,-9999,    9
196320,20190804,-9999,    9
196320,20190805,-9999,    9
196320,20190806,-9999,    9
196320,20190807,-9999,    9
196320,20190808,-9999,    9
196320,20190809,-9999,    9
196320,20190810,-9999,    9
196320,20190811,-9999,    9
196320,20190812,-9999,    9
196320,20190813,-9999,    9
196320,20190814,-9999,    9
196320,20190815,-9999,    9
196320,20190816,-9999,    9
196320,20190817,-9999,    9
196320,20190818,-9999,    9
196320,20190819,-9999,    9
196320,20190820,-9999,    9
196320,20190821,-9999,    9
196320,20190822,-9999,    9
196320,20190823,-9999,    9
196320,20190824,-9999,    9
196320,20190825,-9999,    9
196320,20190826,-9999,    9
196320,20190827,-9999,    9
196320,20190828,-9999,    9
196320,20190829,-9999,    9
196320,20190830,-9999,    9
196320,20190831,-9999,    9
196320,20190901,-9999,    9
196320,20190902,-9999,    9
196320,20190903,-9999,    9
196320,20190904,-9999,    9
196320,20190905,-9999,    9
196320,20190906,-9999,    9
196320,20190907,-9999,    9
196320,20190908,-9999,    9
196320,20190909,-9999,    9
196320,20190910,-9999,    9
196320,20190911,-9999,    9
196320,20190912,-9999,    9
196320,20190913,-9999,    9
196320,20190914,-9999,    9
196320,20190915,-9999,    9
196320,20190916,-9999,    9
196320,20190917,-9999,    9
196320,20190918,-9999,    9
196320,20190919,-9999,    9
196320,20190920,-9999,    9
196320,20190921,-9999,    9
196320,20190922,-9999,    9
196320,20190923,-9999,    9
196320,20190924,-9999,    9
196320,20190925,-9999,    9
196320,20190926,-9999,    9
196320,20190927,-9999,    9
196320,20190928,-9999,    9
196320,20190929,-9999,    9
196320,20190930,-9999,    9
196320,20191001,-9999,    9
196320,20191002,-9999,    9
196320,20191003,-9999,    9
196320,20191004,-9999,    9
196320,20191005,-9999,    9
196320,20191006,-9999,    9
196320,20191007,-9999,    9
196320,20191008,-9999,    9
196320,20191009,-9999,    9
196320,20191010,-9999,    9
196320,20191011,-9999,    9
196320,20191012,-9999,    9
196320,20191013,-9999,    9
196320,20191014,-9999,    9
196320,20191015,-9999,    9
196320,20191016,-9999,    9
196320,20191017,-9999,    9
196320,20191018,-9999,    9
196320,20191019,-9999,    9
196320,20191020,-9999,    9
196320,20191021,-9999,    9
196320,20191022,-9999,    9
196320,20191023,-9999,    9
196320,20191024,-9999,    9
196320,20191025,-9999,    9
196320,20191026,-9999,    9
196320,20191027,-9999,    9
196320,20191028,-9999,    9
196320,20191029,-9999,    9
196320,20191030,-9999,    9
196320,20191031,-9999,    9
196320,20191101,-9999,    9
196320,20191102,-9999,    9
196320,20191103,-9999,    9
196320,20191104,-9999,    9
196320,20191105,-9999,    9
196320,20191106,-9999,    9
196320,20191107,-9999,    9
196320,20191108,-9999,    9
196320,20191109,-9999,    9
196320,20191110,-9999,    9
196320,20191111,-9999,    9
196320,20191112,-9999,    9
196320,20191113,-9999,    9
196320,20191114,-9999,    9
196320,20191115,-9999,    9
196320,20191116,-9999,    9
196320,20191117,-9999,    9
196320,20191118,-9999,    9
196320,20191119,-9999,    9
196320,20191120,-9999,    9
196320,20191121,-9999,    9
196320,20191122,-9999,    9
196320,20191123,-9999,    9
196320,20191124,-9999,    9
196320,20191125,-9999,    9
196320,20191126,-9999,    9
196320,20191127,-9999,    9
196320,20191128,-9999,    9
196320,20191129,-9999,    9
196320,20191130,-9999,    9
196320,20191201,-9999,    9
196320,20191202,-9999,    9
196320,20191203,-9999,    9
196320,20191204,-9999,    9
196320,20191205,-9999,    9
196320,20191206,-9999,    9
196320,20191207,-9999,    9
196320,20191208,-9999,    9
196320,20191209,-9999,    9
196320,20191210,-9999,    9
196320,20191211,-9999,    9
196320,20191212,-9999,    9
196320,20191213,-9999,    9
196320,20191214,-9999,    9
196320,20191215,-9999,    9
196320,20191216,-9999,    9
196320,20191217,-9999,    9
196320,20191218,-9999,    9
196320,20191219,-9999,    9
196320,20191220,-9999,    9
196320,20191221,-9999,    9
196320,20191222,-9999,    9
196320,20191223,-9999,    9
196320,20191224,-9999,    9
196320,20191225,-9999,    9
196320,20191226,-9999,    9
196320,20191227,-9999,    9
196320,20191228,-9999,    9
196320,20191229,-9999,    9
196320,20191230,-9999,    9
194176,20191231,   26,    0
194176,20200101,   24,    0
194176,20200102,   25,    0
194176,20200103,   36,    0
194176,20200104,   52,    0
194176,20200105,   43,    0
194176,20200106,   31,    0
194176,20200107,    6,    0
194176,20200108,    5,    0
194176,20200109,   11,    0
194176,20200110,   23,    0
194176,20200111,   35,    0
194176,20200112,   27,    0
194176,20200113,    2,    0
194176,20200114,   20,    0
194176,20200115,   53,    0
194176,20200116,   54,    0
194176,20200117,   64,    0
194176,20200118,   71,    0
194176,20200119,   71,    0
194176,20200120,   52,    0
194176,20200121,   32,    0
194176,20200122,   34,    0
194176,20200123,   26,    0
194176,20200124,   40,    0
194176,20200125,   56,    0
194176,20200126,   60,    0
194176,20200127,   60,    0
194176,20200128,   88,    0
194176,20200129,   70,    0
194176,20200130,   60,    0
196320,20200131,-9999,    9
196320,20200201,-9999,    9
196320,20200202,-9999,    9
196320,20200203,-9999,    9
196320,20200204,-9999,    9
196320,20200205,-9999,    9
196320,20200206,-9999,    9
196320,20200207,-9999,    9
196320,20200208,-9999,    9
196320,20200209,-9999,    9
196320,20200210,-9999,    9
196320,20200211,-9999,    9
196320,20200212,-9999,    9
196320,20200213,-9999,    9
196320,20200214,-9999,    9
196320,20200215,-9999,    9
196320,20200216,-9999,    9
196320,20200217,-9999,    9
196320,20200218,-9999,    9
196320,20200219,-9999,    9
196320,20200220,-9999,    9
196320,20200221,-9999,    9
196320,20200222,-9999,    9
196320,20200223,-9999,    9
196320,20200224,-9999,    9
196320,20200225,-9999,    9
196320,20200226,-9999,    9
196320,20200227,-9999,    9
196320,20200228,-9999,    9
196320,20200229,-9999,    9
196320,20200301,-9999,    9
196320,20200302,-9999,    9
196320,20200303,-9999,    9
196320,20200304,-9999,    9
196320,20200305,-9999,    9
196320,20200306,-9999,    9
196320,20200307,-9999,    9
196320,20200308,-9999,    9
196320,20200309,-9999,    9
196320,20200310,-9999,    9
196320,20200311,-9999,    9
196320,20200312,-9999,    9
196320,20200313,-9999,    9
196320,20200314,-9999,    9
196320,20200315,-9999,    9
196320,20200316,-9999,    9
196320,20200317,-9999,    9
196320,20200318,-9999,    9
196320,20200319,-9999,    9
196320,20200320,-9999,    9
196320,20200321,-9999,    9
196320,20200322,-9999,    9
196320,20200323,-9999,    9
196320,20200324,-9999,    9
196320,20200325,-9999,    9
196320,20200326,-9999,    9
196320,20200327,-9999,    9
196320,20200328,-9999,    9
196320,20200329,-9999,    9
196320,20200330,-9999,    9
196320,20200331,-9999,    9
196320,20200401,-9999,    9
196320,20200402,-9999,    9
196320,20200403,-9999,    9
196320,20200404,-9999,    9
196320,20200405,-9999,    9
196320,20200406,-9999,    9
196320,20200407,-9999,    9
196320,20200408,-9999,    9
196320,20200409,-9999,    9
196320,20200410,-9999,    9
196320,20200411,-9999,    9
196320,20200412,-9999,    9
196320,20200413,-9999,    9
196320,20200414,-9999,    9
196320,20200415,-9999,    9
196320,20200416,-9999,    9
196320,20200417,-9999,    9
196320,20200418,-9999,    9
196320,20200419,-9999,    9
196320,20200420,-9999,    9
196320,20200421,-9999,    9
196320,20200422,-9999,    9
196320,20200423,-9999,    9
196320,20200424,-9999,    9
196320,20200425,-9999,    9
196320,20200426,-9999,    9
196320,20200427,-9999,    9
196320,20200428,-9999,    9
196320,20200429,-9999,    9
196320,20200430,-9999,    9
196320,20200501,-9999,    9
196320,20200502,-9999,    9
196320,20200503,-9999,    9
196320,20200504,-9999,    9
196320,20200505,-9999,    9
196320,20200506,-9999,    9
196320,20200507,-9999,    9
196320,20200508,-9999,    9
196320,20200509,-9999,    9
196320,20200510,-9999,    9
196320,20200511,-9999,    9
196320,20200512,-9999,    9
196320,20200513,-9999,    9
196320,20200514,-9999,    9
196320,20200515,-9999,    9
196320,20200516,-9999,    9
196320,20200517,-9999,    9
196320,20200518,-9999,    9
196320,20200519,-9999,    9
196320,20200520,-9999,    9
196320,20200521,-9999,    9
196320,20200522,-9999,    9
196320,20200523,-9999,    9
196320,20200524,-9999,    9
196320,20200525,-9999,    9
196320,20200526,-9999,    9
196320,20200527,-9999,    9
196320,20200528,-9999,    9
196320,20200529,-9999,    9
196320,20200530,-9999,    9
196320,20200531,-9999,    9
196320,20200601,-9999,    9
196320,20200602,-9999,    9
196320,20200603,-9999,    9
196320,20200604,-9999,    9
196320,20200605,-9999,    9
196320,20200606,-9999,    9
196320,20200607,-9999,    9
196320,20200608,-9999,    9
196320,20200609,-9999,    9
196320,20200610,-9999,    9
196320,20200611,-9999,    9
196320,20200612,-9999,    9
196320,20200613,-9999,    9
196320,20200614,-9999,    9
196320,20200615,-9999,    9
196320,20200616,-9999,    9
196320,20200617,-9999,    9
196320,20200618,-9999,    9
196320,20200619,-9999,    9
196320,20200620,-9999,    9
196320,20200621,-9999,    9
196320,20200622,-9999,    9
196320,20200623,-9999,    9
196320,20200624,-9999,    9
196320,20200625,-9999,    9
196320,20200626,-9999,    9
196320,20200627,-9999,    9
196320,20200628,-9999,    9
196320,20200629,-9999,    9
196320,20200630,-9999,    9
196320,20200701,-9999,    9
196320,20200702,-9999,    9
196320,20200703,-9999,    9
196320,20200704,-9999,    9
196320,20200705,-9999,    9
196320,20200706,-9999,    9
196320,20200707,-9999,    9
196320,20200708,-9999,    9
196320,20200709,-9999,    9
196320,20200710,-9999,    9
196320,20200711,-9999,    9
196320,20200712,-9999,    9
196320,20200713,-9999,    9
196320,20200714,-9999,    9
196320,20200715,-9999,    9
196320,20200716,-9999,    9
196320,20200717,-9999,    9
196320,20200718,-9999,    9
196320,20200719,-9999,    9
196320,20200720,-9999,    9
196320,20200721,-9999,    9
196320,20200722,-9999,    9
196320,20200723,-9999,    9
196320,20200724,-9999,    9
196320,20200725,-9999,    9
196320,20200726,-9999,    9
196320,20200727,-9999,    9
196320,20200728,-9999,    9
196320,20200729,-9999,    9
196320,20200730,-9999,    9
196320,20200731,-9999,    9
196320,20200801,-9999,    9
196320,20200802,-9999,    9
196320,20200803,-9999,    9
196320,20200804,-9999,    9
196320,20200805,-9999,    9
196320,20200806,-9999,    9
196320,20200807,-9999,    9
196320,20200808,-9999,    9
196320,20200809,-9999,    9
196320,20200810,-9999,    9
196320,20200811,-9999,    9
196320,20200812,-9999,    9
196320,20200813,-9999,    9
196320,20200814,-9999,    9
196320,20200815,-9999,    9
196320,20200816,-9999,    9
196320,20200817,-9999,    9
196320,20200818,-9999,    9
196320,20200819,-9999,    9
196320,20200820,-9999,    9
196320,20200821,-9999,    9
196320,20200822,-9999,    9
196320,20200823,-9999,    9
196320,20200824,-9999,    9
196320,20200825,-9999,    9
196320,20200826,-9999,    9
196320,20200827,-9999,    9
196320,20200828,-9999,    9
196320,20200829,-9999,    9
196320,20200830,-9999,    9
196320,20200831,-9999,    9
196320,20200901,-9999,    9
196320,20200902,-9999,    9
196320,20200903,-9999,    9
196320,20200904,-9999,    9
196320,20200905,-9999,    9
196320,20200906,-9999,    9
196320,20200907,-9999,    9
196320,20200908,-9999,    9
196320,20200909,-9999,    9
196320,20200910,-9999,    9
196320,20200911,-9999,    9
196320,20200912,-9999,    9
196320,20200913,-9999,    9
196320,20200914,-9999,    9
196320,20200915,-9999,    9
196320,20200916,-9999,    9
196320,20200917,-9999,    9
196320,20200918,-9999,    9
196320,20200919,-9999,    9
196320,20200920,-9999,    9
196320,20200921,-9999,    9
196320,20200922,-9999,    9
196320,20200923,-9999,    9
196320,20200924,-9999,    9
196320,20200925,-9999,    9
196320,20200926,-9999,    9
196320,20200927,-9999,    9
196320,20200928,-9999,    9
196320,20200929,-9999,    9
196320,20200930,-9999,    9
196320,20201001,-9999,    9
196320,20201002,-9999,    9
196320,20201003,-9999,    9
196320,20201004,-9999,    9
196320,20201005,-9999,    9
196320,20201006,-9999,    9
196320,20201007,-9999,    9
196320,20201008,-9999,    9
196320,20201009,-9999,    9
196320,20201010,-9999,    9
196320,20201011,-9999,    9
196320,20201012,-9999,    9
196320,20201013,-9999,    9
196320,20201014,-9999,    9
196320,20201015,-9999,    9
196320,20201016,-9999,    9
196320,20201017,-9999,    9
196320,20201018,-9999,    9
196320,20201019,-9999,    9
196320,20201020,-9999,    9
196320,20201021,-9999,    9
196320,20201022,-9999,    9
196320,20201023,-9999,    9
196320,20201024,-9999,    9
196320,20201025,-9999,    9
196320,20201026,-9999,    9
196320,20201027,-9999,    9
196320,20201028,-9999,    9
196320,20201029,-9999,    9
196320,20201030,-9999,    9
196320,20201031,-9999,    9
196320,20201101,-9999,    9
196320,20201102,-9999,    9
196320,20201103,-9999,    9
196320,20201104,-9999,    9
196320,20201105,-9999,    9
196320,20201106,-9999,    9
196320,20201107,-9999,    9
196320,20201108,-9999,    9
196320,20201109,-9999,    9
196320,20201110,-9999,    9
196320,20201111,-9999,    9
196320,20201112,-9999,    9
196320,20201113,-9999,    9
196320,20201114,-9999,    9
196320,20201115,-9999,    9
196320,20201116,-9999,    9
196320,20201117,-9999,    9
196320,20201118,-9999,    9
196320,20201119,-9999,    9
196320,20201120,-9999,    9
196320,20201121,-9999,    9
196320,20201122,-9999,    9
196320,20201123,-9999,    9
196320,20201124,-9999,    9
196320,20201125,-9999,    9
196320,20201126,-9999,    9
196320,20201127,-9999,    9
196320,20201128,-9999,    9
196320,20201129,-9999,    9
196320,20201130,-9999,    9
196320,20201201,-9999,    9
196320,20201202,-9999,    9
196320,20201203,-9999,    9
196320,20201204,-9999,    9
196320,20201205,-9999,    9
196320,20201206,-9999,    9
196320,20201207,-9999,    9
196320,20201208,-9999,    9
196320,20201209,-9999,    9
196320,20201210,-9999,    9
196320,20201211,-9999,    9
196320,20201212,-9999,    9
196320,20201213,-9999,    9
196320,20201214,-9999,    9
196320,20201215,-9999,    9
196320,20201216,-9999,    9
196320,20201217,-9999,    9
196320,20201218,-9999,    9
196320,20201219,-9999,    9
196320,20201220,-9999,    9
196320,20201221,-9999,    9
196320,20201222,-9999,    9
196320,20201223,-9999,    9
196320,20201224,-9999,    9
196320,20201225,-9999,    9
196320,20201226,-9999,    9
196320,20201227,-9999,    9
196320,20201228,-9999,    9
196320,20201229,-9999,    9
196320,20201230,-9999,    9
196320,20201231,-9999,    9
196320,20210101,-9999,    9
196320,20210102,-9999,    9
196320,20210103,-9999,    9
196320,20210104,-9999,    9
196320,20210105,-9999,    9
196320,20210106,-9999,    9
196320,20210107,-9999,    9
196320,20210108,-9999,    9
196320,20210109,-9999,    9
196320,20210110,-9999,    9
196320,20210111,-9999,    9
196320,20210112,-9999,    9
196320,20210113,-9999,    9
196320,20210114,-9999,    9
196320,20210115,-9999,    9
196320,20210116,-9999,    9
196320,20210117,-9999,    9
196320,20210118,-9999,    9
196320,20210119,-9999,    9
196320,20210120,-9999,    9
196320,20210121,-9999,    9
196320,20210122,-9999,    9
196320,20210123,-9999,    9
196320,20210124,-9999,    9
196320,20210125,-9999,    9
196320,20210126,-9999,    9
196320,20210127,-9999,    9
196320,20210128,-9999,    9
196320,20210129,-9999,    9
196320,20210130,-9999,    9
196320,20210131,-9999,    9
196320,20210201,-9999,    9
196320,20210202,-9999,    9
196320,20210203,-9999,    9
196320,20210204,-9999,    9
196320,20210205,-9999,    9
196320,20210206,-9999,    9
196320,20210207,-9999,    9
196320,20210208,-9999,    9
196320,20210209,-9999,    9
196320,20210210,-9999,    9
196320,20210211,-9999,    9
196320,20210212,-9999,    9
196320,20210213,-9999,    9
196320,20210214,-9999,    9
196320,20210215,-9999,    9
196320,20210216,-9999,    9
196320,20210217,-9999,    9
196320,20210218,-9999,    9
196320,20210219,-9999,    9
196320,20210220,-9999,    9
196320,20210221,-9999,    9
196320,20210222,-9999,    9
196320,20210223,-9999,    9
196320,20210224,-9999,    9
196320,20210225,-9999,    9
196320,20210226,-9999,    9
196320,20210227,-9999,    9
196320,20210228,-9999,    9
196320,20210301,-9999,    9
196320,20210302,-9999,    9
196320,20210303,-9999,    9
196320,20210304,-9999,    9
196320,20210305,-9999,    9
196320,20210306,-9999,    9
196320,20210307,-9999,    9
196320,20210308,-9999,    9
196320,20210309,-9999,    9
196320,20210310,-9999,    9
196320,20210311,-9999,    9
196320,20210312,-9999,    9
196320,20210313,-9999,    9
196320,20210314,-9999,    9
196320,20210315,-9999,    9
196320,20210316,-9999,    9
196320,20210317,-9999,    9
196320,20210318,-9999,    9
196320,20210319,-9999,    9
196320,20210320,-9999,    9
196320,20210321,-9999,    9
196320,20210322,-9999,    9
196320,20210323,-9999,    9
196320,20210324,-9999,    9
196320,20210325,-9999,    9
196320,20210326,-9999,    9
196320,20210327,-9999,    9
196320,20210328,-9999,    9
196320,20210329,-9999,    9
196320,20210330,-9999,    9
196320,20210331,-9999,    9
